-0.0043696
-0.0024287
-0.16989
0.011248
0.67711
-0.453
-0.010008
-0.0033822
-0.7472
0.34105
0.44609
-0.3081
-1.2756
0.0034322
1.3362
-0.0047541
0.32137
-0.085624
-0.0083238
0.0011994
-0.0036792
0.00028712
-0.0058275
0.00060458
-0.64238
-0.0081176
0.33431
-1.2282
0.25188
0.59418
-0.80426
1.4598
-0.49025
0.019062
-0.41713
-0.97762
1.3056
-0.1436
-0.36656
-0.36919
0.76498
0.71079
0.10693
-0.4251
0.048876
-0.00029238
-0.0014163
-0.24344
0.01124
0.2432
-0.75758
-0.0095659
-0.006349
-0.96764
0.43139
0.71001
-0.58
-1.4373
0.0043828
1.8711
-0.011825
0.77464
0.34936
0.0030666
-0.00045479
-0.0067611
0.0044709
-0.0040135
4.5705e-05
-0.75361
-0.011805
0.30254
-1.0804
0.32124
0.31126
-0.17261
1.6328
0.24011
0.021892
-1.0499
-1.0656
0.71946
-0.26022
0.35561
-0.67935
0.93291
0.83632
0.34686
-0.29917
-0.32546
0.0022175
-0.0047289
-0.1224
0.0084885
-0.79283
-1.0577
-0.0017536
-0.0081488
-0.78707
0.22171
0.60919
-0.75173
-0.70241
0.0030924
1.833
-0.01495
1.0052
0.74491
0.014095
-0.0036398
-0.0053757
0.0081931
0.0028058
0.0023587
-0.49608
-0.010853
-0.089962
-0.037077
0.17586
-0.51827
0.98042
0.54866
1.0231
0.0094344
-0.86258
-0.93478
-0.5654
-0.21572
1.1179
-0.93019
0.74913
0.52371
0.047462
0.49393
-0.80531
0.00042803
-0.013438
0.062888
0.0094937
-1.1694
-1.226
0.0037427
-0.002641
-0.24559
-0.13771
0.17659
-0.20838
0.37246
0.0046825
1.5317
-0.010183
0.71398
0.57798
0.0091224
-0.0042975
-0.00079358
0.0026974
0.0056804
0.00038422
-0.21491
-0.0079632
-0.533
0.6331
-0.080245
-0.75182
1.1222
-0.87064
0.71617
-0.01113
0.38725
-1.0713
-0.86338
0.1457
0.76823
-1.0982
0.5281
-0.12973
-0.40156
1.6389
-0.78434
-0.0032875
-0.025234
0.14599
0.010303
-0.33795
-1.2197
0.0038871
0.0053269
0.2287
-0.41758
-0.14993
0.94622
0.87247
0.0071637
1.1102
-0.0041665
0.0014426
-0.1273
0.00066144
0.001673
0.0048685
-0.0077923
0.0029276
-0.0040528
-0.073871
-0.0055994
-0.59969
0.68212
-0.28083
-0.081456
0.19747
-1.5415
-0.30618
-0.024657
1.2053
-1.3352
-0.24017
0.51395
-0.46429
-1.143
0.25966
-0.65156
-0.56209
2.2478
-0.18277
-0.0059182
-0.023339
0.080995
0.0037225
0.5023
-0.94371
0.001031
0.0098943
0.28579
-0.40267
-0.22254
1.2899
0.62145
0.00499
0.6005
-0.00012719
-0.45694
-0.58891
-0.0049202
0.003621
0.0052567
-0.01051
0.00086747
-0.0091481
0.055968
-0.0044711
-0.19218
0.40408
-0.27797
0.45215
-0.52487
-1.2294
-0.71983
-0.023072
0.85484
-1.1717
0.27364
0.52868
-1.0893
-0.87588
-0.031845
-0.67502
-0.44654
1.8604
0.27059
-0.00056966
-0.0043256
-0.30733
0.014102
0.70037
0.11085
-0.014646
-0.00081083
-0.62205
0.43799
0.13269
-0.23949
-1.3177
0.0012986
1.0032
-0.0031653
-0.31967
-0.16794
-0.014869
-0.00099822
-0.0037386
0.0018186
-0.01229
0.00071973
-0.72165
-0.0041001
0.52831
-1.5081
0.31838
0.83878
-1.1008
1.6134
-0.097568
0.028681
-0.48591
-1.1125
1.6814
0.79919
-0.64269
0.2017
0.90406
-0.088046
0.16165
-0.43377
-0.5525
0.0034034
0.0014084
-0.31952
0.011774
-0.070184
0.013382
-0.0097989
-0.0061655
-1.067
0.50488
0.61925
-0.5828
-0.95677
0.0015943
1.2376
-0.0057373
0.15595
0.40506
-0.0035111
-0.0022085
-0.0051717
0.011037
-0.0090837
0.0021651
-1.0607
-0.0067451
0.31857
-1.0631
0.37235
0.66868
-0.65294
1.8572
0.8313
0.035103
-1.1586
-1.0834
0.75661
1.0354
0.23495
0.11481
1.0016
-0.24205
0.7988
-0.6892
-0.99086
0.0025746
0.001064
-0.16697
0.0098132
-1.1902
-0.31052
0.0038435
-0.0077675
-1.3074
0.2097
0.77442
-0.96983
0.28047
0.0028921
0.90191
-0.010138
0.91553
0.86605
0.0066456
-0.004374
-0.0035918
0.014262
-0.0020769
0.0051873
-0.88635
-0.0080691
-0.4038
0.37808
0.17028
-0.49345
0.6995
0.79921
1.1596
0.016226
-0.89913
-0.70644
-0.92268
1.0964
1.2453
-0.28331
0.72572
-0.60392
0.66672
-0.38396
-1.0897
0.0032479
-0.01235
-0.083402
0.011441
-1.0416
-0.55437
0.009856
-0.0006274
-1.157
-0.22022
0.49765
-0.45994
1.1925
0.0084233
0.43348
-0.0042816
1.4332
0.52678
-0.00029142
-0.0037725
0.0019526
0.0065209
0.0030565
0.0019975
-0.43166
-0.0060011
-0.98979
0.93622
-0.1395
-1.161
1.2663
-0.64581
0.20698
-0.012824
0.56726
-0.55584
-1.1379
1.2075
1.0133
-0.80074
0.4197
-1.1199
-0.12019
0.61187
-0.4343
0.0056695
-0.024252
-0.13427
0.012214
0.3997
-0.60587
0.0089009
0.011208
-0.75228
-0.50791
0.17043
1.1189
1.0888
0.01507
0.073296
0.0032612
1.2396
-0.43832
-0.013439
0.0012262
0.0073636
-0.0094264
0.0029446
-0.0038713
-0.042988
0.0015941
-0.79652
0.6755
-0.35457
-0.50249
0.39517
-1.3719
-0.89652
-0.035321
1.2964
-0.59639
-0.20364
1.1979
-0.46462
-1.2007
0.046849
-1.3825
-0.72179
1.5615
0.48807
0.0025998
-0.025716
-0.19127
0.004567
1.1247
-0.46986
0.0038617
0.013144
-0.38822
-0.45106
0.028406
1.6676
0.36573
0.013444
-0.109
0.0050258
0.61147
-0.87728
-0.01739
0.0045083
0.0080782
-0.017374
-0.00068928
-0.0058011
0.11953
0.0024008
0.025415
0.31687
-0.31916
0.36142
-0.48993
-1.1356
-0.92143
-0.035103
0.78945
-0.49857
0.44882
0.92292
-1.2784
-1.1222
-0.21753
-1.0671
-0.71786
1.6094
0.71448
0.00068038
0.0016186
-0.58052
0.0097323
0.0068541
1.1882
-0.0167
0.0030381
0.48602
0.44321
-0.41134
-0.061561
-0.27583
-0.0075202
-0.32666
0.0028393
-0.99511
-0.17298
-0.014445
-0.0038
-0.0052218
-0.0011942
-0.015056
-0.002318
-0.083544
0.005237
0.53469
-1.583
0.31801
0.76585
-0.98307
0.65713
0.79581
0.032117
-0.39758
-0.57983
1.6151
1.0476
-0.78507
0.70671
0.78178
-1.0324
-0.30585
-0.078433
-0.98314
0.0026675
0.010852
-0.73059
0.007282
-0.84081
1.4257
-0.0083447
-0.00095766
0.2894
0.47017
0.054518
-0.36813
0.61524
-0.008165
-0.56856
0.0027498
-1.0866
0.38536
-0.008025
-0.004712
-0.0066641
0.0062664
-0.017751
0.00038657
-0.76531
0.0054871
0.096988
-0.77674
0.34594
0.99556
-1.048
0.72476
1.2704
0.037209
-0.94658
-0.42392
0.5783
1.3268
-0.023699
0.94109
0.87149
-1.3238
0.63343
-0.53137
-0.9493
0.0059317
0.0086335
-0.76554
0.0043535
-1.2492
1.2145
0.0064735
-0.0035443
-0.35968
0.14333
0.7299
-0.93781
1.3856
-0.0035773
-0.84145
-0.0023682
-0.45115
0.65715
-0.0053022
-0.0045493
-0.0054275
0.012189
-0.0126
0.0026008
-1.147
0.0029147
-0.75889
0.74392
0.12076
0.027009
-0.055708
0.27945
0.54427
0.015014
-0.61711
0.049867
-1.0397
1.189
0.9913
0.64894
0.67257
-1.2291
1.2602
-1.0016
-0.2009
0.010839
-0.0022439
-0.90758
0.0060907
-0.27679
1.0546
0.011149
0.0018957
-0.95887
-0.24925
1.1093
-0.66306
1.2505
0.007197
-0.99611
-0.0012309
0.68206
0.12925
-0.017182
-0.0034249
-0.0044697
0.0053835
-0.0073848
0.002054
-0.79102
0.0051801
-1.16
0.86861
-0.16507
-1.126
0.9263
-0.28552
-0.80745
-0.013332
0.64902
0.54144
-1.0737
0.85956
0.86003
-0.01343
0.32063
-0.94887
0.65081
-1.0058
0.83716
0.012207
-0.016021
-1.0073
0.003594
1.0605
1.0361
0.0080151
0.01218
-1.1465
-0.45806
1.1585
1.002
0.38998
0.014406
-0.99312
0.006788
1.3933
-0.71757
-0.028816
0.0015998
0.0018603
-0.010429
-0.0024074
-0.0030364
-0.15359
0.011248
-0.42439
0.29208
-0.32796
-1.0403
0.70007
-0.60837
-1.2946
-0.033653
1.0099
0.90822
-0.1504
0.53929
-0.48321
-0.7782
-0.20122
-0.64471
-0.44114
-0.53622
1.1911
0.0055146
-0.017041
-0.83734
-0.0024161
1.1399
0.80043
0.0046932
0.011215
-0.87601
-0.37359
0.80995
1.7656
-0.34942
0.012926
-0.72315
0.0092674
1.1932
-0.88572
-0.029575
0.0042508
0.0024581
-0.016619
0.00025883
-0.005307
0.1648
0.0085746
0.66076
-0.013022
-0.26778
-0.19604
-0.10826
-0.53054
-0.69698
-0.034205
0.38296
0.84945
0.42739
0.30453
-1.274
-1.018
-0.48965
-0.34234
-0.86175
-0.0020897
0.66124
-0.012212
0.0068443
-0.72067
0.00098223
-0.82623
1.1138
-0.017092
0.0024828
1.1025
0.50682
-0.81105
0.06061
0.70559
-0.018355
-0.95895
0.011473
-0.61345
0.33704
-0.0031155
-0.0045779
0.00015348
-0.0082565
-0.0093342
-0.0074573
1.164
0.0092725
0.22559
-1.553
0.37009
0.35486
-0.61662
-0.33361
1.2073
0.03157
-0.40777
-0.0038074
1.483
-0.22217
-0.6382
0.73328
0.57342
-0.73319
-1.1183
0.27981
-0.34961
-0.0077737
0.013251
-0.9839
-0.0034517
-1.295
1.2915
-0.010868
0.00053453
1.4603
0.53139
-0.63787
-0.17701
1.2891
-0.018485
-1.1499
0.0099971
-1.1452
0.75848
0.0090708
-0.0064201
-0.00075988
-0.0037183
-0.011981
-0.0032654
0.44297
0.010123
-0.36324
-0.50367
0.38734
1.1538
-1.1059
-0.40396
0.99438
0.032239
-0.83089
0.13136
0.47902
-0.38107
0.095396
0.98991
0.68623
-0.63008
-0.33677
0.023572
0.30045
0.0044065
0.0096867
-1.1198
-0.0042182
-0.67707
1.0701
0.0054833
-0.00329
1.2252
0.16597
0.19566
-0.83075
1.1092
-0.0098058
-0.9687
0.00072119
-1.3381
0.49552
0.0081101
-0.0063795
-0.0044518
0.0051899
-0.0096568
0.002732
-0.69814
0.0075908
-1.0801
0.97906
0.128
0.86787
-0.73828
-0.26979
-0.35987
0.010053
-0.3371
0.36029
-0.96308
-0.55278
1.0005
0.82223
0.56247
0.0073013
1.066
-0.52311
1.2498
0.014887
0.00081457
-1.2159
-0.0069714
0.61257
1.0559
0.011234
-0.00036943
0.64469
-0.25411
1.0789
-0.86123
0.28607
0.0020625
-0.79468
-0.0028808
-0.87927
-0.35225
-0.0030279
-0.0036039
-0.008908
0.0071377
-0.0066703
0.0024056
-0.95461
0.0072301
-0.84743
0.79407
-0.1833
-0.5053
0.44915
-0.097149
-1.347
-0.012387
0.79158
0.81382
-1.0084
-0.7306
0.81173
0.41022
0.11402
0.75325
1.325
-1.0358
1.5319
0.0090299
-0.0053963
-1.1441
-0.0091243
1.0432
1.1153
0.0079268
0.0032727
0.10888
-0.46388
1.4589
0.6718
-0.527
0.0096009
-0.69149
0.0023096
-0.11924
-0.95596
-0.018018
0.00063789
-0.0042262
-0.0024158
-0.00050914
-0.0023816
-0.46513
0.0086158
0.61527
0.04632
-0.33932
-1.303
1.0748
-0.10371
-0.89385
-0.026112
0.85399
1.3363
-0.3171
-0.79559
-0.52289
-0.29652
-0.57792
1.0849
0.42817
-1.2388
0.74459
-0.0029942
-0.0098236
-0.80344
-0.010644
0.50414
0.85566
0.00010822
0.0041144
-0.15061
-0.37521
1.1326
1.6607
-0.76894
0.0059619
-0.45645
0.0073032
0.29676
-0.80378
-0.022742
0.0041983
0.00042137
-0.0075791
0.0046037
-0.0039352
-0.014977
0.0068942
1.5042
-0.17816
-0.27143
-0.88846
0.63447
-0.12212
0.058345
-0.024778
0.1383
1.273
0.17106
-0.62358
-1.2938
-0.76149
-0.84507
0.85284
-0.40028
-0.8813
-0.2333
-0.022811
0.0090156
-0.087736
-0.011029
-1.0972
-0.039126
-0.02002
-0.0002742
0.17635
0.55479
-0.91579
0.064317
0.59925
-0.02159
-0.83807
0.010089
0.41433
1.1183
0.0093762
-0.0050436
0.0071712
-0.016044
0.0074535
-0.0089986
1.9992
0.0035171
-0.22355
-1.2784
0.39951
-0.21503
-0.25711
-0.40391
0.79942
0.020514
-0.51483
0.23621
1.3071
-1.1521
-0.4904
0.68583
0.067414
0.3188
-1.6092
0.21693
0.53389
-0.018242
0.0087418
0.11101
-0.012509
-0.89002
-0.17992
-0.013019
-0.00043496
0.60546
0.58177
-1.1533
-0.17542
0.5484
-0.023994
-0.82747
0.0095248
0.062024
1.3536
0.023571
-0.0059877
0.0074942
-0.014475
0.0047947
-0.0072357
1.8849
0.0044505
-0.85852
-0.1076
0.40846
0.88305
-0.94751
-0.39208
0.12505
0.016257
-0.8727
0.37601
0.38384
-1.4508
0.32992
0.87729
-0.044992
0.83185
-1.4189
0.15706
1.1656
-0.0030227
0.0044313
0.37854
-0.011329
0.4368
-0.37869
0.0053361
-0.0058353
1.0539
0.18231
-0.92209
-0.88421
-0.11701
-0.010591
-0.3718
-0.0034678
-0.68103
0.41498
0.026823
-0.001931
-0.00023685
-0.00055343
-0.00077839
0.0015984
0.59049
-0.002889
-1.1645
1.1955
0.11627
1.443
-1.1005
-0.11567
-1.0447
-0.0028572
-0.28665
0.36762
-0.89937
-1.3426
1.2439
0.77166
-0.24085
1.2078
0.11743
-0.037645
1.286
0.0084524
0.0049763
0.64873
-0.013574
1.2707
-0.36264
0.013337
-0.010459
1.3155
-0.302
-0.44195
-1.1498
-0.76789
0.0005045
-0.081948
-0.0092761
-1.23
-0.85213
0.017786
-0.0011669
-0.0058069
0.011315
-0.0018921
0.0066563
-0.36064
-0.0064658
-0.14063
0.86613
-0.23169
0.41077
-0.060133
0.10969
-1.1305
-0.017162
0.78421
0.55708
-1.0177
-1.0893
0.9791
0.62768
-0.68826
1.3138
1.3435
-0.3565
0.48535
0.0021119
0.0075989
0.78836
-0.016813
0.69558
-0.25019
0.0048646
-0.0090811
1.231
-0.53355
-0.025131
0.10427
-0.96776
0.0025318
-0.045672
-0.0059205
-1.2332
-1.2408
0.0011239
0.0020035
-0.0052855
0.0079496
0.0057462
0.0032593
-0.504
-0.0043379
1.6084
0.074843
-0.39499
-0.96965
1.1406
0.094134
0.083609
-0.020561
0.75935
1.0051
-0.52172
-0.83181
-0.4504
0.22629
-1.1927
1.1237
1.2345
-0.72508
-0.75357
-0.0090571
0.0035167
0.60585
-0.01684
-0.15605
-0.17013
-0.0049045
-0.0057295
0.77831
-0.42546
0.10077
1.2311
-0.73028
-0.00044706
-0.031028
0.00032607
-0.77008
-0.78759
-0.0085573
0.0029044
-0.00089907
-0.0011871
0.0081866
-0.0019205
-0.25156
-0.0040104
1.9231
-0.15088
-0.30851
-1.1285
1.1406
0.010857
0.88428
-0.015339
0.092848
1.0015
-0.072269
-0.54034
-1.2625
-0.28416
-1.1883
0.65707
0.42408
-0.72722
-1.2117
-0.018235
0.0057959
0.64586
-0.011678
-0.83949
-0.58852
-0.015523
-0.0022042
-0.75732
0.4199
-0.65295
-0.0095914
0.10662
-0.016057
-0.48438
0.0047928
0.77212
1.266
0.0049776
-0.0033066
0.0063775
-0.01948
0.012242
-0.0063756
1.5983
0.00076868
-0.42572
-0.8037
0.29417
-0.55294
-0.070679
-0.071504
0.1523
0.0053091
-0.54435
0.14997
0.90094
-0.90886
-0.45263
0.57618
-0.37068
0.6106
-1.3323
-0.057269
0.56774
-0.017045
0.0066494
1.247
-0.012629
-0.21933
-0.82074
-0.010878
-0.0019352
-0.69866
0.41339
-1.0078
-0.25447
-0.22733
-0.015331
-0.4604
0.0029895
0.83224
1.2703
0.016394
-0.0012185
0.0068116
-0.01643
0.013001
-0.005528
1.8234
-0.0041161
-0.8881
0.20067
0.27729
0.28862
-0.61869
0.0061169
-0.51323
0.0013762
-0.8153
0.31203
0.2219
-0.98429
0.26155
0.73485
-0.64006
0.95126
-1.5405
-0.084951
0.70449
-0.0055786
0.0035137
1.728
-0.011887
0.96921
-0.96278
0.0045246
-0.0084204
-0.20894
0.078252
-1.2677
-0.85339
-0.74227
-0.0088581
-0.11804
-0.0059546
0.28825
0.10704
0.018909
0.0034589
-0.00060725
-0.0025054
0.0031505
-0.0013489
1.1097
-0.011297
-0.74008
1.0764
0.035806
1.1886
-0.95337
0.13775
-1.0965
-0.0081616
-0.30226
0.31706
-0.69002
-0.66522
1.0161
0.6252
-0.8402
0.76747
-0.61827
-0.04942
0.13915
0.00045125
0.009009
2.0423
-0.013751
1.2219
-0.97763
0.011815
-0.012328
0.38807
-0.30559
-1.3907
-1.1165
-0.94112
-0.0016632
0.12715
-0.011719
-0.45022
-1.0156
0.014072
0.0031575
-0.006503
0.0095159
1.3058e-05
0.0045331
0.23948
-0.014357
0.42855
0.71602
-0.23384
0.76229
-0.32251
0.15241
-0.55677
-0.014811
0.53401
0.39794
-0.84033
-0.26193
0.77324
0.57613
-1.0845
0.23525
0.61635
-0.049333
-0.77457
-0.002388
0.013421
2.0005
-0.016814
0.38652
-0.84751
-0.00039496
-0.013262
0.72508
-0.47788
-1.2401
-0.26685
-0.75695
-0.0025445
0.15603
-0.011506
-0.89409
-1.1653
0.0019925
0.0017022
-0.0067489
0.0083958
0.0035991
0.0033588
-0.21574
-0.012418
1.6148
0.087572
-0.35152
-0.39516
0.74917
0.052814
0.64851
-0.014562
0.54894
0.61732
-0.49484
0.016252
-0.35416
0.40465
-1.2727
-0.14881
1.0215
-0.19841
-1.3738
-0.0082728
0.0089171
1.3976
-0.013148
-0.29865
-0.61896
-0.0095625
-0.0055067
0.59418
-0.35782
-0.85111
0.61887
-0.4192
-0.0058711
0.095821
-0.0064693
-0.78214
-0.62599
-0.0031788
-0.001038
-0.0037186
0.00069889
0.0060725
-0.0023145
-0.22082
-0.0054005
1.4826
-0.111
-0.25746
-0.84295
0.98983
-0.010848
0.99707
-0.010971
0.047718
0.54741
-0.088163
0.02479
-1.0031
0.0053035
-1.0561
-0.22807
0.57413
-0.2905
-1.2016
-0.0034164
0.0005038
0.002975
-4.8806e-05
-0.0028136
-0.0030433
0.0019656
0.0036585
0.0051185
0.0062023
0.0068746
0.0037446
0.0010852
0.0045482
0.007132
0.012651
0.015871
0.0079291
-0.011217
-0.0052108
0.0069884
0.016579
0.012478
-0.0011557
-0.020463
-0.018163
-0.002316
0.0090525
0.0017298
-0.0089215
-0.018904
-0.016432
-0.0058255
-0.00026483
-0.0031917
-0.0076051
-0.0033474
-0.0012468
-0.0027757
-0.011777
-0.022999
-0.021575
-0.0045641
0.0004582
-0.0013055
-0.011552
-0.023211
-0.021911
0.0031448
0.009042
0.0070305
-0.0025357
-0.015105
-0.016146
0.0084432
0.0127
0.0087481
0.0007036
-0.0036845
-0.0069772
0.009036
0.0099143
0.0063805
0.0063358
0.010788
0.0067856
0.0079065
0.0085838
0.0053858
0.010739
0.017505
0.013764
-0.18229
-0.28415
-0.17073
0.030247
0.11155
0.080042
-0.31299
-0.32902
-0.22729
-0.11921
-0.13838
-0.16992
-0.5935
-0.74508
-0.79876
-0.93305
-1.0273
-0.84264
-0.77394
-1.0109
-1.1049
-1.1737
-1.1132
-0.80129
-0.079437
0.14995
0.46939
0.7188
0.83204
0.64908
0.7211
1.2799
1.7135
1.981
1.9422
1.3904
0.013386
0.014488
0.010106
0.011587
0.011524
0.0064876
0.015763
0.016134
0.012402
0.01542
0.012897
0.0063306
0.011446
0.011105
0.0072425
0.0078314
0.0066023
-0.00025809
0.00064078
7.2032e-06
-0.0026746
-0.0035994
-0.0075501
-0.0092911
-0.0084322
-0.012106
-0.012788
-0.015437
-0.017926
-0.014502
-0.0097096
-0.013407
-0.013482
-0.013815
-0.017961
-0.014088
0.61015
0.19068
-0.83077
-1.1516
-0.35459
0.53728
0.61097
-0.14378
-1.2014
-0.97123
0.45494
1.1541
-0.010798
-0.85662
-1.2369
-0.2044
1.0914
1.1427
-0.80614
-1.2899
-0.66939
0.64443
1.0714
0.51841
-1.1202
-0.92931
0.38448
1.2691
0.74985
-0.090607
-0.87633
-0.24723
0.95878
1.2468
0.43702
-0.24467
-0.43493
-0.71945
-1.0184
-1.183
-1.1971
-0.94187
0.13335
-0.016893
-0.36307
-0.58246
-0.63454
-0.49171
1.1693
1.4003
1.1767
1.0362
1.0179
0.83061
1.0962
1.2784
1.0813
1.0333
1.0936
0.86279
-0.059524
-0.22534
-0.40655
-0.40831
-0.27753
-0.1784
-0.57966
-0.80634
-0.92222
-0.95812
-0.83877
-0.61547
-0.0099695
-0.0073236
0.00024448
0.006971
0.0067238
0.0038432
-0.016048
-0.0097858
0.0054273
0.013066
0.010334
0.0064229
-0.015877
-0.0063304
0.0078841
0.014317
0.011558
0.0071119
-0.016305
-0.0090617
0.0049295
0.011782
0.0087109
0.0027297
-0.016446
-0.011772
0.0040424
0.012206
0.0056912
-0.003992
-0.015433
-0.0096814
0.0044025
0.0094199
0.0018639
-0.0084081
-0.0028739
-0.0049295
-0.0066106
-0.0037628
0.0067677
0.010508
0.0013935
-0.0035375
-0.0050658
-7.0566e-05
0.010494
0.014195
0.0032434
-0.00054184
-0.0022696
0.0029012
0.0111
0.010552
0.0053223
0.0014492
-0.0017187
0.0014008
0.0041391
0.0030689
0.00061398
-0.0010347
-0.0036458
-0.0082581
-0.0067717
-0.0035341
-0.00091564
-0.0027042
-0.0057811
-0.0091571
-0.010251
-0.0062121
-0.71428
-0.93427
-0.78998
-0.28321
0.21373
0.28765
-0.57314
-1.0256
-1.2575
-1.1031
-0.72437
-0.37978
0.50652
0.2711
-0.36644
-0.90861
-1.0741
-0.86747
1.0519
1.3695
1.1734
0.6354
0.10929
-0.14628
0.16358
0.5594
1.0118
1.2607
1.1938
0.77226
-0.67336
-0.6319
-0.1816
0.38454
0.74248
0.627
0.32999
0.41423
0.21674
-0.13509
-0.39184
-0.37967
0.42412
0.48685
0.20778
-0.21936
-0.49058
-0.43375
0.43507
0.45735
0.14915
-0.24388
-0.44828
-0.36267
0.49175
0.51589
0.17135
-0.25246
-0.45083
-0.35986
0.53112
0.55499
0.17163
-0.30171
-0.51768
-0.40167
0.39865
0.39974
0.083098
-0.30025
-0.46151
-0.33449
0.37809
0.64902
0.58038
0.19956
-0.11465
-0.22681
0.12988
0.59406
0.76329
0.51369
0.22192
0.020336
-0.39722
0.071463
0.74356
1.1165
1.1524
0.82402
-0.82031
-0.63432
0.17676
1.0363
1.4025
1.1012
-0.93045
-1.1682
-0.96901
-0.48939
-0.031078
0.10189
-0.64826
-0.98212
-1.2283
-1.3466
-1.2014
-0.8002
-0.32801
-0.59085
-0.73768
-0.16953
0.99363
1.3413
-0.2429
-0.61972
-1.0117
-0.43207
1.1855
1.6911
-0.077901
-0.41068
-1.0146
-0.67397
1.0947
1.7925
0.03313
-0.22976
-0.91335
-0.8878
0.74359
1.6811
0.029671
-0.22676
-0.95893
-1.1572
0.16199
1.2435
-0.0095948
-0.27472
-0.87699
-1.107
-0.19713
0.68586
-1.2452
-1.3805
-0.67712
0.38317
0.85988
0.58515
-1.2559
-0.93431
0.26315
1.1813
1.0957
0.37102
-0.25414
0.56848
1.3263
1.226
0.39485
-0.33033
0.68422
1.2715
1.1147
0.28733
-0.54398
-0.76285
0.58177
0.53019
-0.11468
-0.77397
-0.9691
-0.7175
0.095655
-0.23359
-0.74253
-0.92883
-0.7429
-0.40304
0.0045867
0.0032849
0.0033651
0.0063042
0.0095512
0.0061355
0.0026498
0.0016687
0.0041179
0.0091731
0.015246
0.013182
-0.0065364
-0.0072528
-0.0012738
0.0077217
0.015309
0.013555
-0.017078
-0.017698
-0.008068
0.0046259
0.0096896
0.0084265
-0.020706
-0.021148
-0.010137
0.0014609
0.0040613
-0.00080538
-0.01542
-0.015124
-0.0049577
-0.0003784
-0.001257
-0.0035106
1.339
1.8375
1.8188
1.5396
1.1136
0.65425
0.99648
1.2438
0.97404
0.49814
0.10195
-0.083507
-0.31435
-0.5548
-0.81655
-0.9678
-0.99121
-0.76757
-0.96274
-1.1596
-0.99705
-0.83908
-0.74513
-0.51217
-0.83939
-0.83184
-0.39582
-0.094589
-0.064194
-0.054741
-0.46192
-0.44736
-0.12508
0.12864
0.14871
0.09467
-0.0052442
-0.010519
-0.013367
-0.010052
-0.0017674
0.00088784
-0.0029633
-0.0070005
-0.0072709
-0.0037913
0.0048422
0.0072815
0.0046079
0.0044911
-0.00050479
-0.00017679
0.0087328
0.009906
0.011233
0.011183
0.0013228
-0.0032762
0.0049311
0.0086629
0.01279
0.010443
-0.0022951
-0.00843
-0.0038357
0.001618
0.0077832
0.0009511
-0.0081791
-0.012804
-0.0081829
-0.0054971
0.30833
0.78595
1.0344
0.73827
0.040571
-0.40515
-0.33131
0.13414
0.91887
1.4244
1.2263
0.62348
-0.98867
-1.0786
-0.41509
0.69322
1.3505
1.1676
-0.58221
-1.1544
-1.3037
-0.85481
-0.13184
0.27841
0.36374
-0.011661
-0.69899
-1.2031
-1.1892
-0.73735
0.71703
0.73945
0.2575
-0.44046
-0.88925
-0.75111
-0.0752
0.35534
0.73866
0.55331
-0.1154
-0.61215
-0.12472
0.43855
0.88235
0.47237
-0.47076
-0.91066
-0.077184
0.45241
0.69238
0.091138
-0.77139
-0.91946
0.39403
0.81678
0.53864
-0.38283
-0.99436
-0.8386
1.1179
1.349
0.41825
-0.86395
-1.2529
-0.77742
1.275
1.2594
0.12391
-1.0132
-1.1845
-0.62253
-0.0096528
0.0031546
0.013333
0.01281
0.0031213
-0.001621
-0.016356
-0.0053518
0.0046156
-0.00078121
-0.012402
-0.014168
-0.014904
-0.0095081
-0.0070292
-0.015898
-0.025586
-0.027565
-0.00015875
0.0069904
0.0082371
-0.0025674
-0.017869
-0.020145
0.011791
0.027431
0.027779
0.016919
0.0035616
-0.0058355
0.0075943
0.018532
0.020157
0.011127
0.0035538
-0.0016862
0.0036588
0.001105
-0.0018259
-0.0044669
-3.4037e-05
0.0038236
0.0018192
0.00035045
-0.0028449
-0.0040763
0.0018123
0.0062233
-0.0020242
-0.0031805
-0.005338
-0.0023112
0.0028274
0.0057032
-0.0048449
-0.0053403
-0.005795
-0.0011459
0.0036205
0.0053379
-0.0048473
-0.0045449
-0.0022771
0.0021879
0.0015929
0.0021436
-0.0027764
0.00025704
0.0040942
0.003179
0.0013832
-0.00010633
-0.0015478
-0.0053617
-0.005171
0.00020966
0.0073311
0.0074787
-0.0041892
-0.0038713
-0.0039655
0.0034992
0.0070324
0.008479
-0.0042361
-0.0043365
-0.0048787
-0.0035864
0.00065214
0.0052447
0.0013468
-0.00069548
-0.0050606
-0.0074335
-0.0042032
0.0018946
0.0086517
0.0087216
-0.00026583
-0.0061574
-0.0039779
0.00073542
0.0088069
0.006772
0.0013705
-0.0052447
-0.0051195
-0.0016659
0.0028006
0.0079742
0.010049
0.0055069
-0.0061087
-0.011576
0.0048742
0.013683
0.016448
0.0079815
-0.0078237
-0.014019
0.0010047
0.0079617
0.011845
0.0050065
-0.0086521
-0.013715
-0.0069977
-0.0041666
0.0044434
0.0073812
0.00013466
-0.0088161
-0.015467
-0.011473
0.0012415
0.01169
0.0080705
0.0012682
-0.015913
-0.015595
-0.001953
0.0094319
0.0090482
0.00184
-0.0028731
-0.0027293
0.0029792
0.0061986
0.0061135
0.00066375
-0.0097808
-0.010829
-0.0030192
0.003446
0.0025615
0.000999
-0.013368
-0.015353
-0.012379
-0.0043933
-0.00072547
0.002539
-0.0074012
-0.0095989
-0.011068
-0.0075803
0.0023904
0.0072713
0.0090366
0.0074777
7.1337e-05
-0.0011126
0.0067379
0.011035
0.015434
0.014305
0.0047521
-3.2875e-05
0.0034673
0.007216
-0.00040432
0.00080518
0.0037099
0.0024623
-0.0045836
-0.0087062
0.00074968
0.0042223
0.0070439
0.0052249
-0.0018885
-0.0040276
-0.0030428
0.0020481
0.0055298
0.0020316
-0.0028375
-0.0040052
-0.0063259
-0.0034299
0.0017287
0.0040815
-0.0018117
-0.0031902
-0.0061797
-0.0061261
0.0021352
0.0076802
0.004878
-0.0007611
-0.0041213
-0.0045675
-0.00097226
0.0051123
0.004055
-0.00034598
-0.68684
-0.788
-0.51339
-0.2322
-0.050817
0.054816
-0.72107
-1.082
-0.91849
-0.48375
-0.088848
0.08683
-0.033012
-0.76602
-1.1646
-0.83912
-0.22252
0.11572
1.1745
0.4935
-0.627
-0.93915
-0.49711
-0.033386
1.9809
1.8497
0.65961
-0.30738
-0.48872
-0.26741
1.6294
1.8242
1.151
0.26885
-0.22717
-0.25646
-0.0078782
-0.01031
-0.011149
-0.008984
-0.0060141
-0.0014625
-0.00083054
-0.0043463
-0.0068565
-0.0056481
0.00093463
0.0045016
0.0084875
0.007171
0.0032262
0.0059582
0.01212
0.010482
0.011035
0.012135
0.0089183
0.0084221
0.0080455
0.00572
0.005738
0.0052999
-2.7083e-05
-0.0033223
-0.0026809
-0.0021408
0.0019564
-0.0037967
-0.010809
-0.014353
-0.01037
-0.0060928
0.34347
0.31557
-0.10648
-0.5729
-0.64672
-0.19934
0.51119
0.28599
-0.43711
-1.0236
-0.81193
0.053294
0.53629
0.079342
-0.80601
-1.1856
-0.37461
0.746
0.23125
-0.38503
-1.1375
-0.85286
0.72483
1.5693
-0.22056
-0.89459
-1.2079
-0.11227
1.6493
1.9226
-0.40548
-0.90524
-0.72355
0.50773
1.6747
1.5035
-1.2569
-1.111
-0.091541
0.66752
0.72225
0.45978
-1.5167
-1.1134
0.36148
0.9977
0.70906
0.33421
-1.5903
-0.85059
0.76254
0.94174
0.33055
0.043978
-1.5856
-0.56528
0.99378
0.8434
0.073654
-0.10443
-1.3136
-0.14778
1.2109
0.90258
0.10755
-0.0941
-0.84599
0.16745
1.0672
0.76604
0.14109
-0.057745
0.24382
0.31129
0.17401
-0.077295
-0.27327
-0.26734
0.30643
0.36044
0.16608
-0.13793
-0.34899
-0.31439
0.31192
0.33663
0.11891
-0.16358
-0.32371
-0.26454
0.35787
0.37523
0.12581
-0.18145
-0.33256
-0.26375
0.38369
0.39384
0.10914
-0.22998
-0.3896
-0.29684
0.28145
0.26811
0.036298
-0.23056
-0.34163
-0.24394
0.61024
0.3141
-0.52608
-0.75254
-0.10587
0.42601
0.8447
0.66944
-0.45186
-1.1237
-0.5297
0.30789
0.7865
0.98229
0.078841
-1.0633
-1.0169
-0.24098
0.37752
1.1197
0.85246
-0.49357
-1.2445
-0.86783
-0.18471
0.85466
1.3482
0.34337
-0.93361
-1.0975
-0.50399
0.33592
1.1566
0.69785
-0.35072
-0.78381
-0.87615
-0.22931
0.95457
1.1454
0.224
-0.46544
-1.1194
-0.70414
0.6716
1.2576
0.44339
-0.44148
-0.98034
-1.0812
-0.06943
0.95088
0.73656
-0.0099347
-0.59937
-1.1196
-0.74823
0.4816
1.083
0.65884
-0.26821
-0.9714
-1.0977
-0.025985
1.1196
1.0959
-0.10978
-0.66278
-0.95854
-0.29963
0.73686
1.008
1.4941
1.6183
0.57338
-0.85148
-1.5288
-1.2272
1.6011
1.8179
0.81431
-0.67527
-1.3856
-1.144
0.71839
0.80271
0.31655
-0.3492
-0.68986
-0.55488
-0.2547
-0.31162
-0.20957
-0.15721
-0.18881
-0.14904
-0.36731
-0.39394
-0.12845
0.070865
0.038818
-0.011053
-0.06416
-0.0087392
0.13636
0.17014
0.064458
-0.0016828
-0.41424
0.30906
1.047
0.68506
-0.30152
-0.69113
-0.034384
0.84673
1.1278
0.14963
-0.89671
-0.90162
0.80721
1.2506
0.554
-0.80354
-1.2622
-0.67365
1.1992
1.0036
-0.3165
-1.3048
-0.88289
0.074865
0.80532
0.12318
-1.0183
-1.0994
0.035098
0.85431
0.17477
-0.53291
-1.064
-0.52663
0.58495
0.94485
0.019867
0.026483
0.013404
-0.0071887
-0.022522
-0.020136
0.028601
0.036508
0.016659
-0.01006
-0.031499
-0.032451
0.032866
0.037712
0.016671
-0.010388
-0.028803
-0.028984
0.032904
0.031137
0.0087188
-0.011333
-0.021518
-0.021171
0.022056
0.018045
-0.0028835
-0.015658
-0.017613
-0.013093
0.0090284
0.0026674
-0.01103
-0.01585
-0.013433
-0.010212
-0.4447
-1.0529
-0.84
0.40733
1.1613
0.86763
-0.51993
-1.1748
-0.88464
0.57749
1.2809
0.78292
-0.43966
-0.99032
-0.61982
0.6747
1.0195
0.43634
-0.44177
-0.86378
-0.33396
0.79956
0.85238
0.19517
-0.55737
-0.89342
-0.2801
0.7969
0.78309
0.13591
-0.59436
-0.81908
-0.27192
0.58337
0.58941
0.12637
-0.97555
-1.0676
-0.94488
-1.0378
-1.277
-1.128
-1.0891
-1.0893
-0.73928
-0.57362
-0.58196
-0.5004
-0.60218
-0.44083
0.019693
0.51851
0.85135
0.83006
-0.027415
0.12607
0.39321
0.8308
1.3007
1.269
0.19356
0.35678
0.38707
0.58593
0.99055
0.98256
0.13081
0.28788
0.33463
0.41593
0.62067
0.56646
1.2946
0.75431
-0.55061
-0.90991
-0.23891
0.30239
1.6484
0.79463
-0.91315
-1.1984
-0.24445
0.45036
1.6328
0.66947
-1.019
-1.1377
-0.19558
0.40744
1.5156
0.5849
-0.94265
-1.0443
-0.31521
0.14719
1.3289
0.43097
-0.92193
-1.07
-0.50962
-0.070086
0.93987
0.2618
-0.71015
-0.87781
-0.49325
-0.079543
-0.12078
-0.24115
-0.17331
0.15438
0.48936
0.50514
0.81544
1.0126
1.0713
1.1976
1.1928
0.89648
1.0151
1.2692
1.1484
0.86957
0.56196
0.30829
-0.26353
-0.37607
-0.53459
-0.72154
-0.78394
-0.58533
-1.1667
-1.4263
-1.3141
-1.0923
-0.86453
-0.54985
-0.91643
-0.9788
-0.66889
-0.27409
0.015206
0.034961
-0.34753
0.34009
1.0814
0.72171
-0.4712
-1.0739
-0.62032
0.24909
1.2499
0.94414
-0.50879
-1.2591
-0.75021
0.014305
1.0476
0.83346
-0.54619
-1.2608
-0.6243
0.12898
1.0547
0.80227
-0.57947
-1.2776
-0.48817
0.34828
1.2482
0.94621
-0.49041
-1.25
-0.43
0.25635
1.0156
0.78152
-0.33273
-0.97167
-0.31829
-0.64459
-0.90811
-1.0624
-1.0884
-0.85082
0.23514
0.11536
-0.30046
-0.80449
-1.1688
-1.0998
0.71232
0.90094
0.59513
-0.07189
-0.80057
-1.0194
0.73209
0.98969
0.83486
0.37703
-0.31034
-0.74531
0.68028
0.86711
0.78937
0.60919
0.19052
-0.29782
0.59937
0.73431
0.64062
0.57036
0.42612
0.03852
0.76746
0.9186
0.74475
0.50857
0.25308
-0.063094
0.9009
0.99345
0.73753
0.41213
0.046442
-0.23867
0.80524
0.89103
0.6953
0.30508
-0.21773
-0.49993
0.57099
0.69808
0.55391
0.061369
-0.60033
-0.83707
0.06876
-0.05518
-0.26558
-0.7043
-1.1807
-1.1454
-0.35739
-0.60277
-0.78866
-1.0395
-1.2346
-1.0026
0.63777
0.72915
0.41063
-0.15432
-0.64557
-0.66658
-0.065225
-0.23852
-0.61635
-1.0781
-1.3185
-1.0517
-0.98647
-1.2683
-1.19
-0.92995
-0.65615
-0.34476
-0.70083
-0.5704
0.046644
0.718
1.026
0.85917
0.30631
0.82083
1.194
1.2793
1.0875
0.67064
0.6045
0.92499
0.7741
0.27972
-0.088444
-0.18132
0.12242
0.34019
0.025942
-0.40112
-0.54087
-0.4169
0.13725
0.75831
0.6709
-0.088661
-0.68646
-0.70888
-0.31811
0.61049
1.2302
0.65937
-0.40466
-0.82707
-1.1189
-0.36259
1.0284
1.2786
0.4128
-0.38135
-1.5742
-1.3992
0.098006
1.3016
1.1797
0.40852
-1.3068
-1.5039
-0.61139
0.62749
1.007
0.5508
-0.40379
-0.27472
0.57712
1.6172
2.1366
1.803
-0.41361
-0.68992
-0.35735
0.69343
1.5571
1.5876
-0.086368
-0.56493
-1.003
-0.94685
-0.45606
0.058228
0.26801
-0.007709
-0.54128
-1.0185
-1.2077
-0.85998
0.19961
0.14369
-0.061251
-0.37677
-0.73497
-0.73149
-0.035796
-0.095189
-0.057683
-0.059695
-0.23137
-0.31767
0.021621
-0.31498
-0.80836
-0.76977
-0.16087
0.22421
-0.56219
-0.99067
-1.0955
-0.41515
0.49589
0.6694
-0.97876
-0.93382
-0.19933
0.81213
1.1589
0.66994
-0.34143
0.34164
1.2325
1.4366
0.67107
-0.19591
0.556
1.1598
1.2309
0.44694
-0.72641
-1.1727
0.6207
0.71349
0.11402
-0.72173
-1.2944
-1.1561
-4.5733
-4.571
-5.0138
-4.5711
-5.183
-5.1193
-4.5725
-4.5748
-5.0107
-4.7617
-5.237
-5.1583
-5.1743
-4.5715
-5.1098
-4.5753
-5.144
-5.2237
-4.5754
-4.5742
-4.5755
-4.575
-4.5736
-4.5751
-4.9958
-4.5754
-5.1591
-5.3782
-4.7111
-5.0822
-5.1858
-5.0769
-5.0306
-4.567
-5.2645
-5.2883
-5.197
-5.1339
-5.149
-5.2496
-5.1969
-5.0426
-5.242
-4.8565
-5.1137
0.0069397
-0.003361
-0.0045953
-0.0010761
0.0079794
0.0092872
0.0026789
-0.0074827
-0.0035516
0.0032394
0.0062756
0.0066439
-0.00060773
-0.0086461
-0.0038494
0.0035306
0.0033112
0.00043395
-0.0030242
-0.013391
-0.013662
-0.0040091
0.00070922
0.00079685
0.00091778
-0.0082479
-0.0098048
-0.0034205
0.0012605
0.0063397
0.0098847
0.0033161
0.0031623
0.0044771
0.006519
0.0078267
