0.062226
0.26013
0.00048406
0.29486
-0.73706
-0.0028177
-0.67185
0.21955
-0.98251
0.0060627
0.46215
0.082325
0.25084
0.34122
-1.2104
0.11145
-0.61559
0.0030363
-0.0068549
0.11506
0.0083792
1.7668
-0.54841
0.0010822
0.0097772
-0.0031619
0.012018
1.0153
0.95865
-0.0028192
-0.0068682
-0.012938
-0.0038923
0.011553
-0.25343
0.0045076
0.42714
-1.565
-0.23282
0.57693
-0.0049858
1.6882
0.00062289
-0.0071945
0.0019625
-0.44125
-0.0024974
0.0014328
-0.5138
-0.17766
-0.24477
-0.39799
-0.0029814
-0.0019188
-0.47582
-0.00096306
-0.036724
-0.017489
-0.66837
0.0003192
-0.092699
0.93327
0.00028077
0.56104
-0.020541
-0.0042497
-0.77694
0.46753
-1.1918
0.00025671
0.96311
0.34413
0.32087
0.041819
-1.114
0.019367
-0.4357
0.0023659
-0.0062908
-0.082489
0.0041842
1.5969
-0.068733
0.0013957
0.009058
-0.0033411
0.021439
0.45744
0.43249
-0.0080105
-0.0042566
-0.02452
-0.0010903
-0.85418
-0.36019
0.0036193
0.34136
-1.4899
-0.080072
0.67164
-0.0032976
2.0163
-0.00054502
-0.0027257
-0.00066688
-0.68857
-0.0023214
-0.0014112
0.51487
-0.055596
-0.29511
-0.86565
-0.007321
-0.0047128
-1.0503
-0.00083287
-0.056397
-0.021023
-0.64665
-0.0011529
-0.37513
0.80374
-0.0017429
0.50857
0.88319
-0.0058013
-0.68107
0.66387
-1.3184
0.00066134
1.0244
0.32247
0.47148
-0.6295
0.23757
-0.027029
0.34891
-0.0013334
-0.003655
-0.24628
0.0034548
0.118
0.85323
-0.0018587
0.018286
-0.004348
0.018905
-0.72461
-0.38895
-0.0080422
-0.0033745
-0.02156
0.00028537
-1.3453
-0.24415
-0.0021621
-0.05282
-0.56514
-0.060375
0.096527
-0.0040808
1.884
-0.0020394
-7.6362e-05
0.0011898
-0.5256
-0.0016049
-0.0019245
1.2038
-0.023144
-0.076801
-1.0957
-0.0074006
-0.0053292
-1.3032
-0.0042953
-0.054593
-0.015111
-0.41628
-0.0021594
-0.44501
-0.16172
-0.0014678
0.11423
0.76608
-0.0059969
-0.085875
0.98151
-1.4152
0.015784
0.34892
-0.17254
0.6427
-0.48986
0.98351
0.26369
0.98938
4.5165e-05
-0.0043062
-0.18295
0.012215
-0.78185
1.4418
-0.0043337
0.03385
-0.0026042
0.010612
-1.1617
-0.25655
-0.0033145
-0.005046
-0.0076761
-0.003876
-0.42676
0.0054678
-0.00094005
-0.64353
0.53651
-0.61198
-0.60599
-0.0056354
1.3769
-0.0018983
-0.0049946
0.0080592
0.0038601
-0.0014891
0.0025324
0.42543
-0.23136
0.26397
-0.48978
0.0029768
-0.0028417
-1.1795
-0.0073511
-0.0035646
-0.0082403
-0.53536
-4.6496e-05
-0.22254
-0.77573
-0.0013865
-0.41479
0.2009
-0.0047246
0.92696
1.0197
-1.2387
0.028113
-0.54297
-0.76661
0.66486
0.71401
0.55567
0.50637
0.55874
0.0079977
-0.010235
-0.0036297
0.020531
-0.56454
1.4942
-0.0027612
0.038953
0.0025002
0.0044936
-0.81031
0.22001
-0.0013332
-0.0049459
-0.0018871
-0.0068289
0.84931
0.19087
0.0046358
-0.97397
0.86162
-1.0421
-0.97198
-0.0047346
0.69738
-0.0011112
-0.010219
0.009987
0.43097
-0.0034839
0.010283
-0.73702
-0.48362
0.51059
0.7126
0.010527
-0.00058243
-0.85085
-0.0045796
0.068093
-0.0058742
-0.75554
0.0028543
-0.052502
-0.71467
-0.0032049
-0.64262
-0.010938
-0.0036708
1.2228
0.5892
-0.8974
0.021606
-0.81892
-0.77732
0.38666
1.207
-0.069856
0.28732
-0.2132
0.010429
-0.012954
0.073287
0.016758
-0.15947
1.0254
-0.00085084
0.02602
0.0045686
0.00081638
-0.29375
0.17925
-0.0024983
-0.0029272
-0.0052999
-0.0045415
0.91516
0.17472
0.0040759
-0.73363
0.47828
-0.57508
-0.81216
-0.0022217
0.3384
-0.0016843
-0.0088279
0.0032952
0.37874
-0.0048334
0.013133
-0.99582
-0.51364
0.44502
1.0609
0.0058628
-0.00025418
-0.51115
-0.00065704
0.080111
-0.0042596
-0.73248
0.0026067
0.60237
0.26668
-0.0002757
0.47567
-1.0283
-0.0016094
-0.30974
0.94532
-1.0984
0.007379
0.96387
-0.66544
-0.053117
0.40963
-1.5571
-0.25037
-0.82579
0.0046601
-0.0047878
-0.46731
0.0125
1.7354
-0.79942
0.0046395
-0.011017
-0.0043893
0.021731
1.3264
1.3039
8.8366e-05
-0.0064179
-0.013521
-0.0019154
-0.24174
-0.33429
0.01052
0.11991
-1.3714
-0.38706
0.60768
-0.0050155
0.71581
0.00013306
-0.0044149
0.00082372
-0.57472
-0.00035758
0.0011271
-0.28999
-0.73549
-0.20505
-0.076642
-0.0063517
-0.00012519
0.54363
-0.0013149
-0.038934
-0.017528
-0.59337
-0.00057641
0.64837
1.1927
-0.0017547
0.65852
-0.10615
-0.0022775
-0.83408
1.308
-1.1653
-0.0010024
1.3682
-0.47046
-0.047682
0.029781
-1.0339
-0.37213
-0.88151
0.0043412
-0.0018943
-0.76962
0.0067912
1.1135
-0.56397
0.0037258
-0.020379
-0.0040985
0.030792
0.87233
0.59575
-0.0061368
-0.0021391
-0.027076
-0.0011919
-1.1486
-0.43295
0.007788
-0.21374
-0.67132
-0.097338
0.97691
-0.0025196
0.99837
-0.0005755
0.0011434
-0.0036197
-0.79798
-0.0010791
-0.0017563
0.9813
-0.96663
-0.16897
-0.72992
-0.0097372
-0.0023954
0.020919
-0.0013182
-0.061085
-0.0216
-0.60023
-0.0016647
0.36483
1.1499
-0.0029783
0.5505
1.0655
-0.0026227
-1.2888
1.2991
-0.78858
0.0020644
0.94654
0.081583
0.11625
-0.74111
0.65388
0.046918
0.08567
-0.0013407
0.00051096
-1.0034
0.0046795
-0.59885
0.31723
0.00074993
-0.015245
-0.0053663
0.02101
-0.45467
-0.54955
-0.0061768
-0.0010842
-0.020326
-0.0019864
-1.1923
-0.25518
-1.6837e-05
-0.67163
0.60339
-0.18857
0.84221
-0.0026402
0.9086
-0.002209
0.0032286
0.00080905
-0.57358
-0.0012119
-0.00055814
1.4254
-0.9174
-0.065455
-1.2002
-0.0054276
-0.0033968
-0.67237
-0.0044781
-0.060483
-0.019217
-0.40927
-0.0023009
0.41838
0.0098096
-0.0012423
0.16458
0.85742
-0.0031743
-0.89607
1.2025
-0.44397
0.020861
-0.14102
0.20986
0.36385
-0.64452
1.044
0.72758
1.1959
-0.0021424
-0.0014462
-1.01
0.013766
-1.1655
1.2754
-0.0013407
0.00074757
-0.0038537
0.0065768
-1.1135
-0.46677
-0.0015174
-0.0034687
-0.0015011
-0.0061171
0.34885
0.051399
0.00105
-0.93382
1.2331
-0.88518
0.15943
-0.0039274
0.4975
-0.0019556
-0.0017843
0.012425
-0.021068
-0.00097277
0.0030454
0.298
-0.789
-0.025
-0.6298
0.0071731
-0.0018388
-1.1312
-0.0061962
-0.0077743
-0.014454
-0.52728
-0.0010957
0.79597
-0.87262
-0.0010187
-0.44548
0.1602
-0.0034492
0.513
0.75134
-0.044825
0.029157
-1.0317
0.14902
0.43789
0.67722
0.31877
0.67828
0.88401
0.0034768
-0.0067162
-0.81519
0.020548
-0.36714
1.8492
-0.0016549
0.010143
0.0010057
-0.0019727
-0.91656
-0.033615
-0.0022915
-0.003365
0.0026816
-0.0075513
1.4572
0.27061
0.0052082
-0.69806
0.80311
-1.036
-0.62269
-0.0018439
0.18143
-0.0018315
-0.0061587
0.0156
0.44939
-0.0032235
0.0088988
-0.9231
-0.74299
-0.22294
0.95947
0.012365
-0.00019599
-1.1749
-0.0023975
0.066563
-0.0087781
-0.80038
-7.1267e-05
0.83605
-0.95986
-0.003821
-0.7494
-0.052899
-0.0037876
1.3796
0.11859
0.10225
0.017874
-0.99716
0.15036
0.237
1.2832
-0.22872
-0.041413
-0.23397
0.0059125
-0.0095939
-0.5483
0.013478
0.34629
1.608
-0.0013953
0.0066099
0.0033974
-0.0030222
-0.39312
-0.020157
-0.0051279
-0.001172
-0.006113
-0.0038105
0.91576
0.23527
0.0022841
-0.17069
0.095409
-0.10548
-0.83228
0.00070942
0.098687
-0.0027533
-0.0053415
0.0050274
0.40033
-0.0058505
0.011335
-0.94531
-0.63977
-0.40556
1.5004
0.0047229
0.0001866
-0.85066
0.0013972
0.078035
-0.0039384
-0.79992
-0.0009077
0.77235
-0.25889
-0.0012399
0.51207
-1.1856
0.0013079
0.56157
0.92644
-0.60008
0.0024506
1.0085
-1.1548
-0.6312
0.14813
-1.6022
-0.49007
-0.74443
0.0051089
-0.0010264
-1.1037
0.0026726
0.71451
-0.51217
0.0049966
-0.027481
-0.0024079
0.025041
1.1453
1.4996
0.0023132
-0.0026102
-0.016056
0.0017994
-0.5898
-0.35399
0.0090472
-0.49777
0.047155
-0.15703
-0.20627
-0.0011269
-0.91483
-0.0015956
0.0034686
-0.0059228
-0.60326
-0.001498
-0.0051704
0.10822
0.056477
-0.076188
0.26006
-0.011475
0.0011873
1.2904
-0.0028933
-0.027278
-0.014036
-0.16441
-0.0027391
1.0771
0.70616
-0.0029147
0.57514
-0.39345
0.0017352
0.0065431
0.99775
-0.13306
-0.0037698
0.84521
-1.3558
-0.80434
-0.19111
-0.60613
-0.2761
-1.0583
0.0038453
0.0019465
-1.248
-0.0083578
-0.18772
-0.70996
0.0026381
-0.046658
-0.0013632
0.030001
1.0951
0.5791
-0.0022418
0.0027578
-0.024575
0.00073828
-1.1569
-0.39412
0.0045888
-0.90026
1.0362
0.016877
0.41416
0.0015883
-0.87185
-0.0011586
0.0070297
-0.010834
-0.69323
-0.0040686
-0.0079397
1.1079
-0.029048
-0.19385
-0.39514
-0.010395
0.00013117
1.4356
-0.0027462
-0.039598
-0.016
-0.17287
-0.0032293
1.0818
1.1379
-0.0036549
0.42088
0.86632
0.0017957
-1.0418
0.63309
0.74333
0.0013126
-0.041124
-0.69594
-0.89815
-0.73897
0.92918
0.66807
-0.39927
-0.0029125
0.0014253
-1.1609
-0.0094169
-1.216
-0.58023
0.00032534
-0.051239
-0.0031303
0.011874
0.051977
-0.71159
-0.0012996
0.0031922
-0.011041
-0.001825
-0.60716
-0.17893
-0.00059572
-0.99493
1.4481
-0.42065
1.0942
0.00063472
-0.62152
-0.0023077
0.0054504
-0.0035249
-0.4343
-0.0035553
-0.004011
0.97455
-0.094411
-0.42969
-1.0826
-0.0024065
-0.0015477
0.89228
-0.0034178
-0.044436
-0.015729
-0.25885
-0.0032281
1.3315
0.24088
-0.00067521
0.070564
0.87055
0.00177
-1.3981
0.12498
1.2555
0.011354
-0.7733
0.16961
-0.87314
-0.55961
0.83045
1.159
0.97085
-0.0072251
-0.00047608
-1.0024
0.0024957
-0.96898
-0.033648
0.00060648
-0.041066
-0.0033447
-0.010919
-0.74108
-0.70794
0.0027991
-0.00013742
0.011791
-0.0045134
0.89673
0.13816
0.0027208
-0.33186
0.88875
-1.0147
1.2446
-0.0019207
-0.52633
-0.0032904
0.0015556
0.010624
0.040548
-0.00034158
-0.0013278
-0.25252
0.0056581
-0.85086
-0.69568
0.0066747
-0.0020052
-0.052381
-0.002636
-0.019835
-0.012581
-0.56959
-0.0038786
1.6154
-0.96691
0.0011658
-0.53478
0.20524
0.00090154
-0.56353
-0.60756
1.4294
0.0062343
-0.93558
0.85612
-0.85723
0.47809
-0.032398
0.24268
1.0719
-0.0054722
-0.0025456
-0.81012
0.0080601
0.18877
0.71747
-0.00031134
-0.0262
-0.00086972
-0.023654
-0.82721
-0.37524
0.00056045
-0.00060148
0.013897
-0.004737
1.2381
0.34379
0.005246
0.65274
-0.19666
-0.39329
0.53462
-0.0019118
-0.29286
-0.0041831
-0.00011936
0.012342
0.42952
-0.00055431
-0.0010971
-0.95725
0.037731
-1.3655
0.91334
0.0078924
-0.0013444
-0.8287
-0.00022201
0.021985
-0.0047668
-0.84748
-0.0069061
1.3389
-1.2747
-0.0018885
-0.77404
-0.067912
-0.0015186
0.54332
-0.89352
1.0343
-0.0053592
-0.47563
1.0354
-0.68619
0.89271
-0.35637
-0.7622
0.078335
-0.0021102
-0.0052094
-0.56584
0.0021847
0.88496
1.0018
-0.002035
-0.011871
0.00026278
-0.018683
-0.49448
-0.29838
-0.0041329
-0.00012735
-0.00031211
-0.0017146
0.37879
0.27992
0.00031612
0.92457
-0.65368
0.86754
-0.18064
-0.0012484
-0.01429
-0.0046452
-0.00092536
0.0014917
0.39224
-0.0042386
0.001137
-0.58461
-0.10177
-1.2792
1.5739
0.0015986
-0.0004334
-0.87612
0.0011156
0.031375
0.0008746
-0.81781
-0.0069786
0.16154
-0.83975
-0.0012624
0.47399
-1.2826
0.0023137
1.0301
-0.16377
-0.083973
-0.010908
0.35817
-0.29837
-0.90162
-0.2111
-1.4119
-0.23921
-0.41768
0.0011043
0.00034304
-0.61477
-0.017407
-0.18032
-0.19305
0.0013685
-0.026033
-0.0020736
0.013533
0.66518
1.7524
0.0042521
-0.0019465
-0.017491
0.001515
-0.87165
-0.35946
0.00045635
-0.70252
1.0917
0.39931
-0.97433
0.00095603
-1.1112
-0.0014043
0.0029562
-0.013092
-0.54263
-0.0028806
-0.010623
0.55078
1.4091
-0.26052
0.42952
-0.010817
0.0013723
0.49195
-0.0032478
-0.016254
-0.00707
0.76627
-0.004842
0.382
0.062329
-0.0021601
0.58562
-0.78623
0.0007313
0.9761
-0.40911
0.4926
-0.013668
-0.22951
-0.70573
-1.0881
-0.58038
-0.016204
0.44726
-0.93642
-0.0024902
0.003257
-0.44665
-0.031921
-0.87604
-0.54968
-0.0018556
-0.040452
-0.00081327
0.017862
1.0817
0.54936
0.001551
0.0022341
-0.021448
0.0012578
-1.0072
-0.36441
-0.0042392
-0.95479
1.3106
0.19906
-0.62911
0.0031481
-1.064
-0.0014525
0.004045
-0.016269
-0.54784
-0.0065728
-0.012748
1.0677
1.6802
-0.41172
-0.051866
-0.0070826
0.00015528
1.0264
-0.0023225
-0.02419
-0.0073079
0.84456
-0.0042907
0.41302
1.1524
-0.0025459
0.40563
0.55387
-0.00055638
-0.024847
-0.76259
1.0328
-0.0048003
-0.86833
-0.74187
-1.3037
-0.73736
1.2252
1.269
-0.92125
-0.0081895
0.0018173
0.010162
-0.024998
-1.0301
-0.79717
-0.0039765
-0.039587
-0.0032298
-0.00015845
0.45149
-1.0313
0.0011338
0.0021582
-0.0028159
0.00042684
-0.053631
-0.10393
-0.0056563
-0.40036
0.57424
-0.7254
0.21346
0.0019599
-0.72917
-0.0025107
0.0033884
-0.007108
-0.22196
-0.0048051
-0.007232
0.33532
1.5993
-0.47741
-0.86542
-0.0016759
-0.003417
1.1655
-0.0024173
-0.024994
-0.0055546
0.3597
-0.0043853
0.51277
0.72648
0.00087509
-0.10165
1.0643
0.00040855
-1.0292
-0.95841
1.1229
0.00019938
-0.82395
-0.39499
-1.51
-0.21627
0.66536
0.86836
0.31356
-0.009779
-0.00014591
0.48955
-0.0040358
-0.49816
-0.81202
-0.002899
-0.026758
-0.0047674
-0.027813
-0.44525
-1.1277
0.0019688
-0.00045753
0.022343
-0.0013606
0.99994
0.26132
0.00033504
0.78487
-0.37807
-1.0264
1.0896
-0.00080858
-0.50776
-0.0048385
0.0020525
0.0027786
0.29647
0.00014764
-0.0054972
-0.75606
1.3642
-0.57977
-0.71609
0.00027003
-0.0059469
0.84895
-0.0021859
-0.0061053
0.0023878
-0.31987
-0.0070339
0.64199
-0.72936
0.0033752
-0.76836
0.60945
0.00056469
-1.0931
-1.2302
1.0476
-0.013535
-0.1854
0.29821
-1.4595
0.63974
-0.1831
-0.67344
1.263
-0.0051873
-0.002871
0.76328
0.0049357
0.34966
-0.56295
-0.0031345
-0.0070033
-0.0027674
-0.045958
-0.74974
-0.67423
-0.00099493
-0.00024919
0.026129
-0.0029848
0.64827
0.45716
0.00382
1.5464
-0.87132
0.48412
1.2466
-0.0024768
-0.2441
-0.0060822
-5.6952e-05
0.00083015
0.63545
-0.00025815
-0.0082067
-0.8453
1.1355
-0.78858
0.69944
-0.00093495
-0.0048642
0.29088
-0.0005598
0.019033
0.01521
-0.74597
-0.010492
0.51795
-1.3427
0.00076414
-0.91367
0.055932
-0.0014459
-0.32969
-1.1641
0.62637
-0.022908
0.35831
0.69244
-1.0048
0.76384
-0.39266
-1.4046
0.83896
-0.00084538
-0.0074118
0.61428
0.00026047
0.76931
-0.15799
-0.0035424
0.0086403
-0.0012789
-0.037597
-0.56772
-0.35448
-0.004685
-0.00047518
0.0099151
-0.0021073
-0.21971
0.33599
0.00040786
1.1476
-0.67105
1.723
0.74673
-0.0028652
0.1413
-0.0055636
-0.0025794
-0.0072855
0.50964
-0.0045775
-0.0064315
-0.19596
0.69445
-0.62258
1.3856
-0.0030199
-0.0024317
-0.12711
0.00039968
0.019431
0.017876
-0.72633
-0.0091213
-0.67117
-0.92629
-0.0040749
0.526
-1.2857
-0.00042949
0.87614
-0.73194
0.25549
-0.022353
-0.37761
1.5237
0.1668
-0.72841
-0.84947
0.48756
0.046023
-0.0067513
0.00011506
0.75433
-0.03553
-0.53899
-0.088375
-0.0022896
-0.022463
-0.0032981
-0.0062222
0.27396
1.6493
0.0048111
-0.0052781
-0.011769
-0.001151
-0.80505
-0.34114
-0.010711
-0.75299
0.85534
0.61306
-0.85144
-0.0012095
-0.41947
2.9094e-05
-0.0057265
-0.009582
-0.39594
-0.0021398
-0.0090128
0.86011
0.81099
-0.70062
0.58996
-0.0015076
0.0012954
-0.48765
-0.0016717
-0.013461
-0.0026418
1.2553
-0.0035176
-0.80625
-0.2802
-0.0045989
0.80759
-1.2863
-0.0034496
1.2739
-0.99233
0.43385
-0.024193
-0.88664
1.279
0.30342
-1.0967
0.6208
1.1153
-0.69911
-0.01271
0.0036803
0.99023
-0.046023
-0.71982
-0.36597
-0.0041895
-0.022041
-0.002795
0.0022371
1.0164
0.33146
0.0025207
-0.0028837
-0.015225
-8.9067e-05
-0.57756
-0.34473
-0.015682
-0.52883
0.33986
0.081353
-1.1379
0.00023044
-0.52159
-3.6268e-05
-0.0050081
-0.0098861
-0.37065
-0.004911
-0.010328
0.84523
0.92936
-0.6297
0.20938
0.0013961
0.0010357
-0.25815
-0.00091605
-0.02985
-0.0057514
1.4889
-0.0026246
-0.94578
1.1328
-0.0045634
0.57792
-0.0038238
-0.0053284
0.88819
-1.015
0.36941
-0.011238
-0.88857
0.20332
0.09783
-0.79147
1.349
1.0286
-1.3256
-0.015048
0.0041057
1.1056
-0.024814
-0.30017
-0.55838
-0.0060967
-0.0029867
-0.0058647
-0.0039448
0.77643
-1.3082
-0.00076261
-0.0028939
-0.0011976
0.00047768
0.46004
-0.035058
-0.014217
0.6364
-0.76286
-0.91124
-0.96582
-0.00069032
-0.54695
-0.0016296
-0.001216
-0.0048199
0.021673
-0.0031393
-0.0051413
-0.29425
0.82149
0.14604
-0.64594
-0.00054187
-0.0038538
0.28373
-0.0023637
-0.025356
-0.0047786
1.1148
-0.0027675
-1.0918
1.2427
-0.0022487
-0.22091
1.0706
-0.0044248
-0.1424
-0.82694
0.16607
-0.0049271
-0.21788
-0.79114
-0.1844
0.11654
0.54706
-0.19843
-0.46655
-0.010719
0.0029346
1.2219
0.0043007
0.073361
-0.72592
-0.0075714
0.019667
-0.0071198
-0.02622
-0.20363
-1.3632
-0.0045624
-0.0034429
0.020315
-0.0017129
1.0671
0.36685
-0.0088864
1.5451
-1.1307
-0.55909
-0.14755
-0.0032554
-0.66621
-0.0049754
-0.00036597
-0.0045484
0.56957
0.0011582
-0.0042315
-1.1566
0.5314
1.0376
-0.85833
-0.0075031
-0.0082542
0.87779
-0.005068
0.010973
0.011233
0.5627
-0.0043011
-1.153
-0.13697
-0.00027638
-1.0073
0.84335
-0.0042916
-0.81012
-0.72247
0.19266
-0.015797
0.57543
-0.85346
-0.28729
0.94565
-0.26885
-1.4693
1.0602
-0.0020281
-0.0027464
1.2226
0.011318
0.18039
-0.89159
-0.0090646
0.036134
-0.0037258
-0.043675
-0.69512
-0.56922
-0.0081061
-0.0020986
0.02723
-0.0050068
0.38095
0.52542
-0.0048917
1.2357
-0.60421
1.285
0.74022
-0.0041697
-0.54164
-0.0065319
-0.0052751
-0.013114
0.83159
-0.00076356
-0.0073696
-0.77159
0.30938
1.4502
0.1054
-0.012995
-0.008181
1.1431
-0.0033961
0.046689
0.033551
0.15967
-0.0045685
-0.91904
-1.093
-0.0017676
-1.1479
0.11282
-0.0045394
-0.69363
-0.70732
0.095887
-0.022912
0.76248
-0.38496
-0.11507
0.87003
-0.41167
-1.5731
1.31
0.0028067
-0.010222
0.9787
0.0026997
0.23232
-0.77683
-0.006933
0.036422
-0.00080211
-0.037185
-0.56986
0.026646
-0.0085632
-0.0015531
0.014199
-0.0048468
-0.38169
0.35594
-0.0037549
0.27697
-0.023763
1.956
0.8907
-0.0030587
-0.0802
-0.0050931
-0.0087337
-0.018371
0.60549
-0.0050811
-0.0068612
-0.029503
0.13459
1.1879
0.82065
-0.012627
-0.0051163
0.78529
-7.4268e-05
0.040548
0.034666
-0.11386
-0.0032278
-0.81198
-0.81172
-0.0071238
0.43504
-1.1501
-0.0030528
0.39537
-0.49491
0.42499
-0.021081
-0.54312
1.8983
1.109
-1.0285
-0.17009
0.7254
0.17002
-0.0096529
-0.0011102
1.0637
-0.037358
-0.45672
-0.181
-0.0044187
-0.017292
-0.0030815
-0.012192
0.18792
1.0895
0.0021741
-0.0050582
-0.006461
-0.0016467
-0.5281
-0.26982
-0.015704
-0.68239
0.090274
0.4195
-0.47905
-0.0034492
0.073018
0.00061263
-0.0097104
-0.0038333
-0.2406
-0.0025084
-0.0063096
0.78124
-0.48102
-0.71575
0.45085
0.0026188
0.00089913
-0.52996
-0.00022924
-0.015312
-0.0032746
0.77407
-0.00059268
-1.0328
-0.49811
-0.0076988
0.73071
-1.3682
-0.0047683
0.95128
-0.49074
0.33473
-0.021106
-0.76489
2.0059
1.5902
-1.2756
0.85746
0.88258
-0.52289
-0.015097
0.0015281
0.99686
-0.038351
-0.34496
-0.16824
-0.0052806
-0.0072236
-0.0021142
-0.00325
0.88471
0.085903
0.00026309
-0.004412
-0.010009
-0.00022437
-0.088494
-0.26501
-0.019729
-0.16851
-0.43345
-0.22944
-0.89237
-0.0027431
-0.20485
0.00087362
-0.0075996
-0.0018399
-0.19641
-0.0034169
-0.006346
0.43424
-0.81597
-0.47405
0.20912
0.0043897
0.0010885
-0.57249
0.00016458
-0.036888
-0.010795
1.0736
0.0003642
-1.0994
0.68663
-0.007134
0.54043
-0.55662
-0.0046986
1.0674
-0.3408
0.055463
-0.010554
-0.4592
0.79253
1.6002
-0.78571
1.0249
0.15236
-1.2378
-0.014967
0.0036263
0.58169
-0.012711
0.20433
-0.20749
-0.0052526
0.015788
-0.0041727
0.00010376
0.82891
-1.0265
-0.003649
-0.0045075
-0.0043794
-0.00025307
0.61795
-0.018369
-0.016498
0.91943
-1.0351
-0.75696
-1.156
-0.0040738
-0.55134
-0.00072744
-0.0018199
-0.0013305
0.10213
-0.0013544
-0.0025574
-0.5655
-1.0074
0.52785
-0.45773
-0.00071323
-0.0023498
-0.30195
-0.0030137
-0.036563
-0.012902
1.0816
0.00080915
-1.3515
1.114
-0.0069083
-0.21312
0.48096
-0.0047915
0.38343
-0.067583
-0.092999
-0.0050504
0.2217
-0.59928
1.3814
0.15306
0.24417
-0.97938
-0.80816
-0.0084252
0.0030289
0.24879
0.011366
0.32824
-0.3499
-0.0075671
0.033718
-0.0053231
-0.010964
-0.051038
-0.81186
-0.0079903
-0.004633
0.0087255
-0.0032019
0.75478
0.28696
-0.013325
1.1351
-0.74894
0.036624
-0.94998
-0.0063743
-0.78233
-0.0034771
-0.0014999
-0.0078423
0.48743
0.0018958
-0.0010805
-1.0252
-1.1135
1.6459
-0.81436
-0.010095
-0.0065152
0.31783
-0.0069294
0.0034255
0.005041
0.98154
0.0014509
-1.4778
0.22768
-0.0064755
-0.96594
0.57883
-0.0058881
-0.33732
0.04781
0.11386
-0.0097141
0.71419
-1.1733
1.0612
0.87738
-0.24288
-1.6045
0.39471
-0.0012901
-0.0024433
0.20687
0.012216
0.062523
-0.55516
-0.010187
0.039229
-0.0023443
-0.021095
-0.58397
0.037726
-0.010156
-0.0029982
0.015054
-0.0067797
0.20471
0.39806
-0.010857
0.31257
0.069073
1.4031
-0.22311
-0.0068208
-0.73322
-0.0054859
-0.0077041
-0.018759
0.67108
0.00055112
-0.0026471
-0.53473
-1.1875
2.0989
-0.31132
-0.016623
-0.0073866
0.84945
-0.005783
0.044038
0.027937
0.83723
0.0030134
-1.1846
-0.69592
-0.0062227
-1.0641
0.027992
-0.00554
-0.49925
-0.066265
0.13302
-0.013033
0.64087
-0.76359
0.74486
0.79949
-0.28874
-1.2782
0.88529
0.0012357
-0.009593
0.31715
0.00087286
-0.019304
-0.60362
-0.0074509
0.031919
-0.00018749
-0.019158
-0.5263
0.47537
-0.0081024
-0.003005
0.0086182
-0.0058904
-0.24286
0.26328
-0.0075182
-0.42
0.38142
1.6028
0.27413
-0.0045026
-0.31884
-0.0043961
-0.010544
-0.020395
0.48662
-0.0028053
-0.0021137
0.13837
-0.95011
1.6001
0.32381
-0.014758
-0.0047144
0.71344
-0.0014612
0.04209
0.028749
0.41353
0.0023427
-0.020134
-0.13908
-0.37931
-0.45926
-0.21941
-0.046838
0.59891
0.66859
0.4421
0.51783
0.82772
0.79857
0.79075
1.0863
1.0995
1.2925
1.5822
1.337
0.18362
0.32996
0.43661
0.50246
0.6352
0.52318
-0.75399
-0.87536
-0.96972
-1.1081
-1.1532
-0.89759
-0.81333
-1.0648
-1.11
-1.3054
-1.5113
-1.2963
0.23879
0.92475
0.82281
-0.12325
-0.76437
-0.69128
0.29947
1.1441
1.1279
0.02156
-0.87101
-0.93275
-0.19258
0.72402
1.1359
0.23276
-0.94338
-1.2193
-0.76579
0.10307
1.1458
0.699
-0.73475
-1.3122
-0.91717
-0.30677
1.071
1.1515
-0.1446
-1.0655
-0.8049
-0.47743
0.63565
1.0567
0.20354
-0.64375
0.0028341
0.00033661
0.00037069
0.0013381
-0.00037087
-0.0012955
0.0027928
-0.00078507
-0.0020372
-0.0016319
-0.0023818
-0.001782
0.0027022
0.00074065
0.0011647
0.0026408
0.0028429
0.0030734
0.001479
0.0011141
0.0040028
0.0054173
0.0049833
0.0048719
-0.0012309
-0.002965
-0.00094829
-5.602e-05
-0.0016888
-0.00095287
-0.0020581
-0.0053007
-0.0047453
-0.0043935
-0.005184
-0.003308
0.2623
0.51387
0.48984
0.090375
-0.42147
-0.57931
0.48009
0.6667
0.5457
0.11255
-0.47042
-0.71075
0.52566
0.6073
0.4351
0.029645
-0.53574
-0.72692
0.47021
0.59453
0.41748
-0.10105
-0.73454
-0.84662
0.50158
0.77553
0.55329
-0.2363
-0.98695
-1.115
0.43467
0.72752
0.5169
-0.23945
-0.93212
-1.0181
-0.85929
-0.093481
0.88758
0.80158
0.13642
-0.032015
-1.0185
-0.16079
1.0422
0.93197
0.089702
-0.091114
-1.1136
-0.43789
0.8422
0.93618
0.24329
-0.087426
-1.1815
-0.82324
0.48316
1.091
0.65626
0.080514
-1.2314
-1.2706
-0.059107
1.028
0.8622
0.15586
-1.1654
-1.3518
-0.53205
0.50538
0.52374
0.036062
-0.0024225
-0.0020151
-0.0016265
-0.0012779
-0.00097806
-0.00044499
0.00042616
0.0010502
-0.00060723
-0.0014013
-5.9714e-05
0.0011369
0.0037675
0.0042849
0.0017838
0.00098153
0.0019527
0.0021067
0.0020569
0.0024883
0.00088788
0.00067706
0.00090442
-0.00045227
-0.00066186
-0.00124
-0.002334
-0.0018683
-0.00098031
-0.0016732
-1.4216e-05
-0.00056811
-0.0019935
-0.0018889
-0.00039588
-0.00015325
-0.69588
-0.85114
-0.67849
-0.065847
0.87988
1.2056
-0.34424
-0.82038
-1.2431
-0.87287
0.42746
1.283
0.61257
0.065318
-0.95584
-1.3163
-0.54054
0.50368
1.0615
0.95038
-0.042218
-1.0082
-1.0528
-0.36024
0.88509
1.2837
0.84128
-0.18109
-0.82542
-0.70246
0.39818
0.94932
1.0513
0.42082
-0.34278
-0.47478
0.28487
0.49469
0.71298
1.0609
1.0753
0.68317
0.97376
1.3064
1.3282
1.2209
0.73577
0.1133
0.84672
0.91458
0.54021
0.060114
-0.58897
-0.91633
-0.19335
-0.4139
-0.73636
-0.91843
-1.1751
-1.1487
-0.72924
-0.99903
-0.98958
-0.77685
-0.71299
-0.66357
-0.50365
-0.52945
-0.41088
-0.12866
-0.044667
-0.14055
-0.97771
-1.1794
-1.344
-1.4037
-1.2174
-0.85184
-1.0697
-1.1796
-0.85303
-0.49086
-0.08775
0.10163
-0.62162
-0.17901
0.59925
1.1514
1.326
1.0319
-0.13499
0.53669
1.0724
1.1868
1.0616
0.67756
0.27106
0.50039
0.4371
0.24375
0.24661
0.18474
0.45833
0.33552
0.068433
-0.056541
0.15755
0.23044
0.0088139
0.0034494
0.0042791
0.017284
0.025948
0.018924
0.0086159
0.0023682
0.0080548
0.023693
0.027734
0.015367
0.0022313
-0.0011721
0.0090513
0.018017
0.0093953
-0.0039227
-0.012222
-0.012011
0.0022087
0.0081739
-0.0078496
-0.019437
-0.0217
-0.02201
-0.0072294
-0.00093646
-0.012773
-0.019911
-0.018441
-0.0201
-0.0091998
-0.0043126
-0.0095306
-0.013151
0.46841
0.91693
0.99355
0.3744
-0.50311
-0.77696
0.96114
1.3223
0.95863
-0.11769
-1.0177
-0.96814
1.0169
0.85112
-0.018808
-0.70977
-0.90236
-0.41148
0.37248
-0.21987
-0.82131
-0.77837
-0.2246
0.28836
-0.36926
-0.87148
-0.8781
-0.26171
0.54415
0.75943
-0.53172
-0.7448
-0.45364
0.12622
0.64047
0.64816
0.077973
0.30621
0.28501
-0.19677
-0.77149
-0.72924
-0.62839
-0.4368
0.083571
0.22756
0.14264
0.14868
-1.0941
-1.2657
-0.63688
0.2301
0.8255
0.97833
-0.24042
-0.60874
-0.64784
-0.35542
0.29683
0.62862
1.4713
1.2652
0.23545
-0.70682
-0.81421
-0.40335
1.8138
1.8869
0.82353
-0.45573
-1.0618
-0.708
0.25517
0.34551
0.5469
0.67315
0.68227
0.3777
-0.10553
-0.14145
0.079934
0.32927
0.37015
0.15326
-0.63405
-0.81908
-0.85466
-0.79509
-0.81384
-0.67345
-0.84099
-1.0628
-1.2614
-1.4056
-1.3781
-1.037
0.23139
0.34288
0.12896
-0.13831
-0.20469
-0.029828
1.095
1.5144
1.5005
1.3136
1.022
0.81235
0.30774
0.020896
-0.55418
-0.45971
0.63541
1.2267
0.34808
-0.0040734
-0.75432
-0.6511
0.6528
1.2679
0.15227
-0.19013
-0.74377
-0.57391
0.52644
0.85845
-0.23071
-0.55952
-0.75221
-0.20708
0.65366
0.73289
-0.74502
-1.028
-0.77354
0.10412
0.8894
0.84467
-0.98247
-1.1785
-0.7409
0.18751
0.87245
0.76606
-1.194
-1.1233
0.20319
0.98351
0.53125
-0.087438
-1.4892
-1.0671
0.6436
1.1027
0.29884
-0.24356
-1.5508
-0.67729
0.91631
0.87358
0.038061
-0.33607
-1.3755
-0.12643
1.1999
0.70474
-0.13758
-0.32218
-0.79899
0.58955
1.3261
0.54609
-0.27377
-0.36133
-0.1712
0.83184
1.0096
0.29129
-0.20131
-0.30365
0.10684
-0.026292
-0.029193
0.32136
0.49711
0.33337
-0.22029
-0.35782
0.094294
0.7553
0.58936
-0.050943
-0.47071
-0.23153
0.72116
1.1316
0.22546
-0.74199
-0.22192
0.45244
1.2541
0.85612
-0.66912
-1.3733
0.50668
1.11
1.0238
-0.23517
-1.4818
-1.6075
0.7624
0.91526
0.18623
-0.94292
-1.5461
-1.2961
-0.70112
-0.47103
0.40934
1.0252
0.53332
-0.2121
-0.8295
-0.87838
0.11485
1.1767
0.81922
-0.2253
-0.70509
-1.0669
-0.35587
0.98273
1.0672
0.042929
-0.40122
-0.94774
-0.92134
0.38163
1.255
0.77711
-0.001045
-0.74601
-1.2684
-0.42952
1.0342
1.2401
0.11678
-0.55974
-1.1867
-0.78289
0.32595
0.86494
0.0023103
0.00078712
-0.0018601
0.0012022
0.01058
0.014257
0.0068433
0.0045832
-0.00075508
3.7864e-05
0.0080509
0.01107
0.0089027
0.0057047
-0.0016335
-0.002805
0.0038613
0.0070948
0.0052918
-0.00055196
-0.0076474
-0.0069963
0.0025271
0.0075234
-0.0027064
-0.011195
-0.016061
-0.010784
0.00077603
0.0061241
-0.0070792
-0.014588
-0.016155
-0.0096227
1.6769e-05
0.0037257
-0.0045862
-0.0010258
0.0021809
-0.0023562
-0.0102
-0.010495
-0.00096211
0.0025081
0.0044108
-0.00046196
-0.0082782
-0.010058
0.0013143
0.0041749
0.0048507
0.0023182
-0.0027032
-0.006141
0.00013072
0.0027187
0.0052773
0.0054293
0.0001545
-0.0050763
-0.0019393
0.0017779
0.0066536
0.0075458
0.0020588
-0.0034531
-0.0018346
0.0015384
0.0054243
0.0061445
0.0029748
-0.00028045
0.088772
0.019095
-0.17975
-0.15774
0.032774
0.1272
-0.47219
-0.77632
-1.0207
-1.0625
-0.8184
-0.55508
-1.1251
-1.2811
-1.1901
-0.9974
-0.80442
-0.56074
-0.64822
-0.44581
0.094568
0.55839
0.70217
0.60822
0.75122
1.0242
1.1232
1.2323
1.1715
1.0099
1.0742
0.98227
0.56502
0.26908
0.22011
0.26193
0.00709
0.00096161
0.0018775
0.01424
0.023661
0.020038
0.013287
0.0041308
0.0034385
0.016375
0.023796
0.016553
0.0056709
-0.006364
-0.0056434
0.0085125
0.014214
0.0074919
-0.016075
-0.030296
-0.020391
0.0030307
0.010836
0.0038183
-0.035876
-0.046801
-0.023053
0.0089989
0.016107
0.0060134
-0.035162
-0.038612
-0.011414
0.014723
0.01754
0.0060896
1.6464
1.4493
0.1611
-0.74539
-0.57328
-0.11765
1.6467
1.0366
-0.51966
-1.1033
-0.38255
0.35334
0.79681
-0.11414
-1.1188
-0.93359
0.15271
0.84855
-0.092105
-0.82788
-0.98854
-0.46908
0.29448
0.69574
-0.55244
-0.71559
-0.31674
0.076596
0.18206
0.23071
-0.44283
-0.2869
0.21337
0.32788
0.091412
0.0074654
-0.57081
-0.071332
0.89097
1.4228
1.4756
1.0987
-0.75006
-0.56311
0.33944
1.3043
1.7741
1.5553
-0.53059
-0.75749
-0.57451
0.092733
0.7417
0.93234
-0.18077
-0.55908
-0.79624
-0.78559
-0.52604
-0.13793
-0.097369
-0.35942
-0.56189
-0.74317
-0.89919
-0.77508
-0.20645
-0.23865
-0.18173
-0.313
-0.57102
-0.65995
0.0010104
1.7678e-05
-0.00098623
0.00046591
0.001637
0.001122
0.0048479
0.0043452
0.0011009
0.0012133
0.0029588
0.0023663
0.0063994
0.0062981
0.0022537
0.0011806
0.0018874
0.0015098
0.003073
0.0027645
-0.00020128
-0.002387
-0.0030934
-0.0029369
-0.00060459
-0.0017763
-0.0028373
-0.0047212
-0.0060948
-0.0058443
-0.00065751
-0.0012126
-0.0014897
-0.0029855
-0.0044049
-0.0049231
0.010229
0.01298
0.023123
0.038673
0.041783
0.026654
-0.010887
-0.018931
-0.01284
0.0044991
0.012498
0.0052555
-0.030812
-0.045568
-0.046437
-0.035142
-0.023
-0.013902
-0.030424
-0.039718
-0.034412
-0.019191
-0.0039503
0.00488
-0.025032
-0.019572
0.0038017
0.026108
0.04056
0.036824
-0.017928
-0.0061228
0.019649
0.039301
0.046528
0.036761
-0.00021806
-0.00068439
-0.0015391
-0.00057592
0.0032268
0.0044878
-0.002027
-0.00059028
0.00018665
0.0004423
0.0032896
0.0053436
-0.0023357
0.00095074
0.0013763
-0.0022823
-0.0017256
0.0017375
-0.0014207
0.0015082
0.0014363
-0.0027191
-0.0016761
0.0017337
-0.0022181
-0.00022864
0.0004529
-0.00057654
0.0010327
0.0029743
-0.002468
-0.0026245
-0.001932
-0.0019139
-0.0006292
0.00034905
0.014557
0.023896
0.020717
0.011734
0.0047228
0.001051
0.025153
0.034094
0.023551
0.0083202
0.0016427
0.00072616
0.027156
0.032489
0.014859
-0.0097125
-0.018555
-0.013862
0.016648
0.023661
0.0068378
-0.023632
-0.041224
-0.034017
0.0010737
0.011608
0.0016986
-0.024728
-0.043762
-0.036851
-0.0036968
0.0035264
0.00041458
-0.014279
-0.023711
-0.020204
0.97181
0.39589
-0.73225
-1.1772
-0.82334
-0.18823
1.3121
0.86618
-0.39238
-1.1335
-0.94094
-0.37735
1.1453
1.0927
0.17613
-0.73839
-0.8561
-0.53264
0.69389
1.0682
0.50024
-0.4069
-0.76073
-0.60721
0.31117
0.99427
0.66691
-0.21131
-0.64884
-0.58864
0.21884
0.92489
0.76286
-0.062964
-0.53784
-0.4999
0.94976
0.46659
-0.444
-0.24353
0.22767
0.19265
1.253
0.62709
-0.52262
-0.46307
-0.09119
-0.081196
1.4955
0.67525
-0.63055
-0.72114
-0.44278
-0.36942
1.706
0.60772
-0.95338
-1.0925
-0.71413
-0.39936
1.553
0.3591
-1.2846
-1.3107
-0.50798
0.049941
1.0499
0.10179
-1.0418
-0.8053
0.11704
0.47748
0.0018644
-0.0032809
-0.0080241
-0.0041874
0.00025787
-2.6796e-05
0.0031372
-0.0036192
-0.0070591
-0.00090626
0.0029356
-3.3697e-05
0.0051634
0.00096294
-0.00093127
0.0035713
0.0035239
-0.00079547
0.0060409
0.0051095
0.0030852
0.0043617
0.002007
-0.0016881
0.0070525
0.0048999
0.00042775
-0.0017489
-0.0031662
-0.0031566
0.0049935
0.0021234
-0.0035919
-0.0074494
-0.0078555
-0.0047026
-0.0019893
-0.00094239
-0.00081602
-0.0021817
-9.7296e-05
0.0027716
-0.0029965
-0.0011163
1.4195e-05
-0.0011119
0.00082053
0.0037274
-0.00029755
0.0019986
0.002731
0.00072374
0.00085489
0.0023676
0.00062398
0.0027767
0.0024683
0.00018397
-9.151e-05
0.0010372
-0.0010452
-0.00062112
-0.0013021
-0.0019457
-0.00057873
0.0011789
-0.0018804
-0.0018704
-0.002558
-0.0025323
-0.00067305
0.0015238
-0.009429
-0.022164
-0.021378
-0.0059579
0.0029592
-0.00035185
-0.013452
-0.026151
-0.019646
-0.00039528
0.0060601
-0.0013222
-0.014293
-0.020734
-0.0092141
0.010772
0.012726
0.001682
-0.012805
-0.015319
-0.00023042
0.022514
0.025612
0.011586
-0.0070794
-0.010574
0.0031079
0.025201
0.03154
0.019145
-0.0029281
-0.0059763
0.00067019
0.014254
0.019208
0.012249
-7.7854e-05
-9.9059e-05
0.00012784
-0.0012679
-0.0044152
-0.0045758
0.0011647
0.0020106
0.0020307
-0.00068368
-0.0044986
-0.0040909
0.0032665
0.0041651
0.0024775
-0.00037951
-0.0029604
-0.0028046
0.0042465
0.0048036
0.0026816
0.0007537
-0.0010723
-0.0020265
0.0026658
0.0029806
0.0022766
0.001294
-0.00068857
-0.0032838
0.0004584
0.00032521
0.00047172
0.00014806
-0.0025296
-0.0046745
-0.091526
-0.93205
-1.3373
-0.40512
0.89113
0.89398
-0.28193
-1.167
-1.1929
0.30135
1.4194
0.89197
-0.59775
-1.1623
-0.62839
0.88051
1.2597
0.40802
-0.889
-1.0338
-0.027458
1.043
0.70363
-0.18312
-0.84142
-0.56908
0.49913
1.0517
0.34639
-0.37538
-0.48009
-0.057525
0.64651
0.78674
0.25421
-0.1932
-0.24997
-0.35855
-0.2402
0.010023
0.18878
0.16652
-0.32722
-0.42623
-0.25817
0.040256
0.26083
0.22721
-0.34555
-0.38596
-0.18088
0.12858
0.33837
0.27633
-0.35106
-0.3593
-0.099598
0.2594
0.44457
0.32727
-0.33187
-0.33773
-0.028015
0.35998
0.50241
0.34009
-0.25415
-0.24999
-0.0079785
0.28638
0.38721
0.2552
0.0057814
0.0033022
0.00086834
0.0032565
0.0064382
0.0057202
0.010718
0.0061765
-0.00026217
0.00098231
0.0037827
0.0044752
0.013523
0.0081661
0.001441
0.0025286
0.0049649
0.0046302
0.0063107
-1.0822e-05
-0.0038359
0.0013058
0.0062551
0.0063978
-0.0075449
-0.015784
-0.014992
-0.0067685
0.00021648
0.0023159
-0.012535
-0.018352
-0.015551
-0.0089511
-0.0032529
-0.00050428
0.40243
0.34808
-0.026745
-0.64669
-0.97575
-0.69847
0.13604
-0.24713
-0.70354
-0.99286
-0.69984
-0.068488
-0.45062
-0.90094
-1.018
-0.30669
0.68091
0.92526
-0.71183
-0.96826
-0.31796
0.86392
1.4618
1.1141
-0.75866
-0.48636
0.68236
1.5233
1.1594
0.31112
-0.64175
-0.12633
0.97565
1.1632
0.36768
-0.33573
-1.4627
-1.42
-0.53653
0.4991
0.802
0.53456
-1.2681
-0.6258
0.5794
1.1459
0.75033
0.14749
0.048953
0.97114
1.3535
0.82393
-0.14996
-0.60137
1.0518
1.2232
0.5097
-0.35945
-0.82383
-0.67128
0.80657
0.29068
-0.70286
-1.0235
-0.57836
-0.048046
0.161
-0.38188
-0.95664
-0.70599
0.0061403
0.31134
-0.24146
-0.074908
-0.083308
-0.66108
-1.0596
-0.46442
-0.38628
-0.1012
-0.24371
-0.92961
-1.0476
-0.066395
-0.13139
-0.0060804
-0.46921
-1.018
-0.40605
0.8159
0.40359
0.1653
-0.7057
-0.93555
0.48035
1.6311
0.58699
0.066786
-0.89947
-0.4977
1.3078
1.8736
0.38016
-0.18486
-0.7418
0.067973
1.4181
1.5434
0.47254
0.58226
0.11734
-0.49474
-0.93643
-0.84223
0.55957
0.94713
0.823
0.21972
-0.60865
-0.85277
-0.13952
0.39492
1.0338
1.2139
0.55201
-0.10309
-0.92258
-0.69857
0.088056
1.0082
1.1962
0.72424
-0.81523
-1.1066
-0.97434
-0.19021
0.67729
0.83782
-0.46315
-0.84188
-1.0879
-0.87852
-0.22675
0.24812
-0.0016166
-0.0010056
-0.00048193
-0.0022985
-0.0022801
-5.2568e-05
-0.00060504
0.00036687
0.00028679
-0.0022338
-0.0034432
-0.00065154
0.002161
0.0039767
0.0034616
0.0013318
-0.00033021
0.00080004
0.0032244
0.0046429
0.004543
0.002772
0.00041198
9.6724e-05
-0.0008776
-0.00028719
0.00097616
0.00011966
-0.001113
-0.0011896
-0.0038255
-0.0028531
-0.00094219
-0.0010988
-0.0014406
-0.0010373
1.6038
1.8808
1.7695
1.3623
0.75651
0.45281
0.75926
1.0243
0.97241
0.57773
0.21872
0.071778
-0.84836
-0.80496
-0.58122
-0.52053
-0.31574
-0.060986
-1.0839
-1.0446
-0.7094
-0.5454
-0.30469
0.10082
-0.41955
-0.53633
-0.53378
-0.62213
-0.52839
-0.030929
0.055434
-0.22055
-0.55463
-0.76816
-0.74405
-0.28943
0.0028381
0.001144
-0.00096911
0.00066979
0.0023249
0.0013766
0.0023592
0.00037961
-0.0020692
-0.00072732
0.0021391
0.0028033
0.0022994
-0.00045092
-0.004482
-0.0046147
-0.0013661
0.0018752
0.0044176
0.0022036
-0.0038969
-0.0062754
-0.0046402
-0.0011937
0.0070657
0.0054786
-0.00022147
-0.0045558
-0.0054244
-0.0038969
0.0051694
0.0046053
0.0015272
-0.0018427
-0.0042216
-0.0042541
-0.0054678
-0.0016437
0.00098935
-0.0028275
-0.0087308
-0.009686
0.0022963
0.0066865
0.0050097
-0.0017693
-0.0056752
-0.0043513
0.0066113
0.0095988
0.0059808
0.0012834
0.0018285
0.0022295
0.0032532
0.0063017
0.0056715
0.0049079
0.0032666
0.00028721
-0.0026361
-0.00030316
0.0033293
0.0041063
-0.00069375
-0.0059748
-0.0049526
-0.0053851
-0.0018387
-0.00064308
-0.004289
-0.0075838
0.0019861
-0.0016469
0.00019708
0.0084815
0.011742
0.0062747
0.0025321
-0.0013537
0.0050286
0.017931
0.01853
0.007255
-0.0031702
-0.0060155
0.0041018
0.018499
0.016748
0.0040699
-0.0095614
-0.012063
-0.0025316
0.0092023
0.0057179
-0.0030308
-0.0089767
-0.010625
-0.0051101
-0.0020444
-0.0085273
-0.012621
-0.0059496
-0.0056503
-0.0028449
-0.0069571
-0.014981
-0.015611
-0.43567
-0.67238
-0.50084
0.017294
0.41281
0.35971
-0.53899
-0.75433
-0.55863
-0.04528
0.41692
0.37666
-0.56253
-0.65281
-0.43062
0.023464
0.41775
0.3807
-0.5172
-0.52868
-0.21654
0.29054
0.60457
0.4837
-0.3681
-0.34853
0.03895
0.54135
0.77446
0.57451
-0.19694
-0.1625
0.12594
0.48952
0.66053
0.48118
-0.0017405
-0.0027559
-0.0012516
0.00062686
-0.00049295
-0.0020545
-0.0001704
-0.0005977
0.00080992
0.0012098
-0.001393
-0.003132
0.00077339
0.0003484
0.0011713
0.0018935
-8.498e-05
-0.0014928
0.00083814
-0.0015116
-0.0014581
0.0011334
0.0004438
-0.00057807
0.0015146
-0.0020816
-0.0011731
0.002408
0.0018967
-0.0009649
0.0015301
-0.0015342
0.00019251
0.0036298
0.0025266
-0.0002786
0.0052339
0.0034681
0.00097569
0.0044389
0.011685
0.013019
0.0037585
0.0027798
0.0021959
0.0061199
0.012994
0.013786
-0.0033267
-0.0023333
0.00056056
0.0018143
0.0030827
0.0038448
-0.010152
-0.0088228
-0.0036532
-0.0034598
-0.0065784
-0.0062697
-0.0090155
-0.0093468
-0.0046446
-0.0030253
-0.0054779
-0.005697
-0.0036466
-0.0047731
-0.0019301
-8.8857e-06
0.00044203
-0.00077858
-0.46152
0.50878
1.1505
0.41603
-0.67606
-0.98897
-0.20096
0.99409
1.3703
0.20733
-0.93986
-0.947
0.20372
1.1186
0.95733
-0.28344
-0.94391
-0.54923
0.57501
1.0576
0.31844
-0.7208
-0.83618
-0.21846
0.85396
0.79943
-0.27391
-1.1019
-0.7774
-0.061244
0.76932
0.42236
-0.51468
-1.0495
-0.55101
0.13477
-0.16225
-0.12198
-0.077245
-0.2234
-0.48912
-0.4868
-0.71377
-0.93847
-0.89831
-0.75845
-0.76609
-0.65092
-0.020491
-0.08904
-0.11765
0.005185
-0.032158
-0.11305
1.3325
1.6007
1.5086
1.3436
1.0837
0.61973
0.83368
0.93331
0.82139
0.5649
0.29812
0.14186
-0.42267
-0.78404
-0.9828
-1.0419
-1.125
-0.87265
-0.15314
-0.2497
-0.050177
0.28629
0.51122
0.43574
-0.18725
-0.22983
-0.13952
-0.11246
-0.26609
-0.431
-0.13244
-0.23214
-0.43109
-0.80942
-1.2631
-1.1521
-0.28534
-0.44604
-0.48578
-0.52547
-0.69916
-0.57186
-0.64384
-0.60842
0.13371
1.0212
1.4281
1.203
-0.66343
-0.40186
0.53167
1.5845
1.9688
1.5301
-0.40336
-0.86808
-1.0448
-0.48793
0.61892
1.0822
-0.12023
-0.72353
-1.1847
-0.64708
0.88379
1.4579
0.23592
-0.38246
-1.0601
-0.698
0.90711
1.5049
0.38549
-0.05494
-0.85112
-0.6778
0.73243
1.3191
0.49391
0.23125
-0.66388
-0.84722
0.14794
0.77911
0.42148
0.27244
-0.45809
-0.77065
-0.18815
0.32035
0.0008003
-0.0041321
-0.0018132
0.0072949
0.011182
0.0072659
-0.0017294
-0.0078815
-0.0021559
0.010223
0.014313
0.0076469
-0.0056733
-0.0086213
-9.9323e-06
0.011228
0.012015
0.0064845
-0.0071172
-0.0069437
0.00021961
0.0042462
0.0018432
-5.7591e-05
-0.00013977
-0.00039073
-0.00097353
-0.0055089
-0.010712
-0.00964
0.0056
0.0041451
-0.00051369
-0.007346
-0.012474
-0.010114
0.0015618
-0.00039068
-0.0029171
-0.002273
0.00085167
0.0015741
0.0029669
0.001247
-0.00084429
0.00015341
0.0025764
0.003084
0.0035209
0.002162
-0.00068011
-0.00070115
0.00069378
0.0013923
0.0028185
0.0019486
-0.0018535
-0.0042989
-0.0034704
-0.0019711
0.0021555
0.002167
-0.001199
-0.004894
-0.0043733
-0.0019687
0.0013345
0.002345
0.00055118
-0.0024922
-0.0027945
-0.0013467
-0.47571
-1.0327
-1.2982
-1.1769
-0.85299
-0.51142
0.54662
0.036944
-0.70253
-1.1607
-1.1764
-0.83571
1.2329
1.3613
0.90472
-0.060747
-0.85068
-0.88663
0.46023
0.98161
1.1392
0.90488
0.30131
-0.15364
-0.43988
-0.26547
0.24424
0.83734
1.1407
0.84149
-0.40992
-0.49153
-0.25132
0.31649
0.8148
0.74775
0.0049416
3.8942e-05
-0.0055415
-0.0049424
0.0012366
0.0061752
0.0022462
-0.0010937
-0.0030847
-0.0035585
-4.9998e-05
0.0049391
-0.0026218
-0.0021334
0.00088507
-0.00051647
0.00041266
0.0053574
-0.0030501
-0.0017532
0.00073775
-0.0016248
-0.00056756
0.0045219
0.0016586
0.001485
-0.00042387
-0.0041623
-0.0034667
0.0015146
0.0031929
0.0025185
9.7606e-05
-0.0028165
-0.0026966
0.0009585
-0.030197
-0.053321
-0.047906
0.0067663
0.07184
0.077909
-0.031909
-0.056709
-0.052947
0.0010596
0.070305
0.08054
-0.022879
-0.036641
-0.036168
-0.0069077
0.032941
0.044229
-0.019696
-0.028802
-0.020514
0.0067403
0.031787
0.032057
-0.020798
-0.046239
-0.034015
0.013223
0.052599
0.045742
-0.019301
-0.050894
-0.047236
0.00057586
0.045091
0.043559
-0.01467
-0.019207
-0.011696
-0.0031828
-0.0027706
-0.0044796
-0.018834
-0.020111
-0.01277
-0.0060329
-0.0045973
-0.0018218
-0.015128
-0.012081
-0.0072236
-0.0051806
-0.0014818
0.0042556
-0.0064459
-0.0030788
0.00074432
0.0078831
0.017973
0.020856
-0.0017974
-0.0052255
-0.0011537
0.015302
0.035186
0.034283
-0.0024827
-0.010743
-0.0098828
0.007533
0.027464
0.025431
-0.65602
-0.65171
-0.3967
-0.52754
-0.75172
-0.64286
-0.57802
-0.63089
-0.47824
-0.58259
-0.84987
-0.83431
-0.17045
-0.22445
-0.31049
-0.58969
-0.85749
-0.84358
0.71381
0.80812
0.43107
-0.18631
-0.65971
-0.66715
1.2497
1.4184
1.0843
0.60012
0.18277
-0.069177
0.83115
1.064
1.0255
0.91487
0.74636
0.38101
0.00057237
0.00059111
0.0010845
0.0018403
0.0045663
0.0061416
0.0016432
0.0016264
0.0020653
0.0023063
0.0016378
0.0019918
-0.0006259
-0.0012322
-0.0007603
-0.0020517
-0.0049254
-0.0044623
-0.0012938
-0.0020436
-0.002544
-0.0052491
-0.0081703
-0.0060214
0.00051006
0.0019708
0.0013591
-0.0018301
-0.0034623
-0.0010143
-0.00093919
0.0013407
0.0026112
0.0023697
0.0026897
0.0034172
-5.2989
-5.108
-4.5516
-5.0717
-5.2532
-4.5513
-5.0734
-5.1439
-5.2952
-4.5513
-4.9447
-4.8924
-4.9416
-5.1693
-5.341
-5.3264
-5.1678
-4.5506
-4.5518
-5.2003
-4.5501
-5.0126
-4.9375
-4.5516
-4.5513
-4.5521
-4.5434
-5.1849
-5.1398
-4.5517
-4.5525
-4.5429
-4.5523
-5.2194
-4.7204
-4.5523
-5.0958
-4.9788
-5.0744
-5.0878
-4.5528
-5.0205
-4.5517
-4.5519
-4.548
-4.8427
-4.5526
-4.5517
-5.0547
-4.9616
-4.9048
-5.1767
-4.5485
-4.5528
-5.1821
-4.5523
-4.5426
-4.5438
-5.0242
-4.5525
0.02176
0.016308
0.002228
-0.007107
-0.0035076
-0.0043205
0.014974
0.0096027
0.001408
-0.0012612
1.0536e-05
-0.0032473
0.01801
0.012996
0.0040197
-0.0029502
-0.005428
-0.004892
0.0143
0.01417
0.0079929
-0.0083122
-0.01465
-0.010616
0.0020109
0.0034831
0.011113
-0.0012664
-0.023386
-0.023989
0.0013183
-0.00010506
0.0084469
0.0016837
-0.018072
-0.02004
