-0.37554
-0.72712
0.69343
-0.37811
0.79381
-0.10916
0.0089947
1.1758
1.1512
0.1274
0.0013771
-0.0053217
-0.18939
0.015777
-0.32334
0.0090619
-0.019888
0.0023446
0.0009396
0.59546
-0.3948
0.069844
0.95537
-0.82888
-0.0030219
0.28515
-0.0076824
-0.82791
-1.3737
-0.98244
-0.47061
1.3859
0.0072291
0.76448
-0.9731
-0.62627
0.075098
-0.4604
0.040527
-0.17562
-0.53557
-0.99148
0.22405
-0.45251
0.78845
-0.52702
0.011562
1.0647
1.5625
0.37113
0.0045662
0.0028175
0.087489
0.013245
-0.27339
0.0082381
-0.31674
0.0069559
0.0049463
0.71025
-0.43953
-0.60219
0.97675
0.066799
-0.0053381
0.2755
-0.0084447
-0.33322
-1.5732
-1.1422
0.32193
1.8714
0.0064759
0.018023
-1.1733
-0.69692
0.44998
-0.39325
0.52749
-0.67068
-0.61665
-0.91771
-0.74047
-0.28409
-0.032653
-0.65375
0.0092469
0.034027
0.99682
0.346
0.0040881
0.012059
0.38259
0.001156
0.015348
0.0037505
-0.84673
0.0072902
0.0085761
0.40136
-0.17624
-1.1614
0.30106
1.1204
-0.0058407
0.2586
-0.0091286
0.8578
-0.5392
-0.83293
1.2418
1.7856
0.0014243
-0.94228
-0.64936
-0.80746
0.58
0.28639
1.0617
-0.75948
-0.66645
-0.70501
-1.2451
-0.1668
-0.80733
0.063897
0.005491
-0.70688
-0.046204
0.0052907
-0.0034683
0.0052752
0.1338
-0.011206
0.23066
-0.00068408
-1.0342
0.0038008
0.0096894
-0.10938
0.23887
-0.66933
-0.57468
0.91415
-0.006853
0.69687
-0.011458
1.2413
0.62386
-0.35705
0.96669
1.4769
-0.003607
-1.0137
0.11716
-1.2345
0.038752
1.3733
1.0394
0.093799
-0.58774
-0.43944
-1.0086
-0.24278
-0.78576
1.2378
0.0012728
-0.57415
-0.62661
-0.33702
-0.011253
-0.010796
-0.48063
-0.017403
0.20205
-0.0057841
-0.21758
0.00020066
0.0052428
-0.42252
0.47157
0.41833
-1.016
0.074313
-0.0064307
1.3505
-0.009668
0.5455
0.73152
0.078035
-0.26482
1.0956
-0.0060706
-0.55369
0.37862
-1.5961
-0.86106
2.1085
0.62266
0.84595
-0.35089
-0.19362
-0.46325
-0.26632
-0.24882
1.4501
-0.0024743
-0.040911
-0.52766
-0.38371
-0.011343
-0.017186
-0.62169
-0.014665
0.054549
-0.0070565
0.73392
-0.00080189
-0.0010697
-0.37242
0.34662
0.69021
-0.84443
-0.43101
-0.0024368
1.2641
-0.0034936
-0.093474
0.15903
0.26123
-0.91327
0.59436
-0.0051183
-0.12609
0.21825
-1.3556
-1.0986
1.7974
0.22382
0.6908
-1.0291
-0.31981
1.1971
-0.6991
0.71793
0.073927
0.011111
1.5785
1.4131
-0.027726
0.0072338
-0.016263
0.020106
0.022792
-0.41487
0.0090374
-0.16052
0.0016646
0.00037139
0.31688
0.68994
-0.20201
0.88479
-1.1257
-0.0007541
0.32315
-0.00415
-1.0964
-1.712
-0.55606
-0.2555
0.96153
0.0078977
1.1789
-1.1086
-0.46556
-0.0329
-0.57702
-0.35566
-0.14396
-1.2948
-0.4378
1.1452
-0.82818
0.22772
-0.51731
0.013622
1.126
1.6827
0.48565
0.010209
-0.0086231
0.30888
0.023272
-0.51947
0.0065401
-0.4718
0.0052221
0.0033775
0.36259
1.0815
-0.91732
1.3508
0.028283
-0.0026509
0.28004
-0.0037165
-0.84843
-1.271
-0.98799
0.75011
1.1451
0.0079804
0.39229
-1.1671
-0.4662
0.42488
-0.7768
0.068551
-0.73918
-1.1173
-0.3598
0.023645
-0.64849
-0.91349
-1.0309
0.011214
-0.39248
0.91176
0.73929
0.0076932
0.0064886
0.34356
0.0068542
-0.30503
-0.00026818
-0.96506
0.0056616
0.0080964
0.13154
1.2402
-1.0003
1.2113
1.3456
-0.0053552
0.24246
-0.003937
0.48318
0.4265
-1.2086
1.3812
0.82146
0.0024558
-0.84529
-0.35049
-0.45972
0.74346
-0.50084
0.94339
-0.78034
-0.70574
-0.053891
-1.0826
-0.57995
-1.3118
-0.38844
0.006484
-1.1409
-0.24191
0.29467
-0.0003862
0.010396
-0.24272
-0.014099
0.0181
-0.0038593
-0.99001
0.00035238
0.011056
-0.31305
1.22
0.10863
0.58849
1.0573
-0.0080346
0.62048
-0.0049751
1.2998
1.3341
-1.0791
0.61442
0.40567
-0.003236
-1.0257
0.50153
-0.86297
0.28426
0.35242
1.4748
0.31813
-0.21723
0.33889
-1.325
-0.75991
-0.50933
1.2489
-0.00046779
-0.7124
-0.82333
-0.41358
-0.0084293
-0.0014988
-0.89182
-0.027519
0.14459
-0.0068503
0.22613
-0.0053115
0.0071735
-0.70971
0.9426
1.1168
-0.043639
-0.012999
-0.0079663
1.0312
-0.0012026
0.83507
0.73871
-0.60843
-0.82429
0.039897
-0.0071824
-0.54648
0.61748
-1.3843
-0.84041
1.2029
1.4902
1.1012
0.049207
0.49656
-0.82028
-0.73626
0.36479
1.8031
-0.0041877
0.078257
-0.63988
-0.62871
-0.0078336
-0.010327
-0.69286
-0.024286
0.077339
-0.0072649
1.2352
-0.0048381
0.00066788
-0.64533
0.47093
0.89999
-0.2732
-0.51555
-0.005086
0.79341
0.0027564
0.073191
-0.13985
-0.15436
-1.1814
-0.146
-0.0075801
-0.075555
0.32959
-1.338
-1.215
1.1945
1.0613
0.75099
-1.0693
0.85212
0.83038
-0.78215
0.025909
0.35495
0.0057163
1.5485
0.81764
-0.5005
0.011117
-0.028144
0.34425
0.023448
-0.32487
0.0029768
-0.17934
-0.00040066
-0.0034401
-0.71267
1.317
-0.75456
-0.28375
-1.3105
0.00096968
0.41323
0.0020375
-0.9019
-1.2208
0.83521
0.38793
-0.30613
0.0013956
1.3569
-1.0249
0.011883
-0.12273
-0.31139
-0.78431
-0.11245
-1.1815
1.1914
1.5096
-0.86022
-0.79588
-0.21609
0.0083662
0.78051
0.80123
0.18368
0.010036
-0.026803
0.28844
0.0269
-0.77818
-0.0015577
-0.37648
0.0016723
-0.0020518
-0.88001
1.5701
-0.97441
0.24244
-0.21486
-0.00055873
0.53999
0.0058498
-1.0854
-0.004865
0.5909
1.0579
-0.67465
0.00071929
0.81103
-0.85035
0.26617
0.35419
-0.68806
-0.88632
-0.69927
-0.73085
1.2131
1.086
-0.67979
-1.4214
-1.0293
0.0070335
-0.711
0.1639
0.99275
0.00537
-0.002986
-0.26856
0.011037
-0.93124
-0.00598
-0.79264
0.00029297
0.00080924
-0.81251
1.2843
-0.10028
0.91584
1.1504
-0.002641
0.50261
0.0065927
-0.28061
1.3214
-0.31659
0.8575
-0.87975
-0.0020845
-0.44427
0.072959
0.58976
0.82964
-1.0461
-0.3616
-0.65692
0.076138
1.2217
-0.11746
-0.64635
-0.74944
-0.83698
0.0020224
-1.1009
-0.50505
0.90556
0.00040663
0.020629
-0.98649
-0.012118
-0.64696
-0.0063004
-0.73119
-0.0036346
0.0022863
-0.85411
0.72979
1.1086
1.3675
0.8565
-0.0032031
0.31853
0.0074767
0.86793
1.1472
-1.0297
-0.2537
-0.94786
-0.0052732
-0.79388
0.65618
0.70086
0.57209
-1.1692
0.4425
0.43165
0.72179
1.236
-1.0398
-0.88096
0.6701
0.67272
-0.0057548
-0.38845
-0.82063
0.033859
-0.0015126
0.022567
-0.99418
-0.028417
-0.30738
-0.0066634
0.60349
-0.0068089
-0.00044169
-1.0377
0.14176
1.2107
1.3359
-0.24662
-0.0046094
-0.16206
0.0093573
1.0782
0.032318
-1.0992
-1.1205
-0.95128
-0.0083504
-0.46515
0.58674
0.34815
-0.59142
-0.94897
1.0564
0.97043
0.72887
0.99771
-0.98685
-0.87329
1.1493
1.6083
-0.0081478
0.37327
-0.58409
-0.54522
-0.0004478
0.012736
-0.1732
-0.024237
-0.10767
-0.0065497
1.452
-0.0064954
-0.0030427
-0.81703
-0.20315
0.35564
0.85701
-0.62759
-0.0048397
-0.52061
0.0082402
0.53208
-0.57935
-0.71521
-0.86845
-0.69118
-0.0097452
-0.087333
0.32142
-0.091106
-1.1041
-0.56044
1.0819
0.45781
0.090416
1.0358
-0.2077
-0.3994
-0.6712
0.5151
0.0013599
1.2129
0.033148
-1.0474
0.006498
-0.03673
0.24536
0.0199
0.48001
0.0003703
-0.05909
0.0013376
-0.0038135
-1.0077
0.082987
-1.0112
-0.94722
-1.4009
-4.5418e-05
0.43861
0.002259
-0.44635
-0.11874
1.4579
1.0708
-0.80514
-0.00098342
1.3691
-0.97655
0.2578
0.068976
-0.154
-0.61578
-0.33427
0.22688
1.4526
0.7908
-0.20867
-1.2225
0.037838
0.0027776
0.26438
-0.072294
-0.6347
0.0020765
-0.038377
-0.18354
0.021723
-0.045093
-0.0049067
-0.24125
0.0012072
-0.0029163
-1.1513
-0.21293
-0.52894
-0.88493
-0.45095
-0.0018468
0.72979
0.0048595
-0.91868
1.01
1.7323
1.1726
-1.0717
-0.0011736
1.0776
-0.60981
0.52902
0.63646
-0.35022
-1.0124
-0.88959
0.37377
1.3335
1.3048
0.1612
-0.79293
-0.85162
-0.00084771
-0.88615
-0.25045
0.533
-0.0051134
-0.0084543
-0.99901
0.0071523
-0.78008
-0.0089632
-0.73718
-0.0013931
-0.002657
-0.97218
-0.60167
0.8707
-0.33718
1.006
-0.0029298
0.71738
0.0046117
-0.74543
1.146
1.0608
0.11554
-0.90922
-0.002595
-0.18257
0.29492
0.87943
1.1216
-0.63541
-1.1648
-0.60745
0.73081
1.0236
0.70329
0.3571
0.57787
-1.1075
-0.0067191
-0.8289
-0.52301
1.256
-0.0056927
0.027399
-1.1768
-0.01298
-1.0542
-0.0059373
-0.64386
-0.0033542
-0.0056072
-0.84399
-0.91071
1.3898
0.4193
0.89068
0.00070658
0.040745
0.0055339
0.37406
0.16763
0.10645
-0.94991
-0.67153
-0.0059819
-0.78956
0.62657
1.3473
0.70537
-1.0038
-0.97241
0.59319
0.98142
0.79221
-0.32346
0.22233
1.4409
-0.080388
-0.013009
0.01819
-0.74355
0.96871
-0.0020625
0.040078
-0.073339
-0.024199
-0.93283
-0.0029454
0.78329
-0.0062845
-0.011203
-0.79411
-1.014
0.42182
0.92591
-0.21124
0.0019314
-1.0548
0.0086447
1.2383
-0.61599
-0.5144
-0.98431
-0.55699
-0.0093369
-0.63759
0.46003
1.5084
-0.65994
-1.1823
-0.52572
0.92076
0.73982
0.51236
-0.72689
-0.021123
1.0461
1.014
-0.012087
0.58623
-0.60616
0.2066
0.0013426
0.027525
1.0329
-0.019711
-0.59468
-0.0025992
1.5024
-0.005031
-0.011906
-0.52304
-0.81287
-0.59914
0.79882
-0.71058
3.6817e-05
-1.4156
0.0088257
1.0172
-0.59727
-0.59156
-0.27336
-0.37416
-0.0084108
-0.27052
0.28599
1.0733
-1.2018
-0.91805
-0.11597
0.26393
1.3409
-0.16788
-0.86567
0.067984
-0.9608
0.57125
-0.00018621
0.54941
-0.29218
-1.2759
0.00012323
-0.03689
-0.2333
0.012202
1.566
0.00050505
0.038791
-0.0010121
-0.00080544
0.14389
-1.0447
-0.65666
-0.56004
-1.4052
-0.0016712
0.076865
-0.0036675
-0.15836
0.65742
0.57889
1.16
-0.62327
0.0033027
1.3731
-0.86477
0.28063
0.37078
-0.26606
-0.030073
-0.68512
1.435
-0.27657
-0.1991
0.48906
-0.76195
0.19613
-0.00089259
-0.38802
-0.24199
-1.4589
-0.0057042
-0.036974
-0.71947
0.012544
1.6452
-0.00596
-0.253
-0.00055266
0.0026166
0.4493
-1.4413
0.23078
-0.80027
-0.59398
-0.0034052
0.19797
-0.0062281
-0.70268
1.0915
1.0991
0.73525
-0.69156
0.0038546
1.3163
-0.31469
0.32874
1.0165
-0.15809
-0.28003
-1.174
0.84585
-0.40552
0.74442
1.0381
0.41773
-0.66705
-0.0074021
-1.052
-0.099195
-0.6865
-0.013116
-0.0099266
-1.048
0.00019443
0.73322
-0.0096754
-0.82511
-0.0027058
0.00033772
0.58091
-1.3518
1.2571
-0.98269
0.96744
-0.0024106
0.081242
-0.008007
-1.0331
0.3241
1.1911
-0.62132
-0.4383
0.00068201
0.1095
0.61325
0.27236
1.3183
0.12258
-0.67865
-0.61825
0.381
-0.53482
0.89313
1.4723
1.3325
-1.1944
-0.015686
-0.69481
-0.27085
0.61812
-0.011677
0.020783
-0.24097
-0.013302
-0.35396
-0.0041383
-0.53986
-0.0056963
-0.0082314
0.56074
-0.98296
0.9005
-0.96219
1.1852
0.0024576
-0.65895
-0.0061226
-0.38409
-0.58277
0.95376
-1.2815
-0.18271
-0.0050656
-0.76702
0.88131
0.5604
0.52933
0.28172
-1.006
0.73442
0.15642
-0.58418
0.30048
1.4905
0.98436
-0.74338
-0.019023
0.10241
-0.59311
1.2834
-0.005173
0.032174
1.491
-0.01736
-0.97296
0.0027855
0.94673
-0.007697
-0.018049
0.47574
-0.6114
-0.53268
-0.67823
0.1167
0.0069507
-1.5462
0.00033123
0.6636
-0.61689
0.46157
-0.71336
-0.069495
-0.007541
-0.85637
0.65832
1.0099
-0.98897
0.20239
-1.1422
0.98
-0.024592
-0.49694
-0.25415
0.99718
0.092886
0.2517
-0.013606
0.53675
-0.58579
0.90818
-0.0011953
0.021368
2.0623
-0.012893
-0.90737
0.0040915
1.5643
-0.0057038
-0.018096
0.35484
-0.34416
-1.1347
-0.34075
-0.64071
0.0062708
-1.5737
0.0038812
0.88534
-0.21419
0.023104
0.11441
-0.021824
-0.0036917
-0.44386
0.41155
0.9795
-1.4322
0.056323
-0.91632
0.27375
1.2833
-0.88607
-0.76196
0.08592
-0.637
0.46253
0.00018152
-0.018028
-0.22497
-1.0052
-0.0021916
-0.024928
-0.47515
0.0069203
1.4994
-0.00020335
0.0022988
-0.0010337
-0.00020578
1.0153
-0.8745
-0.13638
-0.097336
-1.1735
-0.0026803
-0.23279
-0.0085054
-0.10723
0.67553
-0.37074
0.70108
-0.387
0.0048207
1.0991
-0.63859
0.19825
0.41568
-0.29118
0.26323
-0.70076
1.1561
-1.2582
-0.58206
0.36441
-0.0064033
0.24465
-0.0024805
-0.71963
-0.080949
-1.4277
-0.006166
-0.023229
-0.70973
0.0056626
2.0095
-0.0044623
-0.32118
-0.0013138
0.0023264
1.5205
-0.97545
0.5676
-0.24016
-0.60244
-0.0024759
-0.36603
-0.012343
-0.50505
0.62151
-0.11008
0.075672
-0.41911
0.0055028
1.1289
-0.066812
0.10983
0.90883
-0.093563
0.30198
-1.0591
0.31671
-1.2985
0.13814
0.7632
1.0134
-0.39523
-0.0082267
-0.94746
0.12267
-1.2238
-0.010079
-0.0073753
-0.39616
-0.0016874
1.5937
-0.0047188
-0.72515
-0.0036292
0.00062774
1.5747
-0.54686
0.89294
-0.64542
0.69513
-0.00024903
-0.54123
-0.012533
-0.99051
-0.19842
0.32526
-0.89488
-0.31386
0.0012305
0.24953
0.73357
-0.18691
0.97338
0.37107
0.10867
-0.49449
-0.3132
-1.1804
0.55488
1.1615
1.0853
-0.91991
-0.0155
-0.54138
-0.031251
-0.27606
-0.0077134
0.0086872
0.74778
-0.0086247
0.58359
-0.00019034
-0.29406
-0.007139
-0.0069776
1.3821
0.015377
0.16809
-1.0776
1.064
0.0037501
-0.99799
-0.0090212
-0.88333
-0.64034
0.63836
-1.0262
-0.15494
-0.0044906
-0.56872
0.96765
-0.23392
0.13261
0.7873
-0.21928
0.64837
-0.56345
-1.0336
0.36432
1.3002
0.15124
-0.82883
-0.017068
0.029713
-0.3557
0.67546
-0.0026411
0.013848
1.9107
-0.0081191
-0.31653
0.0052855
0.90644
-0.008952
-0.01511
1.1421
0.35859
-0.84003
-1.2179
0.25708
0.0069925
-1.3615
-0.0038067
-0.21359
-0.31336
0.56267
-0.35202
-0.054726
-0.0029757
-0.76835
0.75326
0.088824
-1.0483
0.89093
-0.57957
0.85134
-0.50975
-0.79859
-0.036833
0.94948
-0.51938
-0.20175
-0.010131
0.32214
-0.38611
0.79296
-0.0016575
0.0069296
1.7808
-0.004515
-0.57974
0.0059645
1.3179
-0.0055602
-0.015786
0.79327
0.34022
-0.96649
-0.93048
-0.43969
0.0056553
-1.1363
-0.00089069
0.27901
0.064308
0.24723
0.22611
-0.028725
0.0011021
-0.42208
0.4596
0.29436
-1.2707
0.60115
-0.68442
0.2671
-0.3398
-0.55148
-0.63009
-0.6787
-0.60301
-0.3617
-1.0274
-1.2933
-1.1201
-0.73373
-0.25832
-0.0052178
-1.0786
-1.1723
-0.6949
0.088835
0.70978
0.68037
0.069394
0.27861
0.4401
0.74782
0.97144
0.73167
1.2758
1.4046
0.8868
0.41812
0.18937
-0.0066144
1.2582
1.1349
0.32936
-0.23282
-0.4492
-0.44247
-0.71567
-0.99347
-0.94904
-0.70884
-0.40514
-0.18598
-0.28865
-0.44858
-0.37712
-0.051726
0.33031
0.46571
0.85432
1.1642
1.1877
1.2013
1.2403
1.0193
1.0081
1.3837
1.2935
0.98893
0.75212
0.49569
-0.16984
-0.30118
-0.43352
-0.56685
-0.60278
-0.49591
-0.88146
-1.2092
-1.2428
-1.1482
-1.028
-0.80639
0.6953
0.2239
-0.72275
-1.2396
-0.9765
-0.43626
1.1689
1.1304
0.0004726
-1.094
-1.2861
-0.82008
0.83555
1.4774
1.051
-0.18881
-1.0706
-1.0184
-0.14375
0.78997
1.2833
0.67161
-0.36608
-0.77008
-0.7771
-0.1546
0.77545
0.89823
0.27773
-0.26948
-0.71151
-0.48208
0.18957
0.56312
0.34585
-0.024522
-0.3566
-0.46455
-0.3194
-0.20672
-0.26837
-0.31411
-0.67075
-0.81982
-0.6608
-0.59369
-0.73859
-0.75605
-0.74854
-0.85629
-0.67687
-0.64382
-0.83478
-0.84681
-0.37462
-0.18218
0.16872
0.34364
0.23643
0.0091538
0.062038
0.47822
1.0144
1.4302
1.4512
1.0275
0.062529
0.35467
0.76467
1.1264
1.2755
0.98046
0.72535
0.6808
-0.058455
-0.78813
-0.773
-0.19394
0.64233
0.14523
-0.8985
-1.2507
-0.46562
0.3846
0.02222
-0.80052
-1.3725
-0.68511
0.67705
1.1361
-0.66397
-1.2177
-0.78027
0.59519
1.4007
1.046
-0.97186
-0.77045
0.39477
1.3159
0.98869
0.15544
-0.67195
-0.026241
1.0186
1.0967
0.21503
-0.43107
-0.12679
-0.52931
-0.61818
0.13168
1.2391
1.4098
0.060218
-0.51607
-1.0137
-0.32679
1.2421
1.7349
0.33896
-0.23813
-1.0306
-0.81097
0.71664
1.5653
0.45569
-0.0018145
-0.86333
-1.0935
-0.028961
1.0345
0.48691
0.1712
-0.6657
-1.1823
-0.68102
0.29624
0.41013
0.20085
-0.4152
-0.92374
-0.79923
-0.16719
0.0086428
0.012528
0.012161
0.0083645
0.0045085
0.0013259
0.011201
0.015957
0.013862
0.007597
0.00077102
-0.001237
0.0088637
0.012041
0.0088224
0.0018763
-0.0054264
-0.0063052
0.0044696
0.0060603
0.00033823
-0.0068543
-0.01217
-0.0090578
0.00043871
-0.00062059
-0.0072285
-0.015442
-0.016871
-0.010092
-0.0010002
-0.0031767
-0.0082302
-0.01445
-0.01554
-0.0073433
1.1641
1.0582
0.066331
-0.67744
-0.54755
-0.034893
1.5317
1.1329
-0.32103
-1.1221
-0.69424
0.098424
1.5171
0.80684
-0.6711
-1.1096
-0.40539
0.3504
1.2064
0.29685
-0.87313
-0.8526
-0.01614
0.52571
0.59979
-0.31963
-1.027
-0.6921
0.10402
0.50232
0.018935
-0.68497
-0.95611
-0.52122
0.060919
0.32188
1.1363
1.5432
0.99376
-0.046553
-0.60847
-0.53737
1.3805
1.6303
0.93201
-0.25886
-0.82037
-0.65826
0.84888
0.83077
0.19657
-0.54233
-0.83439
-0.61134
0.096876
-0.020244
-0.21047
-0.54384
-0.7696
-0.62036
-0.24097
-0.21376
-0.086377
-0.28027
-0.61556
-0.57422
-0.19612
-0.083957
0.10999
-0.048672
-0.37066
-0.38551
0.092202
0.35746
0.31063
0.0030603
-0.2859
-0.33821
-0.051701
0.45308
0.72288
0.31692
-0.35368
-0.57374
-0.51315
0.11913
0.92304
0.88076
0.08993
-0.48559
-1.0179
-0.68897
0.44208
1.2144
0.95437
0.23502
-1.1746
-1.4138
-0.71233
0.58152
1.2394
0.9002
-0.95285
-1.3912
-1.2091
-0.23453
0.69448
0.79708
0.0036683
0.0064366
0.0043042
-0.0031897
-0.0086507
-0.0066489
0.0083264
0.0091056
0.0039788
-0.0038343
-0.0073955
-0.0035985
0.012679
0.010628
0.002759
-0.0021254
-0.00095237
0.0028135
0.010115
0.0058111
-0.0023911
-0.0036757
0.000579
0.0039753
0.0015852
-0.0026439
-0.0088257
-0.0075855
-0.0026756
0.00042066
-0.002857
-0.0057256
-0.0078747
-0.005108
-0.0010301
-0.00096107
-0.0031013
0.0012011
0.0072977
0.003162
-0.0092901
-0.014975
-0.01277
-0.010683
0.002482
0.0081369
-0.00029814
-0.0074762
-0.026002
-0.026656
-0.0034141
0.02039
0.025163
0.015776
-0.035618
-0.038059
-0.0071235
0.028069
0.041715
0.030362
-0.032541
-0.034539
-0.0091601
0.021292
0.035163
0.025804
-0.017658
-0.017668
-0.0055146
0.010908
0.018706
0.012852
-0.15888
0.09896
0.36121
0.1103
-0.50416
-0.62418
0.060554
0.32238
0.32867
-0.29063
-0.90027
-0.66087
0.3368
0.24351
-0.31205
-1.0052
-0.93306
-0.10469
0.1946
-0.25435
-1.0376
-1.1327
0.032497
1.0517
-0.21928
-0.73586
-1.0338
-0.16399
1.5016
2.0003
-0.47569
-0.69399
-0.36824
0.77651
1.8901
1.7459
0.018314
0.016444
0.0044404
-0.0079231
-0.014552
-0.010901
0.021842
0.02293
0.0083993
-0.012149
-0.025815
-0.02231
0.022454
0.025799
0.012902
-0.010096
-0.027048
-0.023673
0.021189
0.024519
0.011522
-0.008948
-0.021781
-0.017785
0.013793
0.016065
0.0038042
-0.010694
-0.016071
-0.010107
0.006876
0.0067705
-0.00037537
-0.0097349
-0.0094767
-0.0032376
-0.3223
-0.29222
-0.018403
0.18272
0.17142
0.028316
-0.37467
-0.49537
-0.29732
-0.009188
0.097075
0.039386
-0.27534
-0.70445
-0.86798
-0.63748
-0.33558
-0.13891
0.52044
0.033728
-0.69775
-1.0222
-0.9263
-0.60827
1.528
1.6068
0.76487
-0.33134
-0.94579
-0.89022
1.4774
1.9137
1.5294
0.57683
-0.2926
-0.5648
0.0072416
0.0060578
0.0013568
-0.0030325
-0.0049208
-0.0030298
0.010412
0.0099241
0.004212
-0.00043667
-0.0010261
0.00068064
0.0044966
0.0032461
-0.00026617
-0.0016987
-0.0020446
-0.00089472
-0.002552
-0.0058779
-0.0073326
-0.0069407
-0.0053604
-0.0029058
-0.0031242
-0.0067551
-0.0077703
-0.0046472
0.0004255
0.0033082
-0.00087719
-0.0015686
0.00052589
0.0038482
0.0071873
0.0083606
-0.038061
-0.34819
-0.87901
-1.0053
-0.18418
0.76566
-0.19178
-0.45419
-0.97344
-0.96276
0.27458
1.2558
-0.23498
-0.40224
-0.82125
-0.67739
0.69917
1.4447
-0.12811
-0.31675
-0.81528
-0.59939
0.87468
1.4886
-0.018701
-0.32673
-0.87009
-0.49366
1.0169
1.5507
-0.049735
-0.37136
-0.72263
-0.26476
0.95163
1.3381
0.0025917
0.0074548
0.0072461
0.0015657
-0.0014062
-0.00047445
0.0049144
0.010218
0.008731
0.0020945
-0.0028194
-0.00087923
0.0038239
0.0058942
0.0023601
-0.0014063
-0.0033651
-0.0019621
0.0024266
0.00092384
-0.0034577
-0.0055584
-0.0061627
-0.003815
-0.00077136
-0.00056208
-0.0027732
-0.0052276
-0.0070309
-0.0049739
0.00068649
0.0019974
0.001178
-0.0026284
-0.00553
-0.0029041
0.0019586
0.0053699
0.006405
0.0061348
0.0040512
0.0011046
0.00010928
0.0045847
0.0084269
0.0095021
0.0067664
0.0026271
-0.0033561
-5.6862e-05
0.0040281
0.0042271
0.00082427
-0.0018045
-0.0037895
-0.00022119
0.00087547
-0.0034127
-0.0094747
-0.0097054
0.0014441
0.0060762
0.0035944
-0.0060711
-0.014975
-0.013714
0.0027964
0.0070712
0.0044585
-0.0044955
-0.011561
-0.011103
0.55915
0.65645
0.37195
-0.13245
-0.4368
-0.3947
0.35578
0.34926
0.10653
-0.32106
-0.68
-0.6507
-0.6587
-0.84845
-0.79259
-0.8679
-1.0177
-0.80149
-0.9614
-1.0793
-0.92843
-0.82261
-0.75582
-0.49798
0.14066
0.43852
0.57469
0.55502
0.48323
0.38493
1.0112
1.4351
1.4864
1.313
1.1036
0.7691
-0.35373
-0.40086
-0.16098
0.2413
0.44409
0.32165
0.67853
1.0122
1.1788
1.1912
0.91794
0.48876
1.268
1.4864
1.1995
0.7312
0.19058
-0.18431
0.12006
-0.19155
-0.5663
-0.8483
-0.96954
-0.8127
-0.99133
-1.3461
-1.2907
-0.94287
-0.60266
-0.35669
-0.86039
-0.93831
-0.551
-0.03313
0.31259
0.32772
0.077135
-0.63045
-1.1581
-0.63311
0.41416
0.69615
-0.21716
-0.94025
-0.97846
0.1512
1.0794
0.85483
-0.75555
-0.9704
-0.095293
1.0958
1.1706
0.33891
-1.0252
-0.52299
0.85405
1.3391
0.4343
-0.54328
-0.71107
0.22394
1.228
0.85554
-0.48559
-1.049
-0.16007
0.57526
0.87144
0.16382
-0.78275
-0.90895
0.91806
0.92641
0.25877
-0.53713
-0.92296
-0.74997
0.86093
1.3026
1.1681
0.59079
0.0033466
-0.22438
-0.25854
0.24838
0.88592
1.2916
1.2634
0.77987
-0.89868
-0.85108
-0.36072
0.36205
0.8508
0.75195
-0.53448
-0.78997
-0.97522
-0.95727
-0.61897
-0.25583
-0.12787
-0.27516
-0.62237
-1.0123
-1.1444
-0.83041
-0.85638
0.036348
1.084
0.92772
0.098319
-0.41026
-1.114
-0.013718
1.3315
1.0666
0.0020136
-0.50517
-1.2821
-0.24568
1.1526
0.90133
-0.20169
-0.60478
-1.3667
-0.48679
0.98307
0.9194
-0.15189
-0.69413
-1.4032
-0.6078
0.92131
1.1675
0.11822
-0.66174
-1.1917
-0.60502
0.67731
1.0666
0.28462
-0.44155
-0.0021795
-0.0052743
-0.0046993
-0.0043559
-0.002468
0.0016279
-0.0014914
-0.0039623
-0.0062377
-0.0067638
-0.0033894
0.0015614
-0.00086488
-0.0022848
-0.0042173
-0.0043899
-4.7912e-05
0.0036796
-0.00064714
-0.00187
-0.0029267
0.00035703
0.006351
0.0086742
-0.0012373
-0.0018275
-0.0010429
0.0029549
0.0098025
0.01123
-0.0025885
-0.0017887
0.00057813
0.0040023
0.0076452
0.007138
0.31456
0.30327
0.28895
0.71117
1.3139
1.2293
0.34274
0.30816
0.29826
0.66221
1.0181
0.77007
0.42772
0.5611
0.50914
0.31915
-0.14835
-0.52774
0.4614
0.73713
0.66086
-0.008643
-1.0415
-1.3754
0.087723
0.20206
0.016062
-0.686
-1.4838
-1.5276
-0.21346
-0.34485
-0.57902
-1.0171
-1.3242
-1.1227
-0.0080038
-0.008783
-0.0064284
-0.0059703
-0.0059224
-0.0029665
-0.0020835
-0.0027987
-0.0022052
-0.0029534
-0.0022511
-0.00046271
0.0078502
0.00982
0.0080746
0.0072634
0.0070626
0.0056095
0.007843
0.0087609
0.006236
0.0083394
0.011631
0.010467
-0.0018324
-0.0064258
-0.0070234
-0.0012689
0.0047321
0.0060419
-0.0090117
-0.014113
-0.012103
-0.0057077
-0.0012738
-0.0015342
-0.83636
-0.3361
0.83106
1.2617
0.59278
-0.061647
-1.0788
-0.84096
0.45577
1.3106
0.83621
0.10917
-0.88562
-1.0952
-0.26656
0.89711
1.0745
0.56594
-0.45186
-0.93512
-0.772
0.38223
1.2283
1.0408
-0.19724
-0.74858
-1.0261
-0.39033
0.68076
0.93465
-0.11481
-0.53814
-0.99418
-0.8586
-0.17102
0.33754
-1.3375
-1.5275
-0.55847
0.59349
0.74295
0.18478
-1.6317
-1.2463
0.39847
1.3005
0.70532
-0.14978
-1.1859
-0.036991
1.2696
1.1045
0.011305
-0.57227
-0.15602
0.9628
1.106
0.15298
-0.59643
-0.56906
0.61997
1.0759
0.3506
-0.55483
-0.60378
-0.2076
0.66852
0.65049
-0.18988
-0.62731
-0.31327
0.059052
-0.96145
-1.1382
-0.82644
-0.37431
0.01806
0.21539
-0.51948
-0.96045
-1.1931
-1.0795
-0.65294
-0.20811
0.83335
0.56504
-0.28187
-0.99512
-1.0962
-0.74836
1.4402
1.6748
1.0998
0.16978
-0.49747
-0.63188
0.59501
1.0635
1.2028
0.99923
0.47709
0.006315
-0.32635
-0.069732
0.33312
0.62474
0.58641
0.27475
-0.44061
0.3676
1.2326
0.94643
-0.23633
-0.91721
-0.18818
0.78444
1.3821
0.56529
-0.82212
-1.1822
0.42536
1.0903
0.89179
-0.30443
-1.1396
-0.8852
1.0716
1.2088
0.1817
-0.97212
-1.0289
-0.32668
1.1954
0.76991
-0.5893
-1.283
-0.76881
0.070783
0.77617
0.11756
-0.92266
-1.1003
-0.42262
0.16537
1.3871
1.8022
1.7245
1.4522
1.0754
0.58101
0.97939
1.1239
0.84406
0.47115
0.10964
-0.11984
-0.26193
-0.62719
-0.85724
-0.93914
-0.91321
-0.68009
-0.75564
-1.0428
-0.91992
-0.70531
-0.57849
-0.39952
-0.60923
-0.66325
-0.44154
-0.21389
-0.093616
-0.030368
-0.35714
-0.3983
-0.30573
-0.17463
-0.076494
-0.050093
0.0067564
0.0081755
0.0059573
0.00076368
-0.0037454
-0.003775
0.0082233
0.010676
0.0075677
0.0019115
-0.0024796
-0.0036695
0.0029026
0.0033755
-0.00036823
-0.0028856
-0.0040838
-0.0036689
0.00048046
-0.0014788
-0.0047947
-0.0079418
-0.0078001
-0.0047847
0.0031589
0.0022802
-0.0019614
-0.0074697
-0.0072414
-0.0022043
0.0049222
0.0051643
0.0013558
-0.0031956
-0.0018856
0.0022784
0.76364
0.054219
-0.91493
-1.0468
-0.55802
-0.11716
1.2041
0.44924
-0.81624
-1.059
-0.53639
-0.066237
1.379
0.87104
-0.41001
-0.86789
-0.52806
-0.15892
1.3719
1.1057
-0.11665
-0.85033
-0.70213
-0.34732
1.3897
1.3451
0.16659
-0.77334
-0.8653
-0.47198
1.129
1.1659
0.2999
-0.55658
-0.76258
-0.44474
-0.95734
-1.205
-0.67924
0.12948
0.41279
0.25673
-1.0623
-1.1796
-0.37391
0.52844
0.65505
0.35008
-0.98352
-0.8784
0.026687
0.69092
0.64076
0.34791
-0.96625
-0.67274
0.24986
0.66916
0.51066
0.31366
-0.88903
-0.37524
0.56712
0.88626
0.66951
0.44605
-0.69074
-0.081353
0.71844
0.97192
0.75773
0.47653
-0.60162
-0.69565
-0.79088
-1.1577
-1.5045
-1.3371
-0.49305
-0.50469
-0.52854
-0.89142
-1.3521
-1.3234
0.013704
0.23448
0.55627
0.63614
0.32544
-0.073846
0.27374
0.54107
0.87909
1.3034
1.4517
1.0225
0.28569
0.33701
0.28358
0.55931
0.97843
0.94837
0.20443
0.1474
-0.15538
-0.21448
0.10493
0.33248
0.10531
0.47712
0.58704
0.024388
-0.84366
-1.1065
-0.0072174
0.45519
0.77323
0.23792
-0.87871
-1.2547
-0.092346
0.42193
0.90232
0.51162
-0.69053
-1.1464
0.11484
0.7045
1.1653
0.63328
-0.73681
-1.2144
0.41349
1.0479
1.3387
0.50186
-1.0265
-1.4331
0.43969
0.92666
0.99655
0.11617
-1.0657
-1.2813
-0.44485
-0.37307
0.30267
1.3257
1.9711
1.7096
-0.55943
-0.76711
-0.47607
0.38842
1.1865
1.14
-0.312
-0.68834
-1.0149
-1.0994
-0.84303
-0.50748
-0.16026
-0.37798
-0.64108
-0.95772
-1.0885
-0.85747
-0.27126
-0.17838
0.11745
0.26617
0.18897
0.063434
-0.27718
-0.1068
0.37192
0.74946
0.82402
0.55859
0.018418
0.51122
1.0616
1.0575
0.63919
0.25603
-0.33968
0.069588
0.91701
1.4786
1.484
1.0894
-0.74968
-0.8464
-0.36723
0.4352
1.0729
1.0621
-0.59227
-0.96955
-1.1444
-0.98156
-0.51325
-0.086743
-0.073867
-0.29596
-0.67049
-1.0083
-1.1223
-0.87312
0.23666
0.25416
0.09445
-0.26231
-0.63005
-0.68613
-0.20487
-0.71606
-0.75826
0.12764
0.84208
0.69989
-0.17661
-0.76273
-0.76544
0.34791
1.0962
0.74816
-0.15314
-0.74016
-0.65742
0.47798
1.0066
0.48988
-0.35776
-0.93178
-0.63513
0.60619
0.93746
0.30289
-0.69517
-1.1764
-0.61377
0.70164
0.98361
0.32318
-0.7191
-1.0345
-0.45116
0.6196
0.84272
0.31043
-5.0941
-5.127
-5.1581
-5.0336
-5.1584
-5.0344
-4.5663
-5.0011
-4.929
-5.1523
-4.5677
-4.5655
-4.9746
-4.5624
-4.9684
-4.5675
-5.0954
-4.5669
-4.565
-5.0212
-5.096
-5.1907
-4.9577
-5.2304
-4.5665
-5.2185
-4.5678
-5.2155
-5.2476
-5.0711
-5.2039
-4.93
-4.5678
-5.1826
-5.3136
-5.1975
-5.4099
-4.8056
-5.0466
-5.1924
0.010399
0.0085172
0.0056732
0.0014582
-0.0047903
-0.0058397
0.0086226
0.0024696
-0.0030409
-0.0066697
-0.008965
-0.0076903
0.012041
0.0045876
-0.0011581
-0.0023993
-0.0041349
-0.0018734
0.015443
0.0083994
0.0026991
-0.00056597
-0.0042816
-0.0010047
0.013647
0.0039412
-0.0020178
-0.0098473
-0.011659
-0.0069026
0.014941
0.0060384
-0.0024557
-0.010519
-0.0096607
-0.0029233
