0.001224
5.6971e-07
0.45341
-0.35477
0.075888
-0.0029632
0.52923
-0.011331
0.5467
-0.2128
0.17936
0.0029569
-0.4587
-0.0048313
0.72576
-0.0044841
0.0012989
-0.19044
0.58478
0.0051907
-0.0039037
-0.83621
-0.80361
1.4624
-0.0030586
0.027557
-0.0048523
-0.81619
-0.090138
-0.0037077
-0.26031
-0.0016553
-0.0069159
0.00021546
-0.0005054
-0.0067694
-0.0073273
0.74745
0.0050877
0.29538
0.00029915
-0.002854
-0.00063072
-0.0014342
-0.33835
-0.49121
-0.71206
-0.0035952
0.011067
0.00092023
0.00067916
-0.54362
-0.0041373
-1.0019
-0.30736
0.0010021
1.1466
0.0054233
0.017335
0.012316
-0.0042541
0.013353
-0.93051
0.68067
-0.0017989
0.32338
1.3738
-0.0031629
-0.44232
0.0073981
-0.43338
-0.0023899
-1.2183
0.015841
-0.069313
0.0039631
-0.71192
0.00015974
0.0037125
0.10013
0.0011894
-0.00369
-0.001492
0.00020683
-0.0016227
-0.0056249
0.01536
-0.018295
-0.002135
0.0020219
0.0014146
0.00024529
0.65647
-0.67675
0.67373
-0.0017199
0.28347
-0.012887
0.19274
-0.81259
0.22042
0.0058922
-0.73545
-0.010529
0.79956
-0.004412
0.0014023
0.31549
0.91127
0.0039046
-0.0049355
-1.0927
-0.83119
1.7841
-0.0071512
0.033436
-0.0045685
-0.88276
-0.47864
-0.00078885
-0.4663
0.0001492
-0.0013536
-0.0014794
0.00011715
-0.0066721
-0.0014699
0.85647
0.0030767
0.82224
-0.0026942
-0.0030049
-0.0026309
-0.0034853
-0.42638
0.16444
-0.89428
0.026566
0.019603
0.0045577
-2.9919e-05
-0.29131
-0.0046276
-0.87337
0.25168
0.0014817
0.57552
0.0067163
0.02076
0.013336
-0.0022303
0.011496
-1.0215
0.46532
-0.00033748
-0.19647
1.6019
-0.0066078
-0.62429
0.0038448
-0.30891
-0.0031761
-1.3212
0.017236
-0.33954
0.0093583
-0.98195
-0.00044525
0.0050216
0.58374
0.0046117
-0.0022578
-0.0033426
-3.8287e-05
0.00063454
-0.0044011
0.024543
-0.023571
-0.002122
0.0016129
-0.00035127
-0.0013759
1.0219
-0.58903
0.74028
0.0013538
-0.33574
-0.010591
-0.63188
-1.1585
0.11202
0.00073161
-0.97086
-0.011461
0.14228
-0.0041713
0.0017203
0.83082
0.82086
0.0031937
-0.0012311
-1.0082
-0.58628
1.0727
-0.0044021
0.024606
-0.0053241
-0.50645
-0.84134
-0.00049061
-0.68009
0.0028453
0.0022967
-0.0011068
-0.00031112
-0.0060757
0.00039025
0.52522
-0.004738
1.0909
-0.0031508
-0.0023679
-0.00015448
-0.0021942
-0.043129
0.90559
-0.82295
0.067563
0.012817
0.0021602
-0.0023314
0.064906
-0.0021801
-0.050801
0.95723
0.00017492
-0.75606
0.0049099
0.012578
0.0063969
-0.00094408
-0.0021484
-0.64724
-0.39572
-0.0028679
-0.95529
1.1366
-0.0051574
-0.39211
0.0015556
-0.19306
-0.0014168
0.062185
0.010901
-0.25105
0.0053622
-0.13158
-0.0016459
0.0036019
0.88722
0.0039829
-0.00089452
-0.0025145
-0.00019195
1.0685e-05
-0.0027022
0.01181
-0.03823
-0.002662
0.0038117
0.00035938
-0.0010239
1.3574
0.004035
0.32196
0.0012174
-0.71149
-0.0048636
-1.1415
-0.56218
-0.049105
-0.0012975
-1.145
-0.010906
-0.5106
-0.00099294
0.0013754
0.7533
0.45902
-0.002056
-0.0021212
-0.83387
-0.45299
0.051296
-0.0008178
0.011817
-0.0057428
0.069839
-0.83867
0.0025388
-0.63627
0.0014838
0.0052214
0.00045579
-0.00088445
-0.0010081
-0.0007512
0.23351
-0.012943
0.5678
-0.002685
0.0010199
-0.00063708
-0.00025315
0.82857
0.59788
-0.43314
0.078679
0.0029641
0.00077508
-0.0021004
-0.19212
0.00048041
0.79999
0.72938
-0.00023918
-1.0589
-0.0021425
0.0034598
-0.004813
-0.00012829
-0.0096035
-0.21845
-1.044
-0.00013669
-0.74445
0.80268
-0.00076285
0.18524
-0.00024312
-0.37363
-0.00046894
1.2215
0.0034147
0.69297
0.00039068
1.0566
-0.0015884
-0.0021201
0.49658
0.0011071
0.0020603
0.00074273
0.0012836
0.0022668
-0.0026381
-0.0113
-0.049889
0.0003355
-0.0018185
-0.0018968
-0.0013327
1.2703
0.55368
-0.064596
0.0014558
-0.83227
-0.0073206
-1.2726
0.51748
-0.17165
-0.0028375
-1.2319
-0.0095294
-0.57713
-0.00046906
-0.0045257
0.36254
-0.022865
-0.0087942
-0.0062126
-0.63361
-0.51059
-0.57484
0.0020025
-0.0089843
-0.0016274
0.61104
-0.7584
0.0054747
-0.49072
-0.0018328
0.0047885
-0.00039697
-0.0031435
0.0020574
0.002875
-0.084683
-0.014632
-0.38792
0.0015054
0.0034062
-0.0026294
0.00034129
1.3958
-0.17328
0.078338
0.06053
-0.012042
-0.0018868
-0.0041123
-0.30749
0.002194
1.1118
-0.35595
-0.0030338
-0.10568
-0.0074582
-0.0031544
-0.012266
-0.001687
-0.0082799
-0.0060795
-0.83474
-0.0008125
0.6586
0.6631
0.00061146
0.5916
-0.0050091
-0.69413
0.00078431
0.81294
-0.0052552
1.5934
-0.0043421
0.95391
0.00020332
-0.0063229
-0.47944
0.0042428
0.0025138
0.0037908
0.00021487
0.0018105
-0.00072431
-0.029472
-0.039716
0.00032515
-0.0044713
-0.001961
-0.00093952
0.94329
0.51488
-0.2075
0.0033517
-0.69281
-0.0067946
-1.0566
0.90316
-0.1803
-0.0027961
-1.0332
-0.0088633
-0.30401
-0.002008
-0.006586
0.22193
-0.13461
-0.0056584
-0.0035828
-0.33072
-0.44174
-0.4845
0.0033448
-0.024053
0.0045422
0.66443
-0.53805
0.0072177
-0.23675
-0.0050978
-0.001482
-0.0011353
-0.0015465
-0.0008958
0.0033929
-0.18315
-0.0066068
-0.71323
0.0028779
0.0025428
-0.0021743
0.0015038
1.1855
-0.44728
0.29348
0.032107
-0.015365
-0.0043802
-0.0015814
0.028899
0.001709
0.81717
-0.8563
-0.00091262
0.61389
-0.0090189
-0.0048589
-0.012155
0.00031563
-0.0071964
0.07304
-0.1251
-0.00083473
1.353
0.40098
-0.0014301
0.58117
-0.006186
-0.79255
0.0022439
0.0065429
-0.0083106
1.4658
-0.0038837
0.2992
-0.00025791
-0.0043483
-0.86612
0.008142
0.0012455
0.0032083
-0.0037412
0.00015586
-0.0029184
-0.027501
-0.02101
0.0010782
-0.0063074
0.0023309
0.0014931
-0.12476
-0.53883
-0.31089
-0.0032266
0.77926
-0.0097964
1.016
-0.38449
0.29456
-0.0017868
-1.0259
-0.0045596
1.1099
-0.0015406
0.0047162
-0.62022
-0.16243
0.010736
-0.0031914
-0.33576
-0.78842
1.5205
-0.0039644
0.03143
-0.0031996
-0.86171
0.80849
-0.0056422
0.13422
-0.0057604
0.00037503
0.00021064
-0.00025239
-0.0074168
-0.0088692
-0.20941
0.0085883
-0.25872
-0.0012769
-0.0079025
-0.0016472
-0.003769
-0.1994
-0.54554
-0.80618
-0.021324
0.024305
0.0061798
-0.0027619
-0.60065
-0.0051252
-0.61361
0.31578
0.00034479
1.4952
0.008305
0.018218
0.01264
-0.0040743
0.020621
-0.63825
0.83595
-0.0021479
0.27758
1.5169
-0.00015248
-0.54616
0.0068261
-0.2331
-0.0065331
-1.5446
0.012052
0.18969
0.0061601
-0.82654
-0.0017504
0.0061302
0.035406
0.010788
-0.00076421
-0.0050736
0.00070687
-0.00044059
-0.0052667
0.028899
-0.022488
-0.0019355
0.00062501
0.0024877
0.00049506
0.18993
-0.9726
0.56462
-0.0043679
0.64064
-0.0093528
1.1252
-1.032
0.33856
0.0023951
-1.2008
-0.0084333
0.73586
-0.0021235
0.0077535
-0.10718
-0.035027
0.011538
-0.003097
-0.81736
-0.63292
1.577
-0.0028904
0.032261
-0.0015609
-1.1475
1.1191
-0.0040583
-0.04909
-0.0035735
0.00026052
-0.0005147
0.0023869
-0.007486
-0.0069335
-0.51897
0.0082578
0.39461
-0.0040888
-0.0034497
-0.0020722
-0.0060117
-0.48567
0.32073
-0.77881
0.023992
0.028639
0.0089933
-0.0040702
-0.29488
-0.0057274
0.015743
0.95127
0.0018149
0.89301
0.010235
0.020657
0.011609
-0.0021699
0.018233
-0.86675
0.21792
-0.0023901
-0.14296
1.5957
-0.004095
-0.7262
0.0065831
-0.040658
-0.0054798
-1.2637
0.010202
-0.28563
0.0085471
-1.1929
-0.00030645
0.0066305
0.46573
0.017899
-0.0014462
-0.0077985
0.0014777
-0.00068474
-0.0053143
0.036764
-0.018491
-0.0013482
0.0052533
-0.00058693
-0.00035919
0.83118
-0.91966
1.0516
-0.0014092
0.0085961
-0.0071446
0.34794
-1.0074
0.17412
-0.00083613
-0.99904
-0.010576
-0.45454
-0.002317
0.0029912
0.65944
0.049006
0.0093766
0.0014529
-1.08
-0.36503
0.58511
-0.0023883
0.013786
-0.0019309
-0.91781
1.1807
-0.00099556
-0.46073
0.0016609
0.00097855
0.0022122
0.0019337
-0.0048424
-0.0022673
-0.87328
-0.0042536
1.1704
-0.0050257
-0.0025202
-0.0026493
-0.0047174
-0.50448
0.97289
-0.4135
0.078741
0.017932
0.0046459
-0.0036514
-0.19573
-0.002426
0.81555
1.2329
0.0015763
-0.69068
0.0071461
0.014244
0.0057024
-0.0017957
0.0019269
-0.93043
-0.90278
-0.0034485
-0.99096
0.89869
-0.0024333
-0.38776
0.0062068
-0.012888
-0.0041501
0.55174
0.0038366
-0.70447
0.0037712
-0.31547
0.0012826
0.0047856
0.94737
0.014181
-0.0048171
-0.0031633
0.0025779
0.00065358
-0.001843
0.014209
-0.023223
-0.0028356
0.0031519
-0.0022129
0.00039649
1.3667
-0.12237
0.65899
-0.0009041
-0.54515
-0.0081221
-0.74941
-0.097694
-0.051181
-0.0066281
-0.68068
-0.013957
-1.0582
-0.0033407
-0.0020329
0.80896
0.0011621
-0.00079268
-0.00034969
-0.95958
-0.34554
-0.52052
0.0020772
-0.0062412
-0.0013369
-0.40586
1.1087
0.0014
-0.50762
0.0028305
0.0047459
0.0004156
0.00097604
-0.00093499
0.0021443
-1.0989
-0.018378
1.1569
-0.0007427
-0.0013304
-0.0025066
-0.0012395
0.35477
0.28833
0.12015
0.093117
-0.0011136
-0.00051639
-0.002366
-0.7284
0.00071988
1.1706
0.53194
-0.0016095
-1.2433
-0.00031815
0.010388
-0.0066926
0.00095206
-0.0096249
-0.81303
-1.2187
-0.0036224
-0.91712
0.34593
0.00031628
0.33973
0.0010642
-0.38114
0.0019131
1.4212
-0.0097537
-0.26691
-0.0021725
1.128
0.0002535
0.0007432
0.49368
0.0075151
-0.0019217
0.00053372
0.00069643
0.0011334
-0.00034846
-0.015245
-0.024363
-0.00011659
0.0017386
-0.0026019
-0.0015091
1.4863
0.7481
-0.083402
0.0040276
-0.86005
-0.0088962
-1.4579
0.92157
-0.21699
-0.0084224
-0.4651
-0.014294
-0.72873
0.00011856
-0.0052364
0.38351
-0.12224
-0.009221
-0.0021133
-0.60851
-0.37816
-0.82695
0.0041653
-0.02589
0.002715
0.15769
0.8567
0.0043329
-0.36195
6.7317e-06
0.0070661
0.00039959
-0.0006635
0.00035658
0.0057089
-1.3099
-0.019376
0.41946
0.0011785
0.0019475
-0.0017109
4.2905e-05
1.5405
-0.68964
0.71114
0.065685
-0.014292
-0.0037499
-0.0028131
-0.65085
0.004128
0.99871
-0.74161
-0.004449
-0.32404
-0.0080893
0.0041938
-0.013511
0.0019117
-0.0098104
-0.5258
-0.34638
-0.0014862
0.80607
0.069337
0.0041619
0.80164
-0.0043188
-0.84725
0.0040882
0.56069
-0.021192
0.48597
-0.0047868
1.059
0.00026582
-0.0052113
-0.75123
0.0022943
-1.5939e-05
0.0044917
-0.00056641
0.002412
-0.0019735
-0.040273
-0.011366
0.0015246
-0.0039087
-0.0038591
-0.00079737
1.1458
0.75927
-0.28249
0.0068376
-0.77046
-0.0054081
-1.3368
1.0342
-0.22401
-0.0064003
-0.39153
-0.011737
-0.12616
-0.00091493
-0.0040117
0.13192
-0.15154
-0.0096739
-0.003018
-0.28687
-0.26601
-0.42937
0.0034335
-0.034557
0.0043559
0.30738
0.5128
0.0083902
-0.22496
-0.0016976
0.003012
0.0002217
-0.00035673
-0.00024444
0.0060971
-1.2269
-0.0081927
-0.20669
0.003836
0.0034049
-0.0016991
0.0024396
1.6309
-0.67592
0.7614
0.028397
-0.01519
-0.0043381
-0.0015072
0.095127
0.0053861
0.47034
-1.0404
-0.0021734
0.59732
-0.0076358
0.0012779
-0.012938
0.00057984
-0.0070008
-0.30705
0.53012
-0.0010195
1.7374
-0.055094
0.004644
0.7318
-0.0084179
-0.93332
0.0039491
-0.346
-0.017505
0.64947
-0.0042248
0.21857
-0.00016234
-0.0066197
-1.1275
0.0041351
0.0013949
0.0036306
-0.00054011
0.0016257
-0.0033545
-0.039762
-0.0034824
0.0013386
-0.0052926
0.0029312
-0.0005502
-0.79514
-0.53372
-0.90058
-0.0039256
0.74519
0.0025097
0.68721
-0.72063
0.31355
1.8643e-05
-0.96542
-0.0024076
1.3566
-0.002151
0.005239
-0.82789
-1.1526
0.011412
0.0035777
0.87737
-0.29954
0.28734
-0.0035262
0.032977
-0.0027974
0.008885
0.67229
-0.0067297
0.87194
-0.0053055
4.6146e-05
7.0132e-05
0.0005012
-0.0046273
-0.0098003
-1.0061
0.0051766
-0.90832
-0.0036647
-0.010196
0.00031628
-0.0022014
0.14493
-0.20068
-0.46428
-0.046079
0.024065
0.0040871
0.00029242
-0.25353
-0.0041454
0.71173
1.0863
0.0010262
1.2952
0.0088189
0.0034368
0.0085
-0.0033317
0.018737
0.79425
0.36742
-0.0030551
-0.043405
0.73452
-0.0031447
-0.43725
0.0036836
-0.23988
-0.0085786
-1.4065
-0.0014237
0.17244
0.0043564
-0.55126
-0.0038917
0.0065879
-0.1897
0.014608
-0.00087678
-0.0071342
0.0043775
-0.0026337
-0.0024428
0.033012
-0.0023298
-0.0028599
0.0018959
0.0019529
0.00078518
-0.78243
-0.9446
-0.022654
-0.0040541
0.83898
0.0024863
1.2871
-1.0163
0.33395
0.0026131
-0.75331
-0.0049251
0.54501
0.00046943
0.009374
-0.69436
-1.4582
0.012105
0.00087821
0.48489
0.054642
-0.093201
-0.0061697
0.025503
-0.0011891
-0.64263
1.1542
-0.0049189
1.1366
-0.0050854
-0.0031103
0.0019307
-0.0021335
-0.0031602
-0.0097733
-1.2617
0.00437
-0.65338
-0.0064906
-0.0063187
0.00089797
-0.006777
-0.27268
0.65432
0.1557
-0.0085762
0.024665
0.0041142
-0.00091835
-0.19283
-0.0050941
1.3274
1.3378
0.0034671
0.87727
0.013353
0.0031425
0.0098063
-0.0040202
0.017521
0.8197
-0.45888
-0.0017804
-0.11036
0.58822
-0.0060356
-0.53825
0.0078137
-0.29843
-0.0082092
-0.55962
-0.0013646
-0.24609
0.0057637
-1.0958
-2.8627e-05
0.0054985
0.25389
0.025987
-0.0023102
-0.0067708
0.0057738
0.00069743
-0.0035877
0.036686
0.0057113
-0.0046055
0.0020547
0.0010398
-0.00026975
-0.55985
-0.95265
1.0618
-0.00074086
0.45281
0.0020886
1.2659
-0.40316
0.14929
-0.0024082
-0.032198
-0.0048069
-0.88853
-0.0032242
0.0043086
0.012892
-1.1686
0.0074914
-0.00022916
-0.2353
0.29556
-0.59866
-0.0029445
-0.0038722
-0.00095541
-1.0697
1.5456
-4.2973e-05
1.0279
5.3068e-05
-0.0028697
0.0024465
0.00080146
-0.0019112
-0.0055621
-1.1545
-0.0046814
0.26462
-0.0025275
-0.004867
0.0010026
-0.0029734
-0.78564
0.63508
0.83587
0.039368
0.0086184
0.0016986
-0.0014452
-0.55747
-0.0030914
1.2184
0.77613
0.00071782
-0.39673
0.0072414
0.00049131
0.0035839
-0.0045817
0.00019448
0.1604
-1.1405
-0.0022564
-0.65011
0.10904
-0.004885
-0.15157
0.0069456
-0.40916
-0.003298
0.97177
-0.0043806
-0.82033
-0.00057833
-0.51411
-0.00079446
0.0031714
0.92758
0.025149
-0.0042882
-0.0018388
0.0031692
0.00028333
0.0014927
0.01431
0.01287
-0.0020725
-6.8991e-05
-0.0021524
-0.00012784
-0.3686
-0.18823
0.95849
-0.0014095
-0.14936
-0.0018606
0.35415
0.46727
-0.072914
-0.0088108
0.74649
-0.0056596
-1.1643
-0.0029074
-0.0037287
0.54081
-0.56899
-0.0013167
0.00074848
-0.3824
0.2669
-0.81394
0.00031829
-0.029061
-0.0017516
-1.0148
1.6124
0.00022246
0.95331
0.0030634
0.0053408
0.00049737
-0.00031546
0.0025778
0.0029135
-1.0559
-0.013241
1.2102
0.0037063
-0.0030827
-0.001638
0.0013558
-0.40988
-0.45661
1.0558
0.051592
-0.011066
-0.0011166
-0.003209
-1.0506
0.00037357
0.60956
-0.25911
-0.00020919
-1.0169
-0.0029718
0.0027215
-0.0050109
0.00062483
-0.011432
-0.70361
-0.5865
-0.0013685
-0.82344
-0.2448
0.0014315
0.50312
-0.0012565
-0.7003
0.0028055
1.0987
-0.022569
-1.1806
-0.0041421
0.94943
-0.0024544
-0.0029339
0.51716
0.0070594
0.0010776
0.0011776
-0.00065743
-0.0015677
0.0036256
-0.012999
0.028454
0.0013196
-0.0013605
-0.0026667
-3.2853e-05
-0.25825
0.77842
0.01897
0.0024482
-0.65707
-0.0051945
-0.74455
0.86213
-0.22539
-0.013239
0.99267
-0.0045516
-0.35428
-0.0022355
-0.0083333
0.44218
-0.14056
-0.0099628
-0.0036506
-0.09466
0.28388
-0.48137
0.0030362
-0.044926
0.0018537
-0.62759
1.2712
0.0030087
0.90748
0.0052772
0.0087191
-0.00018282
-0.0017667
0.004783
0.0095225
-1.0756
-0.0063772
1.4594
0.0048897
0.0020616
-0.00051353
0.0064585
0.94986
-1.0982
0.77873
0.031441
-0.02024
-0.0019316
-0.0073123
-0.37026
0.0037789
-0.13706
-1.083
-0.0042314
-0.5704
-0.010134
0.0047218
-0.0091366
0.003378
-0.0080195
-0.98029
0.72891
-0.0013312
0.6571
-0.51874
0.0048505
0.78864
-0.0094765
-0.92167
0.0063461
0.011625
-0.03685
-1.2227
-0.00612
1.0413
-0.00056234
-0.0084203
-0.79558
-0.0064602
0.0031562
0.0038572
-0.0015175
-0.00032454
0.0018893
-0.036387
0.037352
0.0035267
-0.0017091
-0.00078036
-0.00066535
-0.17667
0.88883
-0.34484
0.0051472
-0.71229
-0.0037763
-1.0636
0.58924
-0.22859
-0.013018
0.67754
-0.0018887
0.44574
-0.00041823
-0.0058271
0.10312
0.0060059
-0.013328
-0.0031936
0.059662
0.27679
0.055231
0.003071
-0.042037
-0.00022202
-0.27396
0.69576
0.0062475
0.55546
0.0045859
0.0061672
0.0006466
-0.0020509
0.0049049
0.0074569
-0.97218
0.0032064
0.92845
0.0049506
0.005136
0.00059273
0.0064863
1.5574
-0.65935
0.29127
0.00045461
-0.014869
-0.0067023
-0.0025598
0.7698
0.0024592
-0.4883
-0.92836
-0.0047519
0.17767
-0.010198
0.0035583
-0.00641
0.002851
-0.0031596
-0.83057
1.2115
0.0016715
1.7287
-0.5443
0.0055794
0.57847
-0.0079102
-0.77199
0.0072573
-0.64625
-0.030516
-0.83467
-0.008345
0.19008
-0.0017336
-0.0087502
-1.2337
-0.0070233
0.0028202
0.0047775
-0.002282
0.00081969
3.2863e-05
-0.03703
0.024092
0.002494
-0.0044545
-0.00061938
-0.0011737
-0.71843
-0.16158
-1.3444
-0.0055822
0.61177
0.006544
-0.32724
-1.0807
0.25924
0.0082159
-0.062749
-0.0032366
1.4881
-0.0032089
0.003351
-0.73043
-0.73594
0.0064628
0.0036595
1.5733
-0.24943
-0.8372
-0.0055992
0.048486
-0.0034051
1.2388
-0.57957
-0.0088819
0.63019
-0.0024924
-0.0072938
-0.0010713
-0.00063314
-0.0038495
-0.0091516
-0.37983
0.00048617
-0.64592
-0.0015244
-0.0095614
0.0016923
-0.0033303
0.43428
0.61807
0.12891
-0.053216
0.022307
-0.00073903
0.0029329
0.013782
-0.0065363
1.0382
0.96544
0.0026774
0.84965
0.0070718
-0.0071934
0.0068334
-0.0028019
0.0078214
1.2086
-0.21265
-0.001074
-0.37698
-0.08299
-0.0080678
-0.35383
0.0032376
-0.46857
-0.0063592
-1.2101
-0.012877
-0.21863
0.0030413
-0.17807
-8.7197e-06
0.0054916
-0.33168
0.003334
-0.0038335
-0.0043586
0.003284
-0.0039887
0.00094895
0.034876
0.0080804
-0.0039386
0.0012409
-0.00094895
-0.0006339
-0.8422
-0.56172
-0.8295
-0.005254
0.8066
0.012604
0.3745
-0.8544
0.24385
0.01203
0.34758
-0.0008557
0.39045
0.00022404
0.0062626
-0.9829
-1.2222
0.0090459
0.0014705
1.265
0.091501
-1.1774
-0.0052046
0.045499
-0.0033596
0.63358
-0.75552
-0.0080611
1.0376
-0.0030264
-0.010137
-0.0013659
-0.0030432
-0.0039782
-0.010517
0.053618
-0.00067806
-0.96429
-0.007129
-0.0058789
0.0012963
-0.0049915
0.075249
1.237
0.97767
-0.038236
0.022053
0.0021731
0.0012436
-0.19472
-0.0056947
1.0903
0.66731
0.0003041
0.66815
0.01223
-0.011574
0.0053453
-0.0054882
0.0062139
1.6483
-0.98804
0.00076206
-0.28256
-0.32318
-0.0087742
-0.4409
0.0085064
-0.71033
-0.0089445
-0.003754
-0.011108
-0.52806
0.0025953
-0.9114
0.001681
0.0037497
0.33355
0.010074
-0.0057052
-0.0067961
0.0051395
-0.00222
0.0026514
0.041515
0.014566
-0.0054136
0.00055553
0.00032098
-9.2686e-05
-0.917
-0.75802
0.80834
0.0001414
0.55751
0.0077333
0.99543
0.38821
0.052767
0.003024
0.81246
0.0013829
-1.0487
0.0013902
0.00015103
-0.59221
-1.2523
0.0029753
0.00051989
0.38677
0.49132
-0.9821
-0.0032502
0.00048618
-0.0017216
-0.3858
-0.56121
-0.0049393
1.2898
-0.0011095
-0.0058454
-0.00046573
-0.0031923
-0.00098662
-0.0065001
0.6725
-0.0031386
-0.65805
-0.0051758
-0.0020857
0.0013355
-0.00052489
-0.61065
0.47464
1.4405
-0.0059356
-0.0012097
-0.0022641
0.0034876
-0.78472
-0.0018073
0.47688
-0.19216
-0.002257
-0.15743
0.0042426
-0.011114
0.0018537
-0.0042962
-0.0072225
1.2847
-0.84969
0.001367
-0.52547
-0.37104
-0.0062906
-0.049636
0.0038835
-0.66168
-0.0054417
1.1677
0.00040378
-0.69581
-0.0010395
-0.75023
-0.00032925
-0.00030378
1.2167
0.010951
-0.0028436
-0.0034179
9.2361e-05
-0.00035678
0.0017495
0.021308
0.027494
-0.0035421
-0.0017828
6.1917e-05
-0.00039235
-1.2384
-0.19359
1.2624
-0.0013739
-0.06257
0.0054756
0.81853
0.95339
-0.14562
-0.0043159
1.2418
0.0052481
-1.0263
-0.00042941
-0.0054373
0.22803
-0.91029
-0.0074166
-9.5477e-05
0.1142
0.86069
-0.61315
-5.1496e-05
-0.039037
0.0015148
-0.96851
-0.37417
0.00061756
1.549
0.000993
0.00037006
-0.00054659
-0.0019515
0.0027829
0.0042088
0.93014
-0.0031822
0.29514
0.00059533
-0.00091743
-0.00053915
0.0036684
-0.93026
-0.85715
0.92913
0.0076224
-0.021933
-0.0047482
-0.00052844
-0.79975
0.00096325
-0.34783
-0.76849
-0.004318
-0.82284
-0.007689
-0.0072189
-0.0050076
0.0011658
-0.0087285
0.35645
0.44857
0.0019255
-0.86431
-0.47095
0.0024041
0.5387
-0.0056597
-0.56058
0.0032023
0.81479
-0.010941
-0.79543
-0.0061884
0.5844
4.8352e-05
-0.003817
0.72761
-0.0033557
0.0025495
0.0010069
-0.0037533
-0.0023863
0.0027654
-0.010093
0.053926
0.0013144
-0.0051001
-0.001559
0.00052533
-1.5451
0.63218
0.3511
-0.0014563
-0.66249
0.0018471
0.10769
0.56021
-0.25183
-0.012726
1.2496
0.012578
0.12942
-0.0016057
-0.0099088
0.66002
-0.52335
-0.014388
-0.0020959
0.2778
1.0451
0.032715
0.0061681
-0.059696
0.0032384
-0.98706
-0.34222
0.0014213
1.5338
0.0035771
0.0026763
-0.0018603
-0.0033548
0.0066306
0.010259
0.80383
0.0088364
1.1146
0.0030728
0.0042649
-0.0030176
0.0065004
-0.35498
-1.083
-0.25348
-0.003669
-0.030192
-0.0044974
-0.0054235
0.60926
0.0026976
-0.95637
-0.7663
-0.0059166
-0.94076
-0.015489
-0.0057175
-0.004546
0.0040241
-0.0029006
-0.45963
1.2951
0.001445
0.28684
-0.68197
0.0037477
0.66488
-0.0099043
-0.44245
0.0097846
-0.18466
-0.02558
-0.8732
-0.0078669
0.96511
-0.0027597
-0.011214
-0.83676
-0.01299
0.0052724
0.0040409
-0.0035557
-0.0016861
0.0026062
-0.032702
0.059229
0.0026375
-0.0039285
-0.002728
8.1726e-05
-1.3536
0.83435
-0.25395
-0.00026877
-0.75037
-0.00074126
-0.35452
0.060135
-0.22343
-0.013822
0.85159
0.011315
0.79814
-0.002702
-0.0096111
0.44327
-0.24842
-0.015593
-0.0016778
0.31389
0.82991
0.46473
0.0055202
-0.049878
0.0013456
-0.61642
-0.42492
0.0012824
0.93883
0.0048562
0.0020076
-0.00092264
-0.0052318
0.0071599
0.0089369
0.54746
0.016164
1.0169
0.0048315
0.0049732
0.00084435
0.0057204
0.47837
-0.3522
-0.85404
-0.019534
-0.018724
-0.0072898
-0.0025525
1.604
0.0027489
-0.93107
-0.45955
-0.0042534
-0.50134
-0.013763
-0.0023377
-0.0015641
0.0021532
0.00037353
-0.75872
0.9275
0.0012512
1.4363
-0.66624
0.0041843
0.36645
-0.0083567
-0.30848
0.0076121
-0.52587
-0.026109
-0.65221
-0.011563
0.37765
-0.0036555
-0.0088475
-1.393
-0.011578
0.0046593
0.0051643
-0.00076534
-0.0010181
0.002444
-0.031032
0.03479
0.0022117
-0.0027247
0.00022933
0.00015369
-0.47364
0.57362
-1.643
-0.0078391
0.58862
0.0084327
-0.78446
-1.12
0.21229
0.013364
0.74611
0.0009111
1.2666
-0.0020016
0.0036428
-0.65401
1.0116
0.0066522
-0.0005999
1.4335
-0.81564
-0.95626
-0.0027789
0.07224
-0.0055342
1.6036
-0.78013
-0.0083477
-0.45331
-0.0025788
-0.010763
-0.00085185
-0.0029685
-0.0036934
-0.0092123
0.33258
-0.0045977
0.028768
-0.0031798
-0.0044995
0.0020286
-0.002951
0.36813
1.2952
0.51498
-0.056639
0.027879
-7.9497e-05
0.00053414
0.12468
-0.0056267
0.066741
0.20445
-0.0010013
0.56156
0.0069752
-0.0078938
0.0034394
-0.0027193
-0.006321
-0.017012
-0.61243
0.0010636
-0.36368
-0.57312
-0.0053137
-0.46514
0.0056711
-0.28943
-0.0050206
-0.76388
-0.023178
-0.53763
0.0014083
0.072751
-0.00059583
0.002999
-0.29416
-0.02038
-0.0017089
-0.0076324
0.0012607
-0.0032425
0.0036454
0.035827
-0.010557
-0.0050909
0.00055296
-0.0015834
-0.001178
-0.33966
0.1052
-1.5027
-0.0071188
0.80621
0.0084818
-0.34081
-0.35382
0.16734
0.014931
0.92389
0.0045573
0.01173
0.0041664
0.0037229
-1.135
0.89511
0.0094636
0.0021133
1.0897
-0.6523
-0.93143
-0.0033129
0.062963
-0.0028249
1.4744
-1.1538
-0.012648
-0.70036
-0.0033464
-0.00966
-0.0019764
-0.0010679
-0.0021195
-0.0079433
0.87214
-0.0023831
-0.48781
-0.0056477
-0.0055917
0.00048968
-0.0048907
0.16735
1.4596
1.0832
-0.060097
0.021538
0.0015882
0.0026893
-0.31427
-0.0048442
-0.41613
-0.48413
-2.4268e-05
0.74739
0.0087413
-0.013096
0.0029477
-0.0024946
-0.0040511
0.54553
-1.0282
0.0010033
-0.34348
-0.7993
-0.0065319
-0.61858
0.0084129
0.0022302
-0.0061902
0.37262
-0.0067385
-0.7607
0.0036209
-0.73482
0.00067696
0.004196
0.53458
-0.017316
-0.0034251
-0.0058059
-0.0014154
-0.0039432
0.0052084
0.046205
-0.0057501
-0.0029708
0.0027804
-0.0011989
-0.0016214
-0.15042
-0.43851
0.12737
-0.0033761
0.61054
0.0071986
0.32273
1.1513
-0.029434
0.0052073
0.7819
0.0072252
-1.2946
0.0042342
-0.00043251
-1.0563
0.35167
0.0010175
0.0033388
0.25659
0.068593
-0.47179
-0.0024819
0.0067544
0.0017155
0.7657
-1.2016
-0.0050788
-0.61988
-0.0026971
-0.0039896
-0.0044332
0.00015143
-0.0014633
-0.0043716
1.4186
-0.0027039
-0.93311
-0.0048689
-0.0019008
-0.0018474
-0.004675
-0.37221
0.10988
0.85606
-0.043164
-0.0039935
-0.0020747
0.0039817
-0.81791
-0.0020804
-0.73155
-0.96516
0.0010067
0.30308
0.0020419
-0.013382
6.5582e-05
-0.00098266
-0.0083232
1.0561
-0.19681
0.00033657
-0.58975
-0.6985
-0.0017922
-0.23969
0.00063296
0.72048
-0.0042117
1.0623
0.019231
-0.26497
0.0014486
-0.95428
0.0014949
0.0021939
1.4813
-0.012308
-0.0035896
-0.0030425
-0.0037661
-0.00033592
0.0018181
0.020866
0.008715
-0.00061623
0.0009872
-0.0025428
-0.0030296
-0.30349
-0.17351
1.1473
0.00093735
0.030096
0.0072866
0.55336
1.2945
-0.20082
-0.0026352
0.5891
0.0091835
-1.0254
0.0040349
-0.0036484
-0.12439
-0.18482
-0.0082066
0.00071541
-0.075242
0.92866
-0.1183
0.0010211
-0.04406
0.0016297
0.081815
-1.0045
0.0017659
-0.23584
-0.00018531
-0.0027169
-0.0020643
0.00020761
0.0018626
0.0038295
1.4527
-0.0021991
-0.93026
-0.0013008
0.0059521
-0.0026576
-0.0014238
-1.0369
-1.1786
-0.20557
-0.031652
-0.029439
-0.0049965
0.0036488
-0.26205
0.001934
-0.8112
-0.58508
0.00024445
-0.43236
-0.0089207
-0.01306
-0.0063992
0.0038406
-0.005309
1.0744
1.1081
0.0017641
-0.94855
-0.71834
0.0041128
0.35023
-0.0084517
1.1395
0.0029158
0.54331
0.027774
0.57538
-0.0034351
0.060753
-0.00059342
-0.0037717
0.8326
-0.014089
-0.0017328
0.0025821
-0.0061826
-0.0010767
-0.0018632
-0.02081
0.029186
-0.00026943
-0.00078352
-0.0026645
-0.0027046
-0.79255
0.49129
0.62603
0.001949
-0.61029
0.0062087
0.52027
0.26352
-0.25639
-0.0055171
0.39336
0.016187
0.25043
0.0020643
-0.0072283
0.90837
-0.52036
-0.011966
-0.0017917
0.070429
1.3263
0.35721
0.0061318
-0.063175
0.0042679
-0.3116
-0.73405
0.0032395
0.093291
8.2334e-05
-0.001152
-0.0024012
-0.00056856
0.0033763
0.0073374
1.1669
0.0084701
-0.54444
0.00031039
0.0062859
0.00049716
0.0012408
-1.299
-0.94185
-1.2492
-0.028718
-0.03509
-0.0050723
0.001803
1.392
0.0024759
-0.86655
0.20085
-0.0036091
-1.0705
-0.01462
-0.011617
-0.0076243
0.002616
0.001032
0.47523
1.0563
-0.0010099
-0.040051
-0.82625
0.0049948
0.44615
-0.011631
1.0856
0.0046824
-0.13319
0.013688
0.98978
-0.0065503
0.74038
-0.0015139
-0.0089427
-0.90226
-0.010732
0.001961
0.006285
-0.002049
-0.001945
-0.0031131
-0.044944
0.034263
0.002924
-0.0037429
-0.0028459
-0.00077294
-0.88027
0.70052
-0.081313
2.9599e-05
-0.74106
0.00030925
0.43548
-0.34824
-0.18364
-0.0062513
0.21008
0.0099066
0.82667
-0.0031363
-0.0063727
0.93651
-0.53341
-0.010609
-0.00017177
0.19727
1.0232
0.60864
0.005061
-0.050207
0.0047208
-0.27083
-0.54552
0.0029074
0.037642
-0.0019684
-0.001089
-0.0019508
-0.0024514
0.0056277
0.0062353
0.76245
0.018147
-0.16738
0.0034828
0.0036694
-0.00036504
0.0032775
-0.72386
0.00071513
-1.3879
-0.019218
-0.023476
-0.0074774
-5.0137e-05
1.8759
0.0027923
-0.59115
0.41987
-0.0029123
-0.97552
-0.012959
-0.0047844
-0.0033134
0.003327
0.0044597
-0.059676
0.20582
-0.0014632
1.0669
-0.62502
0.0036138
0.16409
-0.01067
0.66374
0.0048435
-0.26012
0.002038
0.86187
-0.008875
0.54316
-0.0013143
-0.0066044
-1.514
-0.0031784
0.0028842
0.0028418
-0.0014865
-0.00035897
6.1797e-05
-0.034622
0.021332
0.0012327
-0.0030619
0.0020672
0.00034134
-0.18656
0.81817
-1.4376
-0.0054254
0.4753
0.0044526
-0.61017
-0.73332
0.16461
0.008404
0.74153
0.001626
0.68148
-0.0025731
0.0034363
-0.57635
1.6109
0.0049594
0.00116
0.76456
-0.96376
-0.49101
-0.0017901
0.064972
-0.0058731
1.0141
-0.28189
-0.0051218
-0.87876
-0.0032758
-0.0043992
0.0016846
-0.00046057
-2.8163e-05
-0.0062217
0.13763
-0.0028314
0.090523
-0.0027511
-0.0030697
0.0039092
-0.0017491
0.15301
1.2374
0.4302
-0.050915
0.021485
0.00089538
-0.0012882
0.10354
-0.0031659
-0.59683
-0.29928
-0.00063478
0.50768
0.0057053
-0.0037552
0.0012658
-0.0018141
-0.010918
-0.96587
-0.61767
0.001769
-0.19694
-0.58736
-0.0012483
-0.44774
0.0052126
0.24474
-0.0039243
-0.24383
-0.016869
-0.53627
-0.00048844
0.077187
-0.0034401
0.0014896
-0.2316
-0.027704
-0.00051338
-0.0035646
0.0015655
-0.00020996
0.0022099
0.02261
-0.027376
-0.0015308
-6.1721e-05
0.00043123
-0.0017606
-0.0017335
0.4623
-1.5421
-0.0048504
0.61874
0.0044467
-0.4409
0.054182
0.10392
0.0073923
0.69704
0.0077523
-0.33139
0.00086863
0.0030659
-0.94499
1.9083
0.0049518
0.0049598
0.53904
-0.89441
-0.18001
-0.0022996
0.055369
-0.0020305
1.1567
-0.33255
-0.0080408
-1.377
-0.0014
-0.0016937
-0.0010118
0.0010464
0.00080435
-0.0047836
0.2727
-0.0010037
-0.18126
-0.0032835
-0.0055074
0.00050979
-0.0031118
0.12684
0.97925
0.56409
-0.05671
0.014623
0.0031131
0.0013887
-0.31798
-0.0020648
-1.0708
-0.88409
-3.4405e-05
0.72184
0.0047176
-0.0099676
7.1663e-05
7.7653e-05
-0.011344
-0.71742
-0.65862
-0.0027112
-0.22348
-0.68182
-0.0010606
-0.59013
0.0044036
0.91219
-0.0020776
0.53343
-3.1368e-05
-0.60341
0.0031314
-0.44958
-0.0021396
0.0035701
0.46091
-0.027584
0.0003128
-0.0036825
-0.0022395
-0.0012169
0.0057567
0.026477
-0.028353
-0.0016278
0.00064354
-0.00095472
-0.0013045
0.34054
-0.23765
-0.47661
-0.0014772
0.47631
0.00068384
-0.059617
1.127
-0.058613
0.0022354
0.31772
0.007719
-1.1861
0.0022197
0.00027085
-1.0114
1.4089
-0.00095593
0.0047467
-0.068768
-0.19236
0.19374
-0.0031703
0.0050482
0.0022063
0.99156
-0.27899
-0.0031574
-1.4865
0.0012461
-0.00099516
-0.0032159
0.0022411
0.00083527
-0.0028065
0.28958
-0.0037957
-0.69583
-0.00034119
-0.001072
-0.003002
-0.001514
-0.19966
-0.48898
-0.011415
-0.049427
-0.0089347
-0.00084947
0.0019271
-0.58496
-0.00028258
-1.0818
-0.96399
0.0039041
0.59027
-0.00089068
-0.011859
-0.00085824
-0.0018552
-0.007767
0.16067
0.29027
-0.0009758
-0.45898
-0.64944
2.008e-05
-0.3093
0.00076927
1.6718
-0.001046
0.72366
0.028502
0.15113
0.0014838
-0.76275
-4.1229e-05
0.0018179
1.153
-0.019101
-0.0036413
-0.0019122
-0.0063115
-0.0023849
0.00093362
0.0073485
-0.0255
-0.0021149
0.0031129
-0.0029348
-0.0014551
0.59126
-0.21632
0.51684
0.0019148
0.05378
-0.00012721
0.19321
0.99787
-0.17257
-0.003403
-0.023139
0.0086769
-0.79793
0.00395
-0.0014322
-0.29234
0.72885
-0.0064137
-0.0006277
-0.36426
0.61732
0.25434
-0.0018574
-0.031991
-7.3735e-05
0.75174
-0.12575
0.0065042
-1.351
0.0022715
-0.00068635
-0.0029591
0.00056921
0.00074304
0.0012498
0.15402
-0.0038406
-1.1825
-0.00039795
0.0062677
-0.0028933
-0.0028497
-0.74963
-1.3375
-0.81388
-0.042837
-0.027195
-0.0024303
0.0051422
0.082536
0.0023466
-0.73637
-0.22882
0.002416
-0.03698
-0.0072169
-0.012385
-0.0082406
-0.0014189
-0.0053586
0.80454
1.1086
-0.00043856
-0.62443
-0.70931
0.0012798
0.1189
-0.004248
1.9645
-0.00077432
0.2025
0.041635
1.1245
0.00026226
-0.27597
0.00043517
-0.0023467
0.50614
-0.013378
-0.0052228
0.0013863
-0.0063811
-0.0022839
-0.0056062
-0.028796
-0.025447
-0.0012644
0.00088939
-0.002267
-0.001433
0.4017
0.2556
0.47829
0.0042635
-0.41275
0.0025181
0.51034
-0.020579
-0.17994
-0.0013581
-0.19561
0.010209
0.19981
0.0045499
-0.0029597
0.73672
0.042582
-0.0083185
-0.0040828
-0.21742
0.99563
0.37877
-0.0018874
-0.049198
-0.00029679
0.43064
-0.0023014
0.0064763
-1.087
-0.00058283
-0.0011831
-0.0033241
0.0015898
-0.00063618
0.003409
-0.0087602
0.0029072
-1.291
4.1378e-05
0.0069693
-0.0010442
0.00020078
-1.2437
-0.76577
-1.2115
-0.034688
-0.029842
-0.0017888
0.00011047
1.2878
0.0041829
-0.467
0.59897
-0.00045683
-0.82666
-0.009214
-0.012441
-0.0089119
-0.0012039
0.0018879
0.78091
0.63367
-0.00094408
-0.051541
-0.73416
0.0022886
0.15738
-0.010186
1.721
0.00034558
-0.20722
0.03753
1.5201
-0.0010858
0.31372
0.00095977
-0.0055656
-0.80952
-0.0071462
-0.0019848
0.0037384
-0.0052474
-1.6311e-05
-0.0074714
-0.044882
-0.013725
0.001332
-0.0025733
-0.0010382
-0.0025244
0.10956
0.38676
0.026522
0.0046134
-0.52829
-0.00028104
0.66732
-0.5119
-0.10874
-0.00010911
-0.241
0.0062779
0.62997
0.0002432
-0.00248
0.97757
-0.31847
-0.0091912
-0.0034438
-0.037865
0.73111
0.40992
0.0010426
-0.037917
0.0034402
0.21745
-0.063574
0.0049435
-0.75554
-0.0072885
0.00028302
-0.0025916
-0.00019323
-0.00079409
0.0012311
-0.13989
0.012598
-0.9546
0.002216
0.002097
-0.0010411
0.0028738
-1.0046
0.16374
-0.98477
-0.02119
-0.018608
-0.0021379
-0.0020276
1.4139
0.00091869
-0.20117
0.63883
-0.00072523
-0.95853
-0.0076594
-0.0057765
-0.0053155
0.00083295
0.002272
0.44972
-0.12996
-5.813e-05
0.58145
-0.44029
0.00070551
-0.032448
-0.011537
1.072
-0.00052923
-0.2331
0.02176
1.2681
-0.0021944
0.37513
-0.00043867
-0.0028064
-1.2751
0.0022544
0.00010324
0.00047435
-0.0018066
-0.00068417
-0.0064105
-0.032543
-0.0022868
0.0015035
-0.0037874
0.001063
0.0018155
0.00084865
-0.00011765
-0.0017787
-0.001561
0.0034836
0.001876
0.00043219
-0.0025904
-0.0023696
-0.0036526
0.0027126
0.0029227
0.00054332
-0.00044392
-0.0025144
-0.0016149
0.00092002
0.0021461
0.0021964
-0.00071974
-0.0021572
-0.003563
0.0015529
0.0010473
-0.00025191
-0.0018807
-0.0035663
-0.0021247
0.0023508
0.0024551
-0.00021243
-0.0005433
-0.0023059
-0.0020269
0.002291
0.001188
-0.00034551
-0.00047116
-0.00088936
-0.00067523
0.0014863
0.00028064
0.0016655
-0.001081
-0.0006419
-0.0011381
0.00077278
0.00094649
0.0014495
0.00043235
-0.00052353
0.0018267
0.0018093
-0.00045152
0.00095781
7.4e-05
-0.00169
0.00036256
0.00051641
0.00092792
-0.0011044
-0.0011892
-0.00090198
-0.00035523
0.0014547
-0.0005705
-0.0014734
6.3265e-05
-0.0015787
-0.00066321
0.51196
0.63925
0.98577
1.286
1.2143
0.86798
-0.15616
0.1702
0.80877
1.3369
1.4579
1.1609
-0.81579
-0.76491
-0.62872
-0.44564
-0.26581
-0.14259
-0.66809
-0.75455
-0.91803
-1.1608
-1.4419
-1.2458
-0.49579
-0.3442
-0.17174
-0.26772
-0.65341
-0.83828
-0.24158
-0.014893
0.27073
0.53797
0.38552
0.065909
-0.32153
-0.64893
-0.57642
-0.0085917
0.4972
0.4795
-0.47552
-0.91153
-0.86502
-0.082537
0.7009
0.72698
-0.48073
-0.86902
-0.87148
-0.12841
0.73625
0.8228
-0.16488
-0.52115
-0.70777
-0.15918
0.61668
0.78485
0.51001
0.090404
-0.43247
-0.17537
0.46666
0.66252
0.76935
0.42006
-0.2284
-0.21616
0.24864
0.40293
0.064234
0.65448
0.73704
0.2285
-0.068885
-0.23486
-0.31518
0.57983
1.0545
0.60523
-0.063565
-0.29462
-0.89602
-0.059965
1.0489
0.95934
0.083355
-0.33215
-1.2897
-0.8308
0.78522
1.2151
0.40253
-0.21635
-1.5668
-1.4308
0.088065
1.0974
0.62384
-0.081085
-1.4094
-1.485
-0.5611
0.49575
0.5152
0.060364
-0.0031366
-0.00064396
0.00025432
0.0027755
0.0042174
0.0054576
-0.0049249
-0.0034619
-0.0025997
0.001451
0.0047988
0.0098814
-0.005833
-0.0026004
-0.0024399
-4.0851e-05
0.0055711
0.0077421
-0.0071717
-0.0064
-0.0018959
0.0024356
0.0038726
0.0030908
-0.011085
-0.0090205
-0.003806
0.0034028
0.003945
0.0037222
-0.0043931
-0.0049772
-0.0030483
0.0041015
0.0069804
0.0066108
0.54539
0.26723
-0.30267
-0.69728
-0.82463
-0.66408
0.76024
0.61047
0.034812
-0.51912
-0.81521
-0.73465
0.71216
0.82063
0.46498
-0.15414
-0.61143
-0.68833
0.61445
0.80235
0.5375
-0.096704
-0.62249
-0.74141
0.60047
0.81005
0.55138
-0.036808
-0.59283
-0.734
0.43583
0.64294
0.48671
0.04259
-0.3902
-0.53482
-0.0094429
-0.0127
-0.0095908
-0.0073508
-0.0054585
-0.0053883
-0.0056146
-0.0076682
-0.0077473
-0.0074981
-0.0086582
-0.0068501
0.0024848
0.0044077
0.00093045
-0.0033043
-0.0035371
-0.0034943
0.0084671
0.013089
0.0098089
0.0048914
0.0019868
-0.0020388
0.010254
0.011765
0.0094743
0.0064873
0.006437
0.0027302
0.0080457
0.0049393
0.0014515
0.003023
0.0033558
0.0012172
0.44359
0.11777
-0.56482
-1.0973
-1.2472
-1.046
0.99311
1.0214
0.27273
-0.73404
-1.3996
-1.3172
0.68609
1.271
1.1778
0.31088
-0.73759
-1.0889
-0.35041
0.42408
0.97165
0.81902
0.139
-0.40047
-0.71532
-0.31682
0.23436
0.50549
0.56331
0.42402
-0.51007
-0.37197
-0.061553
0.15707
0.52397
0.66216
-0.23661
-0.81513
-1.1598
-0.54231
0.54684
0.91618
-0.40134
-1.0503
-1.0447
-0.1043
0.92188
1.038
-0.7086
-1.0408
-0.4362
0.49581
0.90125
0.58246
-1.0674
-0.79986
0.36406
0.93133
0.6284
0.095023
-1.0774
-0.30335
1.0891
1.2089
0.35535
-0.2974
-0.69225
0.073609
1.1142
1.0266
0.060423
-0.47035
0.1813
0.22552
0.11993
-0.049457
-0.17632
-0.18117
0.28863
0.33515
0.1842
-0.05065
-0.21953
-0.22875
0.29807
0.32469
0.1503
-0.074705
-0.22846
-0.23145
0.25543
0.24198
0.049545
-0.15012
-0.25569
-0.23054
0.20772
0.16647
-0.037204
-0.21242
-0.25974
-0.19127
0.15719
0.10416
-0.057205
-0.1793
-0.18664
-0.10936
0.0019517
0.0042974
0.001837
-0.0023461
-0.0023363
-0.00072188
-0.0037903
-0.0034921
-0.0046854
-0.0067753
-0.0036172
-0.0031027
-0.00059792
-0.0011347
-0.0045252
-0.010228
-0.012048
-0.012336
0.0064043
0.009851
0.0034215
-0.0059531
-0.0090068
-0.0096401
0.009026
0.01572
0.009142
0.001823
-0.0025988
-0.0035339
0.0097821
0.011437
0.0053652
0.00024054
0.0014668
0.0012481
-0.37961
-0.67073
-0.96663
-1.146
-1.1719
-1.0125
-0.96568
-1.1442
-0.96659
-0.67085
-0.43322
-0.32302
-0.98952
-0.72123
0.010832
0.74647
0.98342
0.69941
-0.086531
0.39576
0.80321
1.1484
1.1725
0.76227
0.77566
0.89356
0.76528
0.5705
0.40424
0.22796
0.72707
0.68382
0.32939
0.04192
-0.1062
-0.091075
-0.0030051
-0.0070793
-0.0095958
-0.0090972
-0.011331
-0.0085427
-0.001244
-0.0063245
-0.010481
-0.014659
-0.013924
-0.012509
-0.00019217
-0.0015901
-0.0044279
-0.0076423
-0.0047915
-0.0036013
-0.0030971
0.0019088
-0.00016671
0.0046721
0.010098
0.010112
0.0041112
0.0073443
0.008182
0.012145
0.014518
0.012855
0.0063481
0.0077705
0.0096676
0.010925
0.0093861
0.0068953
0.71394
0.83491
0.19529
-0.50908
-0.64594
-0.26372
1.0599
0.7466
-0.41637
-1.0757
-0.7329
-0.0514
1.3612
0.59511
-0.86595
-1.1447
-0.37477
0.43938
1.4904
0.4216
-1.0435
-0.9832
0.10714
0.78288
1.2508
0.044013
-1.2556
-0.99125
0.22611
0.80379
0.62816
-0.34134
-1.1921
-0.79006
0.18774
0.65642
-0.0026078
-0.0018554
-0.002447
-0.00069949
-0.0014024
-0.0039297
-0.00010897
0.00078258
-0.0014362
-0.00081299
-0.00089243
-0.0012835
0.00067496
0.0038145
-0.0013618
-0.0015991
-0.00099374
-0.0034844
-0.0023498
0.0044535
0.0012557
-0.0010519
-0.0025782
-0.0042376
-0.001004
0.0037759
0.0073803
0.0033135
0.00094421
-0.0021486
0.00033373
0.0027427
0.0046375
0.0030721
0.0022247
-0.00059169
0.0031363
0.0038047
0.0033786
0.0016085
-0.003333
-0.0042137
0.0077213
0.0092499
0.0040934
0.00045905
-0.0043739
-0.0047254
0.0088468
0.0092759
0.0035465
-0.0041594
-0.0075261
-0.0052532
0.00491
0.0052206
0.0016432
-0.0082094
-0.010503
-0.0058904
0.0030215
0.0041857
0.0019456
-0.005703
-0.0078574
-0.0072266
0.0047634
0.0022695
-0.00091127
-0.0018186
0.00020868
-0.0012297
-0.28608
0.2837
0.81656
0.68516
0.32202
0.20725
-0.6347
-0.12023
0.62476
0.76272
0.35216
0.13627
-0.79001
-0.70443
0.021017
0.5202
0.4294
0.12954
-0.68358
-0.94506
-0.54823
0.22871
0.63075
0.42177
-0.59616
-1.0582
-0.989
-0.11479
0.86597
0.8778
-0.557
-0.8968
-0.98987
-0.29728
0.7073
0.95027
0.58378
0.86582
0.74865
0.39162
0.0006177
-0.13779
-0.23011
-0.088878
-0.02097
0.0030453
-0.084897
-0.1505
-1.1282
-1.3619
-1.0833
-0.55743
-0.18907
0.0074701
-0.68882
-1.1173
-1.1584
-0.87723
-0.57339
-0.21927
0.96497
0.82696
0.28088
-0.19069
-0.54972
-0.49597
1.5377
1.8153
1.4016
0.75661
0.070633
-0.28779
0.004918
0.0043466
0.0019799
-0.00022628
-0.006157
-0.00715
0.009503
0.010187
0.0076838
0.0015502
-0.0051718
-0.0067392
0.0096139
0.010516
0.0066747
-0.0028014
-0.010161
-0.0095479
0.0073612
0.0065122
0.0030878
-0.004924
-0.013089
-0.0099746
0.0068066
0.0084261
0.0030478
-0.0043322
-0.011337
-0.012047
0.005295
0.0055894
0.0024393
-0.0033824
-0.0070031
-0.0061422
-0.003404
-0.00034832
-0.0013113
-0.0037094
-0.0077863
-0.0058487
-0.00029447
0.0023066
0.0018517
-0.0019925
-0.0052359
-0.0042848
0.0056289
0.0052
0.0039232
0.0009754
-0.0045796
-0.0058734
0.0075132
0.0049409
0.0028593
-0.0010095
-0.0049752
-0.004154
0.0042067
0.0048443
0.0054246
-0.0009316
-0.0018983
-0.0015419
0.0017649
0.0037646
0.0053466
-0.00069036
-0.0050378
-0.0024047
-0.74483
-0.98715
-0.95889
-0.81752
-0.63996
-0.3614
-0.28807
-0.76519
-1.015
-0.93736
-0.6288
-0.29185
0.84773
0.46311
-0.22444
-0.38472
-0.11567
0.10497
1.4803
1.2393
0.40611
0.041772
0.20382
0.27833
1.3878
1.07
0.3045
-0.04783
0.073489
0.14975
0.73407
0.5638
-0.029044
-0.29996
-0.12262
-0.0049205
-0.80717
-0.77572
-0.53833
-0.42618
-0.43696
-0.41319
-0.78032
-0.64219
-0.3599
-0.35056
-0.33311
-0.25152
-0.32659
-0.0092406
0.22317
0.26342
0.31612
0.27308
-0.28365
0.045107
0.43584
0.8202
1.0119
0.81978
-0.78378
-0.63364
0.071963
0.87744
1.2462
1.0189
-0.86902
-0.85017
-0.20132
0.5855
0.96611
0.76745
1.4139
1.6927
1.0606
0.13924
-0.54296
-0.51402
1.4642
1.5397
0.60804
-0.52382
-0.81158
-0.41384
0.29531
-0.067906
-0.6042
-0.82759
-0.44948
0.062258
-0.78132
-1.1025
-0.98085
-0.63199
0.029939
0.43441
-0.90098
-0.91429
-0.52955
-0.15296
0.38093
0.57959
-0.48047
-0.2545
0.13938
0.27431
0.40704
0.42871
-0.0037368
-0.0051605
-0.0041041
0.00062523
0.0036933
0.0044874
-0.0021332
-0.0032179
-0.0014508
0.0038686
0.0055521
0.004204
-0.003443
-0.0048213
-0.00049243
0.0026979
0.0052241
0.0042683
-0.0053929
-0.0053152
-0.0029962
0.00025264
0.0061123
0.0058466
-0.0028802
-0.0017022
-0.0011913
0.00013491
0.0040029
0.0045737
-0.003968
-0.0016869
-0.0024884
-0.0038236
-0.001242
4.0139e-05
0.025292
0.033329
0.026335
0.011677
-0.010604
-0.020961
0.03585
0.03626
0.016787
-0.0037335
-0.028887
-0.03879
0.038228
0.034657
0.00065643
-0.028723
-0.043069
-0.048999
0.058499
0.051582
0.0063023
-0.035585
-0.058496
-0.053813
0.079449
0.068923
0.011539
-0.041479
-0.067882
-0.055157
0.067459
0.059358
0.007493
-0.035062
-0.050735
-0.034967
-0.0048657
-0.0024067
-0.0039347
-0.0060689
-0.0015021
0.0030311
-0.0045461
-0.0027553
-0.0021591
-0.0011583
0.0035347
0.005095
-0.0025884
-0.00086702
-0.00090836
0.0038752
0.0019231
0.00092089
-0.0033293
-0.0028596
-2.7727e-05
0.0015902
0.0030392
0.0022444
-0.00469
0.0004227
0.0053096
0.0040808
0.0039395
0.0063454
-0.0054939
0.0014212
0.0038878
0.00042329
0.0011025
0.0047293
-0.77824
-0.86055
-0.52721
0.036989
0.56574
0.60182
-0.86687
-1.1519
-0.93593
-0.42049
0.13558
0.26852
0.028979
-0.62809
-1.0616
-0.98758
-0.59673
-0.29739
1.1517
0.64125
-0.30744
-0.97441
-0.9782
-0.58424
1.5521
1.4397
0.74071
0.07831
-0.25226
-0.22109
0.99369
1.162
1.0049
0.80693
0.50576
0.15105
-0.12416
-0.43069
-0.75073
-0.8026
-0.73503
-0.46501
0.79148
1.0712
1.1177
1.0541
0.81362
0.52303
0.63878
1.0915
1.4435
1.4856
1.1627
0.70284
-0.58849
-0.70696
-0.53862
-0.40248
-0.31415
-0.28739
-0.77454
-1.0747
-1.1562
-0.98625
-0.73303
-0.55682
-0.23381
-0.27244
-0.31001
-0.1546
-0.085318
-0.20555
-0.00080264
-0.0015094
0.001228
0.0029271
0.0048769
0.007049
-0.0042883
-0.0031471
-0.0020596
0.00043977
0.0043046
0.0070592
-0.0036961
-0.0037455
-0.00053
-0.0021263
0.0017737
0.0053701
-0.0048006
-0.0059762
-0.0013871
-0.0022953
0.0014359
0.0021276
-0.0071309
-0.0084937
-0.0023928
0.0015976
0.0047661
0.00058123
-0.0044124
-0.0039948
-0.00026468
0.0071476
0.0087212
0.0055961
-0.32787
-0.45869
-0.59542
-0.60526
-0.47395
-0.25905
0.21659
0.0059116
-0.37743
-0.52696
-0.46454
-0.32829
0.86127
1.081
1.0401
0.94043
0.84936
0.50108
0.54077
0.96018
1.2598
1.4555
1.472
0.96055
-0.47182
-0.7152
-0.64081
-0.26769
0.037042
0.044902
-0.78477
-1.3109
-1.4635
-1.2866
-1.0228
-0.74936
-0.0019085
-0.0014019
0.00041857
0.002226
-0.0028728
-0.0034462
-0.0054512
-0.0036841
-0.00024136
0.0021733
-0.0013781
-0.003857
-0.0046417
-0.0008625
0.0002186
0.0028733
0.0052925
0.0021016
-0.0022096
0.00094539
-0.00026057
0.0023249
0.0059528
0.0047353
-0.0010311
-0.0001346
0.00054402
0.0019878
0.0021594
-0.0019858
0.00033147
0.0016504
0.0021909
0.0036939
-0.0003272
-0.006345
-0.0041126
-0.0017053
0.0038327
0.0042383
0.0022112
0.00049865
0.0010734
0.0013779
0.0012185
0.004077
0.0034785
0.0039636
0.0027748
-0.0015751
-0.0020591
0.0021922
0.0068714
0.0054063
-0.0039294
-0.0081789
-0.0065303
0.00026534
0.0027164
0.00081222
-0.0082948
-0.0079823
-0.0036472
-0.0011519
-0.0015842
-0.0015084
-0.0050736
-0.0020235
2.659e-05
0.00033532
-5.1506e-05
0.0014141
-6.1714e-05
-0.0013098
-0.0011293
-0.00058186
0.001163
0.00011355
0.00057184
-0.0012372
-0.0016374
0.00042438
0.00022327
0.0015784
-0.00031655
0.00019623
0.0023391
-9.5193e-05
0.00094115
0.0015226
4.9333e-06
-0.00068282
-0.000931
0.00046869
0.0010643
0.0023086
0.00021032
-0.00033508
0.00043483
-0.0002527
0.00011694
0.0015704
0.0021351
0.0011699
-0.00049613
9.7774e-05
-4.8129e-06
-0.00052737
0.00021572
0.00037289
0.0031626
0.0010707
-0.0007064
0.00096508
0.0036632
0.0031847
0.0036839
0.0031233
0.0011043
0.0017178
0.00077085
0.00058161
-0.00038277
0.0025751
0.00029005
-0.0031394
-0.0018523
-0.0041725
-0.0031774
-0.0034552
-0.0026742
-0.0013836
-0.0032513
-0.0027321
0.00025019
-0.0012476
0.00034669
-0.0011704
-0.00065216
0.0011535
0.0014492
0.0014887
0.00023329
0.0011358
-0.0060157
-0.009079
-0.0053984
-0.0010238
-0.00053734
0.0017849
-0.0058212
-0.0067435
-0.0022525
0.0002792
0.0011209
0.00085394
-0.0045312
-0.0026573
0.0026398
0.0035216
0.0069218
0.0047456
-0.0041567
-0.0027201
0.001684
0.0065309
0.0094575
0.0098699
-0.00080356
-0.0026632
0.0007631
0.002846
0.0038607
0.004502
-6.3114e-05
0.0011512
0.00086901
0.00083359
0.0004894
0.00012838
-0.0033605
0.00088291
0.0027992
0.00033916
-0.0015893
0.0011676
-0.0058892
-0.0028678
-0.0013248
0.0033984
0.003925
0.0040314
-0.0069429
-0.0048454
-0.003412
0.00096765
0.0076325
0.0072753
-0.0040888
-0.0068636
-0.0028668
0.0030056
0.0076525
0.0059327
-0.0049185
-0.007261
-0.0040533
0.0015446
0.0071481
0.0040054
-0.0050337
-0.0049636
-0.001722
0.0013986
0.0014348
0.0020583
0.72886
0.81479
0.46402
0.12908
-0.12307
-0.19064
-0.16258
-0.5135
-0.84794
-1.0431
-1.2071
-1.1071
-0.98585
-1.2013
-1.1044
-0.99418
-0.99629
-0.89629
-0.39315
0.078502
0.6375
0.86598
0.723
0.4895
0.36821
0.86221
1.34
1.3733
1.0912
0.74079
0.14896
0.26336
0.32107
0.17765
0.0010672
-0.099681
0.00245
0.0069828
-0.00089972
-0.013916
-0.015416
-0.0067481
0.010544
0.009298
-0.001875
-0.019156
-0.018511
-0.0077498
0.0085705
0.0092539
-4.2131e-05
-0.013158
-0.0078479
0.00017303
0.0036464
0.0042267
0.0021239
-0.0029761
0.004157
0.012394
0.00050642
0.0033497
0.00079519
-0.00011833
0.0080324
0.016071
0.0024458
0.0026241
-0.00024995
-0.0041521
0.0022748
0.010284
0.24144
0.81376
1.0515
0.47123
-0.35358
-0.62625
-0.28657
0.3684
1.1438
1.1373
0.41756
-0.19748
-0.88122
-0.61059
0.33951
1.1736
1.3642
0.87839
-0.60642
-0.88211
-0.61202
0.26457
1.0645
1.0118
0.013359
-0.45874
-0.90366
-0.89863
-0.50842
-0.12357
0.12874
-0.14776
-0.72118
-1.1418
-1.2473
-0.98846
0.0012699
-0.00092941
-0.0017183
-0.0011527
0.0023802
0.005906
-0.0014889
-0.005135
-0.0016985
0.00034579
0.0051036
0.0062481
-0.0039924
-0.007281
-0.0024064
0.0057611
0.0084262
0.0073767
-0.0023885
-0.0068901
-0.0033569
0.0017163
0.0036328
0.0060875
-0.0027529
-0.0072682
-0.0046934
-0.00072128
0.0015972
0.0019884
-0.004923
-0.003284
-0.0028909
0.00041712
0.002897
0.002575
-0.0032594
-0.0019414
-0.0021703
0.0020928
0.003007
0.0032777
-0.0072634
-0.0051168
-0.0029148
-0.00069496
0.0034188
0.0052217
-0.010899
-0.008662
-0.0025072
-0.0011152
0.005309
0.0069042
-0.0082472
-0.0047847
-0.00081732
7.5539e-05
0.0070263
0.0054894
-0.0067431
-0.0023566
-0.00094671
0.0067855
0.0093334
0.0042909
-0.0026259
-0.0044612
-0.0011468
0.0079437
0.0090208
0.0027434
0.0018696
-2.7009e-05
-0.00019228
-0.00050574
-0.0032952
-0.0034187
0.0035396
0.00095855
-6.5117e-05
-0.0023277
-0.0041794
-0.0029729
0.0036048
0.004979
0.001942
-0.0031197
-0.0045671
-0.0011789
0.004157
0.0049124
0.0033189
-0.001296
-0.0028862
-0.00067289
0.005656
0.0049797
-0.00095182
-0.0032867
-0.0026375
-0.0021598
0.0054592
0.0035679
-0.0011157
-0.0018524
-0.0032678
3.4065e-05
-0.00035807
0.0010557
0.00060125
0.00061912
0.00047554
0.0012013
0.00096583
-0.0017326
-0.0017782
-0.0025436
0.00018037
0.0034575
-0.00048291
-0.0014364
-0.00067431
0.002891
0.0038648
0.0049818
0.0017996
-0.0023847
-0.00022767
0.0025987
0.0012801
0.0050613
-7.698e-05
-0.002845
-0.0034069
-0.0024944
-0.0028228
0.00092784
0.0016132
-0.00038533
-0.0036346
-0.0024556
-0.0018055
0.00096556
-0.32879
-0.51229
-0.098098
0.86903
1.3804
1.1198
-0.14357
-0.52045
-0.55106
0.46307
1.482
1.5231
0.16595
-0.24832
-0.7804
-0.34917
0.9892
1.4601
0.42117
0.12747
-0.60803
-0.91204
-0.30194
0.52264
0.30075
0.1651
-0.3881
-1.0041
-1.2428
-0.69039
0.072187
0.036779
-0.19535
-0.68916
-1.2033
-0.96403
-0.38286
0.20818
0.90211
0.53475
-0.2315
-0.4302
-0.46329
0.36102
0.99416
0.22609
-0.70655
-0.69746
-0.17939
0.68939
0.65831
-0.47327
-1.0744
-0.70284
0.60637
1.2395
0.4616
-0.85659
-1.0563
-0.39308
1.2462
1.4268
0.1178
-1.202
-0.93768
0.0070159
1.1551
0.97866
-0.42476
-1.3105
-0.74248
0.20583
-0.70324
-0.82905
-0.81067
-0.4528
0.064729
0.27412
-0.75952
-0.72987
-0.42467
0.062559
0.64689
0.69705
-0.45469
0.17227
0.82234
1.0402
0.79724
0.34386
0.067024
0.9366
1.3548
0.86557
-0.2611
-0.85869
0.51063
1.0791
0.82753
-0.23677
-1.2091
-1.3323
0.43704
0.56997
0.012596
-0.73398
-1.1275
-0.9085
-0.0054129
0.023979
0.064396
0.077731
0.058168
0.032732
-0.020204
0.025795
0.079542
0.093291
0.063606
0.026071
-0.043225
-0.0066292
0.041118
0.054099
0.030885
-0.00443
-0.051201
-0.035392
-0.00046282
0.011531
-0.0013145
-0.021452
-0.05551
-0.058709
-0.039303
-0.026975
-0.026432
-0.021005
-0.051095
-0.057724
-0.048832
-0.039083
-0.033687
-0.019594
0.010621
0.015627
0.013948
0.0037934
-0.0077689
-0.014685
0.02346
0.028032
0.019109
0.0017837
-0.012864
-0.017747
0.025086
0.026619
0.0080543
-0.0077593
-0.018115
-0.013605
0.026329
0.024453
0.0043234
-0.019988
-0.028194
-0.01808
0.026942
0.025011
0.00068819
-0.027232
-0.034534
-0.023492
0.02175
0.01509
-0.0057014
-0.026807
-0.029241
-0.015579
0.0010524
0.0039461
0.0018986
0.00083466
-0.0013834
-0.0023437
0.002784
0.0035218
0.002208
-0.00010565
-0.00062155
-0.0018437
0.0015625
0.0037815
-0.0025206
-0.00071626
-0.001011
-0.002832
-0.0011085
-0.00067537
-0.0010282
-0.0026666
-0.0010653
-0.0043739
-0.00044133
0.0013915
0.00028205
-0.00050981
-0.0017384
-0.0028908
0.00066072
0.0032496
0.0020548
0.00063404
0.0020001
0.0013418
-0.00090118
-0.0032053
-0.0022778
-0.00020981
-0.00010631
0.0018205
-0.0036491
-0.0047182
-0.0014187
0.0022716
-0.00018247
0.0009328
-0.0034879
-0.0019352
-0.0016305
-0.0015556
-0.0016009
0.0005661
-0.0013608
-0.00089635
0.0022638
0.0021262
0.0012104
-0.000369
-0.00047823
0.0002059
0.0029404
0.0045496
0.0022753
0.00039657
-0.0010574
-0.0015738
0.002703
0.0058539
0.001424
-0.00091669
-0.55881
-0.26422
0.047171
-0.21753
-0.33515
0.06913
-0.59227
-0.27483
-0.20434
-0.68778
-0.57212
0.199
-0.25109
-0.2037
-0.55526
-0.96343
-0.27518
0.77619
-0.050321
-0.24489
-0.81004
-0.72326
0.6273
1.5488
0.074944
-0.35938
-0.82848
-0.20107
1.3595
1.789
0.078358
-0.32973
-0.5917
0.13032
1.2854
1.3985
-0.0037597
-0.0039812
-0.0024552
0.0014264
0.0010209
0.00095138
-0.0040992
-0.0031613
-0.0027704
-0.00087005
0.0023589
0.0026306
-0.003256
-0.0030566
-0.002742
0.0015685
0.0031758
0.0020741
-0.0036895
-0.0032881
0.00060559
0.00046338
0.002509
0.0029169
-0.0049783
-0.0043507
0.0011138
0.004298
0.0041651
0.0020526
-0.00057897
0.00046961
0.0013871
0.0029483
0.0029737
0.0033665
-0.99092
-0.81234
-0.03877
0.77015
1.0923
0.80128
-0.49365
0.078242
0.79501
1.1238
0.96705
0.44656
0.70868
1.2455
1.1186
0.60523
-0.093173
-0.46419
0.99563
1.0305
0.41206
-0.354
-0.94277
-0.8627
0.032154
-0.38114
-0.71517
-0.84353
-0.89747
-0.61406
-0.57312
-1.0456
-1.0464
-0.73195
-0.47669
-0.15039
-0.23549
0.28759
0.95956
0.69547
-0.37637
-0.75492
0.37481
0.91673
1.1746
0.44268
-0.73445
-0.97208
1.0591
1.2741
0.74738
-0.2555
-1.0236
-0.9088
0.97064
0.6837
-0.21102
-0.71407
-0.71786
-0.49304
0.20204
-0.4128
-0.94787
-0.61884
0.1416
0.34848
-0.32043
-0.83447
-0.92757
-0.26214
0.52145
0.64917
0.0021844
0.0023885
0.0031394
-0.00033616
-0.0021295
-0.00091619
0.0045623
0.0029347
0.0057726
0.0010672
-0.0031274
-0.003504
0.0045339
0.003506
0.0042628
-0.00053563
-0.0051953
-0.0039191
0.0034711
0.0032855
0.0014708
-0.003124
-0.0074504
-0.0055388
-3.2761e-05
0.0033198
-0.00015561
-0.0028775
-0.0057435
-0.0042645
-0.00021915
0.001876
0.0041116
0.0013374
-0.0013015
-0.0016856
1.1375
0.56604
-0.72491
-1.0716
-0.18376
0.56805
1.4478
0.87182
-0.59758
-1.2084
-0.33689
0.51634
1.2671
0.89415
-0.32229
-0.98342
-0.55103
0.13641
0.85101
0.69174
-0.088556
-0.83887
-0.92404
-0.47979
0.59976
0.77265
0.28982
-0.5025
-1.0788
-0.96865
0.506
0.73043
0.58489
-0.086499
-0.84636
-0.93096
0.0061941
0.0081377
0.0044922
0.0010817
-0.0045655
-0.0071358
0.0079726
0.011652
0.006364
0.0015949
-0.0045287
-0.0056431
0.01012
0.012581
0.0063099
-0.0030243
-0.0089778
-0.0075364
0.0057242
0.010586
0.0031004
-0.0067187
-0.014844
-0.011271
0.0061665
0.0097078
0.00058565
-0.0079217
-0.013212
-0.01006
0.0048581
0.0052937
0.00019698
-0.0038374
-0.0070518
-0.0067908
0.020805
0.021931
0.015273
0.0074556
-0.001091
-0.0023488
0.023395
0.025243
0.018657
0.0096726
0.0035029
0.0021332
0.0069393
0.005849
0.0030748
0.0020076
0.0024282
0.0047969
-0.0064172
-0.010066
-0.0097592
-0.0090045
-0.0046189
-0.00033611
-0.0055277
-0.013415
-0.013957
-0.015739
-0.011887
-0.005659
-0.0043293
-0.0093198
-0.012549
-0.016516
-0.012885
-0.0065612
0.01185
0.012195
0.0049673
-0.002713
-0.011418
-0.010239
0.010873
0.0125
0.0049051
-0.0052808
-0.010522
-0.011194
0.0069101
0.0058365
0.0034375
-0.0016044
-0.0059923
-0.0015789
0.0057635
0.0065239
0.0015431
-0.003801
-0.0038799
0.0016902
0.0045976
0.0037473
6.3905e-05
-0.0048023
-0.006452
-0.0035312
-0.00043349
-0.0009587
-0.0014221
-0.0033435
-0.0074244
-0.0034596
-0.0040177
-0.0020654
0.00028744
-1.5968e-05
-0.00012566
-0.00068892
-5.2544e-05
-0.00055719
0.00091803
0.0027297
0.0019984
0.001099
-0.0006913
-0.002318
-0.0021196
0.0020614
0.0021582
0.00065143
-0.0021828
-0.0027676
-0.0013024
0.00092499
0.004059
0.0021679
-0.00092449
-0.00058429
-0.0012024
7.8272e-05
0.0023487
0.0019655
-0.00070377
-0.00058717
-0.00040031
-0.0030206
-0.0031089
0.00055487
0.012624
0.0082407
-0.0017597
-0.0071266
-0.0052779
-0.0045028
0.014355
0.015153
0.0011828
-0.009636
-0.0032335
-0.0015053
0.013355
0.01047
-0.0036148
-0.0099305
-0.0034385
0.00030569
0.0049592
0.002655
-0.0058403
-0.0074292
0.0019914
0.0055705
-0.0053769
-0.0048172
-0.0050525
0.00049017
0.0054813
0.005555
-0.0075401
-0.0092751
-0.0044021
0.0013412
0.0039437
0.0048367
-0.84917
-0.91516
-0.60681
-0.24408
-0.076971
0.0082606
-0.60811
-0.82127
-0.87153
-0.75182
-0.4919
-0.30886
0.76326
0.75765
0.094336
-0.67739
-0.90307
-0.75796
1.0763
1.5125
1.1879
0.32934
-0.42418
-0.73444
-0.0027646
0.53654
1.0301
1.0524
0.4713
-0.091892
-0.82869
-0.62424
0.12734
0.74079
0.78186
0.42811
0.70134
0.42568
-0.43158
-0.97615
-0.77543
-0.12715
0.84084
0.18463
-0.86787
-1.1422
-0.32093
0.53307
0.36158
-0.47204
-1.1109
-0.52379
0.79273
1.1682
-0.24468
-0.97532
-0.82526
0.46258
1.2842
0.90667
-0.61319
-0.99725
-0.22552
1.0754
1.0497
0.24175
-0.58552
-0.63887
0.19517
1.0787
0.66471
-0.039382
0.00090718
0.0019599
0.00028757
0.00074198
-0.0011278
-0.0016003
0.0031892
0.0011705
-0.00029887
-0.0014145
-0.0034345
-0.0015027
-0.00026171
0.00016673
0.0011221
-3.2852e-05
-0.0010253
0.00099331
0.001335
0.0019778
0.0016535
0.00099195
-0.0013444
0.00087122
0.0022551
0.00043161
-2.0271e-05
0.00051796
-0.002976
-0.00070165
-0.00063132
-0.0021228
-0.0018579
-0.0018081
-0.0013222
-0.0016121
0.3496
-0.23675
-0.97843
-0.67445
0.61174
1.3202
0.33514
-0.15675
-1.0008
-0.80047
0.82964
1.689
-0.033891
-0.14604
-0.70076
-0.76745
0.69758
1.6244
-0.41334
-0.30738
-0.59646
-0.85543
0.35367
1.3842
-0.39666
-0.34743
-0.61102
-0.93052
0.015545
1.0443
-0.18613
-0.20626
-0.45013
-0.57526
0.029192
0.6445
1.3609
1.537
1.1362
0.78755
0.63775
0.37686
1.5121
1.5569
0.93232
0.33114
0.066072
-0.0028518
0.73713
0.59545
0.052862
-0.31913
-0.52792
-0.51211
-0.084862
-0.29241
-0.45263
-0.55958
-0.7284
-0.69328
-0.56461
-0.71318
-0.68745
-0.74526
-0.82723
-0.66086
-0.59764
-0.66781
-0.65458
-0.72086
-0.69664
-0.37622
-0.0033301
-0.0038636
-0.0019156
0.0020674
0.004151
0.0028293
0.0034465
-0.0013275
0.00035076
0.0053137
0.0076446
0.0049025
-0.0011996
-0.0046581
-0.0043606
0.0032189
0.0073716
0.0076699
-0.0072191
-0.012002
-0.0065283
0.00040546
0.0052217
0.0052729
-0.0092888
-0.0082669
-0.0036142
8.8456e-05
0.003788
0.0039984
-0.0034823
-0.0028621
-0.0032655
-0.00039684
0.0023404
0.0016081
-0.44337
-0.59126
-0.37216
0.16548
0.5788
0.55762
-0.52375
-0.70101
-0.39092
0.31678
0.75399
0.6853
-0.4058
-0.52955
-0.16718
0.47934
0.74494
0.53882
-0.33213
-0.42571
-0.051573
0.51449
0.63519
0.34851
-0.44671
-0.58447
-0.22614
0.33894
0.43896
0.14818
-0.43821
-0.57233
-0.29346
0.1181
0.15907
-0.022225
0.0088519
0.0078426
0.0041545
0.00094794
-0.00098291
-0.0040529
0.009407
0.011054
0.0084892
0.0020176
-0.0041866
-0.0070335
0.0065943
0.011255
0.0081523
-0.00035486
-0.0089681
-0.0081236
0.0061922
0.0093718
0.002587
-0.0085155
-0.012932
-0.0094047
0.0063255
0.0071489
-0.0014934
-0.0077865
-0.012227
-0.0098928
0.0050393
0.0064293
0.00098478
-0.0057582
-0.011518
-0.010343
-0.40266
-0.26685
-0.16376
-0.40429
-0.66051
-0.77514
-0.24332
-0.06679
-0.074417
-0.39481
-0.81603
-0.90686
-0.32043
-0.32555
-0.42666
-0.69092
-0.91307
-0.75288
-0.57082
-0.72882
-0.6208
-0.49489
-0.45766
-0.23763
-0.23667
0.037765
0.71069
1.1589
1.0503
0.69587
0.3401
0.91941
1.6069
1.8836
1.654
1.0481
-0.0039623
-0.0026386
-0.00097519
-0.0027001
0.0012654
0.0038915
-0.0067515
-0.0063977
-0.0032822
0.0022998
0.0058734
0.0049963
-0.0095195
-0.010173
-0.0039699
0.0050475
0.0094487
0.0083728
-0.0072929
-0.0076013
-0.0023105
0.0045413
0.011029
0.0099455
-0.0056802
-0.0067662
-0.0029679
0.0037629
0.0071156
0.0061042
-0.0010856
-0.0038645
-0.00037744
0.00158
0.00098721
0.0017163
-1.2364
-1.2998
0.083428
1.1629
0.81444
0.021293
-1.5076
-1.2215
0.48787
1.3703
0.56493
-0.34587
-1.3968
-0.63043
0.91538
1.123
0.082397
-0.65061
-1.2228
-0.052998
1.1394
0.82479
-0.087124
-0.51409
-0.75294
0.3817
1.0708
0.53649
-0.10062
-0.23649
-0.25102
0.54411
0.69879
0.19132
-0.20924
-0.23108
0.01553
0.017771
0.011281
0.0017049
-0.011255
-0.010371
0.011411
0.010548
9.9038e-05
-0.017337
-0.025631
-0.02063
0.0010578
0.00039657
-0.0057222
-0.024913
-0.041136
-0.03362
-0.012016
-0.0036018
0.0039751
-0.0094602
-0.028093
-0.028376
-0.015068
-0.00078135
0.023407
0.0295
0.017754
0.0065086
-0.011443
0.0020579
0.032017
0.044498
0.040806
0.024126
0.02261
-0.32626
-0.23884
0.66732
1.4706
1.358
0.13601
-0.32888
-0.71921
-0.24392
0.52826
0.72041
0.083006
-0.25741
-0.79684
-1.1393
-1.1426
-0.74259
-0.28006
-0.51742
-0.66297
-0.72578
-0.78474
-0.5771
-0.5419
-0.75441
-0.29619
0.61863
1.0198
0.82743
-0.44834
-0.5487
0.098633
1.068
1.4357
1.1683
0.0057681
0.009894
0.0059181
-0.00020543
-0.0044078
-0.0048041
0.0063817
0.0078325
0.0042029
-0.0018362
-0.0045322
-0.0047132
0.0055434
0.006329
0.0005609
-0.0059611
-0.0073648
-0.0068566
0.0018448
0.0026075
-0.0020164
-0.004403
-0.0066438
-0.0096932
-3.183e-05
0.0046921
0.0011689
-0.0019362
-0.0047114
-0.0076046
0.00052095
0.004363
0.0022082
0.0018961
-0.001242
0.00041036
-0.78363
-0.94789
-0.056318
1.0126
0.91928
0.25431
-0.79532
-1.1682
-0.29735
1.1071
1.0151
0.22518
-0.52059
-1.0801
-0.49668
0.94106
1.0314
0.21216
-0.19588
-0.89707
-0.7529
0.57249
0.99454
0.39424
0.043589
-0.7035
-0.91906
0.047735
0.73755
0.5348
0.061247
-0.45352
-0.72822
-0.27577
0.28972
0.38263
-0.00044308
0.0025688
0.0021184
-0.0017188
-0.0012379
-3.5535e-06
-0.00084804
0.0011467
0.0013527
0.00059178
-0.00016814
-0.00089444
-0.00084948
0.0015927
0.00163
7.5987e-05
-0.00088655
-0.0020575
0.002348
0.0043704
0.0013964
-0.00025598
-0.002816
-0.0043994
0.0014444
0.0043604
0.0018632
0.00083129
-0.00059586
-0.0033099
-0.0014779
-0.0021447
0.00083807
0.0029947
0.00086007
-0.00020764
0.0043049
0.0066623
0.0041053
0.0011022
-0.0038139
-0.0030442
0.0079562
0.0081476
0.0078074
0.00022339
-0.0054522
-0.0042041
0.0072658
0.0054866
0.0025702
-0.0014831
-0.005229
-0.0067043
0.0051689
0.0033209
-0.00043798
-0.0045403
-0.0084333
-0.0088277
0.0043975
0.0047056
0.0015654
-0.0028645
-0.0061004
-0.0040014
0.001456
0.0027789
0.0022974
-0.00097267
-0.0027873
-0.00085051
0.15275
0.60115
0.88341
0.42629
-0.58705
-0.87676
0.069679
0.4466
0.94597
0.47433
-0.79502
-1.0825
-0.14337
0.31011
0.9572
0.53422
-0.77001
-1.1942
-0.27415
0.42158
1.1941
0.72656
-0.79145
-1.3879
-0.24182
0.58944
1.4368
0.78995
-0.88566
-1.5173
-0.25036
0.50006
1.1464
0.46831
-0.82247
-1.3174
0.0013998
0.0041932
0.0033276
0.0021092
0.0070116
0.011501
0.010948
0.018641
0.013433
0.0036697
0.00028193
0.0046915
0.016244
0.025645
0.022701
0.0055835
-0.0097354
-0.0084504
0.0051398
0.013884
0.011868
-0.0040423
-0.01491
-0.0098883
-0.016355
-0.013975
-0.0085044
-0.012021
-0.011242
-0.0034733
-0.023756
-0.025412
-0.01766
-0.010591
-0.001272
0.0045806
-0.0020859
-0.0012214
0.00095468
0.00050624
-0.0010358
0.00047418
2.5639e-05
-0.0011274
-0.0023231
-0.0017014
0.00042929
-0.00094658
0.0016942
0.00057901
-0.0026923
-0.00024198
0.0026312
0.00101
0.00083957
0.00025856
0.0017064
0.0034942
0.0052096
0.0018889
-0.00089028
0.0011253
6.7407e-05
-0.0010961
0.00055716
0.0001398
0.0029225
0.0016806
-0.0020494
-0.0037638
-0.0018787
0.0010478
-0.00030427
-0.0010527
-0.000747
5.0781e-05
0.00048613
0.0014735
-0.0041807
-0.0047495
-0.0024728
-0.00075106
0.0033296
0.0025755
-0.0047436
-0.0025175
-0.00021662
0.00081904
0.0020857
0.0013067
-0.00271
-0.0013946
0.00070409
0.0028798
0.0033216
0.0021271
-0.0017222
-0.0026623
0.00032681
0.0024078
0.0044818
0.0019504
-0.00090491
-0.0028413
0.0017264
0.0038356
0.0018491
0.0015271
0.00053494
-0.00076918
-0.0031017
-0.0004275
-0.0032797
-0.0041296
0.001996
0.001189
-0.0012884
-0.0011465
-0.0025154
-0.0030799
0.0055413
0.0063865
0.0036844
-0.0027147
-0.0054398
-0.0007962
0.008199
0.0078313
0.0036741
-0.0022097
-0.0029052
-0.00144
0.0062725
0.0045995
-4.9731e-05
-0.0027489
-0.0021594
-0.00071642
0.00441
0.0011663
-0.0021513
-0.0035826
-0.0041996
-0.001792
-0.001159
-0.00017608
0.0013861
0.0032237
0.0016011
0.0017493
0.00092634
0.00025548
0.0012328
0.00066253
0.00079883
0.0020495
-0.0017331
0.00039879
0.00095048
-0.00024604
0.00031738
0.0015483
-0.002587
-0.0023068
0.0010767
-0.0016668
-0.0012889
0.00036543
-0.0018008
-0.00071994
-0.00029337
0.00027576
-0.00019661
-0.00016384
0.00011169
-0.00095561
-0.00045656
-0.0004681
0.00072267
0.00045546
-0.0039026
-0.0041257
-0.0029178
-0.000363
-0.0013259
-0.0016748
-0.0020599
-0.0014345
-0.0014315
0.0012368
-0.0022241
-0.0046766
-0.00011078
0.0013234
0.0031946
0.0049027
0.002631
-0.0013561
0.0028107
0.0052444
0.003118
0.0024126
0.0027562
0.0014946
0.0061643
0.0052516
0.0041595
-0.0027508
-0.0039842
-0.00071285
0.0011048
0.0048056
0.0032875
-0.0062262
-0.010279
-0.0028927
0.014601
0.026227
0.016787
-0.0078627
-0.023689
-0.02605
0.028486
0.037436
0.017924
-0.0098643
-0.037486
-0.040461
0.034089
0.04073
0.016283
-0.01317
-0.034303
-0.041628
0.03915
0.04417
0.024144
-0.0077771
-0.033939
-0.031641
0.034981
0.045868
0.024903
-0.017172
-0.0408
-0.033971
0.023413
0.030488
0.0076329
-0.026835
-0.043772
-0.030391
-0.018697
-0.027625
-0.038875
-0.046871
-0.038779
-0.020384
-0.020806
-0.024993
-0.025662
-0.021002
-0.0090289
0.0015564
-0.0038993
-0.0023677
0.0068204
0.027905
0.037769
0.0245
0.0072823
0.015884
0.027022
0.052542
0.060739
0.035553
-0.0068219
-0.0018864
0.0096332
0.026747
0.034605
0.025885
-0.02114
-0.025385
-0.023535
-0.018694
-0.0081088
0.00035693
-0.003307
-0.0021834
-0.00027568
-0.00025604
0.00028024
0.0031827
-0.0021493
-0.0043363
-0.0020428
0.0003201
0.004417
0.0053598
-0.0039052
-0.0071072
-0.0029757
0.0012076
0.0052933
0.0054547
-0.005617
-0.0077465
-0.0026879
0.0037161
0.0052714
0.003877
-0.0044816
-0.0057086
-0.0021217
0.0021758
0.0048171
0.0035451
-0.0026599
-0.004368
-0.00025031
0.0010004
0.0028264
0.0035384
-0.00031096
0.0019628
0.0023522
0.0015763
-0.0023751
-0.002918
0.0011955
0.0036248
0.005345
0.0037918
-3.9358e-05
-0.0011923
0.0023028
0.0012636
0.00036397
0.0011743
-0.0013055
-0.0010045
0.00067614
-0.00084971
-0.0014908
-0.0015561
0.00018068
-0.00065207
-0.00098454
0.00071487
-0.0012563
-0.00034492
0.0002454
-0.0019982
-0.0015375
0.0025413
0.0018355
0.0011887
-0.00089489
-0.0027874
-4.5832
-4.5828
-4.9976
-5.0241
-5.364
-4.5819
-5.0089
-4.583
-5.2209
-5.1458
-4.6803
-4.58
-5.153
-4.5817
-5.1314
-4.5826
-4.5827
-5.093
-4.8425
-4.5776
-4.5827
-4.854
-4.9658
-4.9709
-4.5823
-4.5713
-4.5822
-5.0919
-4.9558
-4.5816
-4.9911
-4.5823
-4.5815
-4.5825
-4.5829
-4.5825
-4.5811
-5.1158
-4.5765
-5.002
-4.5822
-4.5815
-4.5824
-4.5821
-4.976
-5.0769
-5.0612
-4.5898
-4.5705
-4.5827
-4.5826
-4.7587
-4.5826
-5.098
-5.0272
-4.5827
-5.1376
-4.5793
-4.5792
-4.5799
-4.5828
-4.5814
-4.8521
-5.1167
-4.583
-4.974
-5.197
-4.5817
-4.9623
-4.5802
-4.8785
-4.5819
-5.3324
-4.5829
-4.7361
-4.5823
-5.0805
-4.5826
-4.5822
-5.2582
-4.5773
-4.583
-4.5825
-4.5828
-4.5828
-4.5816
-4.5654
-4.5803
-4.5827
-4.5826
0.013717
0.0068357
0.0036821
0.00062917
-0.00033634
0.00043192
0.010581
0.0064825
0.010242
0.0069388
-0.0034336
-0.0095745
0.0022661
-0.0055389
0.0008159
0.001597
-0.0072845
-0.009886
0.00033977
-0.0077675
-0.0018567
0.0005204
-0.00088506
-0.00099777
0.0066868
0.0096979
0.01065
-0.0036941
-0.013203
-0.010642
0.017105
0.018281
0.015009
-0.0032154
-0.014801
-0.01766
