-1.1936
-0.13926
-0.84619
0.73382
0.84675
-0.060886
-0.9723
-0.29942
0.23441
0.83639
-1.3363
-0.2823
-1.2991
1.3132
0.89687
0.033426
-0.74383
-0.75637
0.82106
0.55893
-0.47868
-0.26702
-1.6302
1.7718
0.35681
-0.054548
0.097635
-0.9394
0.98859
-0.23299
0.73563
-0.17913
-1.6905
1.8516
-0.48028
-0.20886
0.59333
-0.17001
0.22233
-0.63931
1.2244
-0.063243
-1.4127
1.3979
-0.91821
-0.342
0.42859
0.91547
-0.85761
-0.45541
0.85776
0.03214
-0.95269
0.72845
-0.72428
-0.37296
0.061958
1.1417
-1.1938
-0.040091
-1.2844
-0.58957
-0.59662
0.53821
0.8667
0.50812
-1.4081
-0.3801
0.31055
1.3614
-1.187
-0.90795
-0.93248
0.9995
0.84519
1.0112
-1.0922
-0.99476
1.1467
0.96015
-0.099486
-0.96336
-1.2838
1.378
0.054297
1.1151
0.25504
-1.2745
1.4538
-0.37179
1.0935
-0.81582
-1.3722
1.5177
-0.92738
0.87028
1.0849
-0.28588
0.32571
-1.0745
1.406
-0.52458
-1.147
1.1589
-1.2493
0.46989
0.79697
1.3834
-1.2887
-0.74537
0.89459
-0.24085
-0.79333
0.63503
-0.82165
0.13298
0.16742
1.7281
-1.712
-0.17815
-0.54566
-0.8147
0.22723
-0.33997
0.25087
0.80102
-1.7054
-0.14201
0.12176
1.7833
-0.1188
-1.3109
0.48245
-0.49303
0.013623
1.4424
-1.2983
-0.87597
1.0459
1.2961
0.59112
-1.5099
0.58113
-0.51444
-0.5698
1.8068
0.40766
-1.4035
1.4677
-0.39994
0.81465
-1.3582
0.51941
-0.42355
-0.86965
1.7198
1.4335
-0.43846
0.36429
-1.3634
0.4215
-0.97398
0.28162
-0.29938
-0.62789
1.1761
0.97828
1.437
-1.3549
-0.92909
0.022949
-0.5325
0.010245
-0.19106
-0.20937
0.55641
0.14198
1.8515
-1.8269
-0.21767
0.35906
-0.28564
0.68183
-0.76757
-0.48587
0.091983
-1.6952
0.054653
-0.016836
1.8242
0.9661
-0.42882
1.3105
-1.2246
-0.96233
0.25308
-1.245
-0.59534
0.73609
1.2929
0.90445
-0.49538
1.7371
-1.4705
-0.95107
0.48152
0.46024
-1.2468
1.2772
-0.38478
-0.020099
-0.56883
1.7026
-1.449
-0.12446
0.6457
1.4966
-0.58365
0.43334
-1.4018
-0.94794
-0.53215
1.2071
-1.1832
0.84183
0.51193
0.97968
1.0481
-1.0934
-1.0264
-1.0097
-0.36518
0.54075
-0.7404
0.99413
0.21506
0.10397
1.5826
-1.564
-0.2541
0.85275
0.78085
0.39823
-0.52406
-0.88113
-0.90406
-1.4407
0.027719
-0.097977
1.4867
1.3155
1.395
0.81869
-0.82602
-1.3971
-1.3057
-0.97679
-0.45781
0.434
1.0041
0.65279
1.57
1.0498
-0.97037
-0.84292
-1.4005
0.4604
-1.0339
0.93466
-0.37345
-0.72121
1.1846
1.0495
-0.91265
0.73464
-1.1192
1.2957
-0.61241
0.46521
-1.2226
-1.6694
0.59196
0.73432
-0.77548
2.0574
-0.73628
0.86587
0.5974
-0.66893
-0.93971
-1.4242
0.16126
0.33018
-0.47857
1.7974
-0.42967
0.11992
1.0883
-1.1304
-0.22517
0.75588
1.1348
-0.037614
-0.142
-0.7162
-0.98651
-0.9198
-0.029965
-0.157
0.9215
0.94101
1.8944
0.016995
-0.26646
-0.97632
-1.4668
-0.57181
-0.41018
0.19616
0.62141
0.212
2.1206
0.022856
-0.26523
-0.35261
-1.6484
0.32601
-0.74724
0.54332
-0.24545
-0.85798
1.6082
-0.0075219
-0.18678
0.95424
-1.5056
0.82081
-0.44532
0.33149
-0.76842
-1.4199
0.87113
-0.0040284
-0.12331
1.8428
-1.1
0.51857
0.30842
-0.35215
-0.64985
-1.0859
0.34251
-0.046134
-0.070444
1.4248
-0.66403
0.041407
0.59834
-0.69023
-0.1785
-1.3064
-1.4451
-0.54176
0.73748
1.3571
1.024
-1.4104
-1.3589
-0.079018
1.2542
1.5899
0.96393
-0.58571
-0.12188
0.71332
0.95756
0.48084
-0.065287
0.36738
1.0729
1.0259
0.012345
-1.0426
-1.143
0.93511
1.4692
0.69379
-0.8251
-1.8648
-1.5926
0.84828
1.0325
0.18612
-0.97204
-1.5836
-1.244
-0.2217
-0.34736
-0.33865
-0.19874
-0.061104
-0.042473
-0.7348
-1.0761
-1.1222
-0.94302
-0.6174
-0.31934
-1.004
-1.5071
-1.7024
-1.5844
-1.1552
-0.61416
-0.34687
-0.45392
-0.55116
-0.634
-0.59691
-0.37767
0.95933
1.5925
1.8151
1.4016
0.73981
0.22895
1.3497
2.1073
2.2807
1.8159
1.0603
0.38834
-1.0054
-1.4915
-1.8291
-1.8814
-1.6301
-1.1606
-0.75107
-1.1485
-1.4905
-1.5767
-1.3506
-0.92922
0.26442
0.52471
0.62314
0.51715
0.2881
0.071457
0.82386
1.4791
1.9142
1.867
1.3563
0.68999
0.54005
0.94167
1.1849
1.187
0.88157
0.43073
0.029404
0.084281
0.074035
0.062547
0.029902
-0.034749
0.8889
1.4906
1.953
2.0276
1.5902
0.90169
0.65804
1.1511
1.5849
1.7049
1.3882
0.82217
-0.43525
-0.55115
-0.52017
-0.40622
-0.26686
-0.13936
-0.95312
-1.4
-1.6398
-1.6404
-1.3301
-0.84423
-0.5909
-0.95152
-1.109
-1.1026
-0.93008
-0.60278
-0.21419
-0.32572
-0.33435
-0.27444
-0.19402
-0.11711
0.94988
1.0601
0.41729
-0.53187
-1.0346
-0.85389
1.0182
0.93793
0.039388
-1.0471
-1.4031
-0.93504
0.35968
-0.045055
-0.73876
-1.0343
-0.68966
-0.16601
-0.54832
-1.1985
-1.2053
-0.23204
0.98751
1.2007
-1.0611
-1.6242
-1.0076
0.82247
2.3059
2.0182
-0.81702
-1.069
-0.35783
1.0989
2.0798
1.6259
0.032676
0.1281
0.039025
-0.17773
-0.35242
-0.31786
0.64451
1.1095
1.2176
0.96224
0.54475
0.20833
0.93148
1.5901
1.9727
1.8725
1.3675
0.66206
0.041909
0.23375
0.48916
0.65648
0.55392
0.22539
-1.0542
-1.4894
-1.5899
-1.3094
-0.90668
-0.57504
-1.1482
-1.5997
-1.7753
-1.6335
-1.2815
-0.80174
-1.1867
-0.96771
0.07371
0.74443
0.55527
0.12775
-1.6525
-1.3987
0.21019
1.302
0.96806
0.26372
-1.9444
-1.6442
0.31062
1.7181
1.2066
0.29307
-1.9619
-1.5722
0.46911
1.7867
1.2128
0.23875
-1.7002
-1.2118
0.51907
1.5402
1.0532
0.24623
-1.1832
-0.74428
0.37342
0.98771
0.69455
0.20143
-0.41864
-0.93667
-1.0888
-0.10956
1.1889
1.4208
-0.4506
-1.1686
-1.5292
-0.24569
1.6264
1.9485
-0.24705
-1.0132
-1.636
-0.4235
1.722
2.1016
-0.058533
-0.80325
-1.5188
-0.6302
1.3352
1.8477
-0.030056
-0.67034
-1.2736
-0.6919
0.7792
1.3847
-0.062797
-0.53818
-0.92688
-0.53647
0.39702
0.84155
0.34397
0.94726
1.1049
0.19341
-1.0682
-1.4032
0.44272
1.3486
1.6059
0.31834
-1.4796
-1.9126
0.25918
1.249
1.6776
0.3875
-1.5915
-2.0444
0.043832
0.93979
1.474
0.46645
-1.2998
-1.791
-0.094429
0.58947
1.125
0.50209
-0.84246
-1.3179
-0.15099
0.2697
0.65551
0.34366
-0.50508
-0.86139
1.0478
0.77465
-0.23388
-0.78387
-0.51684
-0.10252
1.6147
1.2167
-0.38156
-1.2987
-0.95001
-0.18864
2.0429
1.5931
-0.43688
-1.5765
-1.182
-0.27081
2.069
1.579
-0.48224
-1.6405
-1.2723
-0.33257
1.7481
1.2702
-0.43519
-1.4481
-1.1371
-0.32267
1.1711
0.8132
-0.26844
-0.93852
-0.74132
-0.22036
-5.3219
-5.4044
-5.4607
-5.3042
-5.4339
-5.3719
-5.6386
-5.5178
-5.5529
-5.4841
0.011982
0.0058036
-0.00044154
-0.006073
-0.0063182
-0.0024297
0.0096719
0.0023059
-0.0056631
-0.0078064
-0.0073391
-0.0033344
0.0070663
0.00068386
-0.0049159
-0.0052892
-0.0033602
0.00043929
0.0057375
0.0016288
-0.00071167
-0.0014297
-0.0027842
-0.00066694
0.0031189
-0.0020539
-0.0026767
-0.0032643
-0.004167
-0.0029909
0.0059065
0.00051352
-0.001157
-0.004459
-0.003242
-0.0013958
