-0.56559
0.51212
0.2151
-0.64602
-0.040812
-0.59552
0.84066
0.22446
-0.76811
-0.17435
-0.58871
0.75229
0.30594
-0.43534
-0.38956
-0.38186
0.29995
0.19109
0.072975
-0.39985
-0.22086
-0.16804
-0.043051
0.48163
-0.050645
-0.21963
-0.56171
-0.2402
0.46106
0.47253
-0.12101
-0.46104
-0.45491
0.15867
0.87195
-0.008081
-0.21242
-0.41567
-0.14241
0.81963
-0.51077
0.8494
0.37322
-0.90124
-0.018987
-0.89805
1.308
0.42131
-1.0481
-0.30198
-0.92221
1.1632
0.64745
-0.50565
-0.66619
-0.6818
0.47241
0.58461
0.25168
-0.70266
-0.49673
-0.39596
0.15096
0.7802
-0.23621
-0.49879
-1.0014
-0.24911
0.5971
0.61822
-0.45676
-0.86851
-0.65218
0.21075
1.2973
-0.32129
-0.43448
-0.72999
-0.067784
1.1717
-0.44822
0.85147
0.33226
-0.87739
-0.050177
-0.86797
1.1503
0.6105
-1.1176
-0.41605
-1.0504
0.90798
0.94155
-0.58544
-0.9152
-0.95165
0.30841
0.89881
0.41068
-1.0542
-0.85415
-0.66078
0.33769
1.0792
-0.51704
-0.78409
-1.2879
-0.31571
0.77145
0.58246
-0.80083
-0.97818
-0.79469
0.16466
1.4696
-0.65732
-0.4526
-0.77114
-0.13507
1.279
-0.12222
0.40091
0.32563
-0.91528
0.092259
-0.46282
0.49427
0.83444
-1.0708
-0.2749
-0.62661
0.17802
1.2387
-0.50952
-0.89362
-0.6946
-0.36687
1.0904
0.55822
-1.2056
-0.80363
-0.98761
0.39023
1.3154
-0.66977
-0.80777
-1.1606
-0.59262
0.90167
0.44757
-0.83338
-0.6749
-1.098
0.12382
1.2681
-0.68158
-0.11161
-0.90074
-0.16747
1.1361
0.46531
-0.0093012
0.34846
-0.89582
0.21955
0.45592
-0.10364
0.8607
-1.0301
-0.055603
0.30439
-0.41653
1.115
-0.47573
-0.77748
0.21802
-0.89022
0.97072
0.52362
-1.1264
0.056659
-0.86097
0.21034
1.3168
-0.71023
-0.19189
-0.48106
-0.83527
1.0516
0.34901
-0.50783
0.13091
-1.328
0.35613
1.0255
-0.44393
0.35057
-0.96781
-0.039007
0.90536
0.71576
-0.12304
0.3922
-0.91104
0.18878
1.135
-0.49826
0.74004
-1.0204
-0.089155
1.16
-0.8503
0.80116
-0.50361
-0.7055
1.015
-0.78145
0.54167
0.41089
-0.91411
0.89021
-0.24698
-0.1986
1.0371
-0.56641
0.53927
0.34035
-0.97951
1.0211
0.35516
-0.0012889
0.88025
-1.283
0.50606
0.77041
-0.14865
0.78008
-0.84562
0.028813
0.62846
0.61281
-0.18533
0.30978
-0.88015
0.060714
1.1463
-0.75019
0.58502
-0.92193
-0.31395
1.3172
-0.99132
0.51625
-0.53394
-0.76287
1.3229
-0.45992
0.14411
0.20451
-0.87094
1.1847
0.33681
-0.47388
0.71918
-0.55183
0.82299
0.8395
-0.89387
0.78814
0.17586
0.46298
1.1495
-1.0592
0.46049
0.5796
0.15393
0.79527
-0.70458
0.084055
0.48417
0.34631
-0.31952
0.22311
-0.64337
-0.018257
0.70699
-0.72178
0.3094
-0.57471
-0.30297
0.92976
-0.64068
0.18169
-0.32712
-0.52492
0.97928
-0.27438
-0.064296
0.094619
-0.60288
0.83386
0.37118
-0.3619
0.4232
-0.50892
0.66116
0.87394
-0.62625
0.41217
0.080576
0.47541
0.94642
-0.80093
0.25432
0.42405
0.31697
0.65378
-0.55479
0.014806
0.3511
-0.60508
-0.79451
-0.69816
-0.45356
-0.21424
-0.076762
-0.013164
-0.036143
-0.75008
-1.1886
-1.2146
-1.0007
-0.82868
-0.69891
-0.52181
-0.29591
-0.45148
-1.0634
-1.3412
-1.2718
-1.2125
-1.1548
-0.98455
-0.58774
0.034897
-0.35765
-0.81172
-0.96474
-0.99322
-0.98021
-0.98765
-0.73181
0.49608
0.6048
0.44919
0.11747
-0.082064
-0.33103
-0.59074
-0.61175
0.88706
1.3735
1.4876
1.3858
1.1016
0.58791
0.05843
-0.14767
0.93862
1.3662
1.6432
1.7229
1.5333
1.0829
0.62204
0.34759
0.55917
0.80402
1.0684
1.2143
1.0377
0.77206
0.62476
0.41323
0.70951
1.109
1.0145
0.52333
-0.13005
-0.60136
-0.53043
-0.24519
1.1399
1.6945
1.5184
0.70687
-0.46558
-1.2781
-1.1578
-0.53089
1.0947
1.4616
1.1221
0.12051
-1.0381
-1.6413
-1.2262
-0.53086
0.62095
0.74737
0.24659
-0.66029
-1.3778
-1.4084
-0.69783
-0.07359
0.11769
-0.069961
-0.55224
-1.0891
-1.228
-0.65943
0.2011
0.5942
-0.19497
-0.67631
-1.1123
-1.0704
-0.4166
0.5912
1.2445
1.0566
-0.28794
-0.89548
-1.2304
-0.81488
0.32596
1.3484
1.5542
1.0871
-0.2283
-0.69167
-0.90603
-0.36173
0.63352
1.1678
1.0897
0.74287
0.38674
0.36568
0.32146
0.313
0.19105
-0.12866
-0.47961
-0.71018
0.41333
0.58609
0.74244
0.79816
0.3785
-0.25482
-0.85035
-0.96753
0.35329
0.82557
1.2789
1.2585
0.56099
-0.47073
-1.2209
-1.1773
0.30764
0.98249
1.5664
1.5219
0.59769
-0.71375
-1.4759
-1.2389
0.4584
1.1644
1.5377
1.3568
0.28149
-1.0871
-1.6949
-1.2664
0.58845
1.1321
1.2488
0.82594
-0.24741
-1.3772
-1.7349
-1.1503
0.5247
0.84119
0.75094
0.20197
-0.63119
-1.3763
-1.5326
-0.98508
0.44096
0.63752
0.50167
-0.0098572
-0.6234
-1.07
-1.072
-0.61554
-0.84744
-0.91274
-0.62299
0.12956
0.74396
0.67427
0.17704
-0.13932
-1.0152
-1.2772
-0.76279
0.49783
1.2309
1.0077
0.2766
-0.17824
-1.1469
-1.4956
-0.79693
0.78247
1.5853
1.0795
0.23272
-0.17707
-1.1774
-1.5576
-0.83245
0.87241
1.7744
1.16
0.24364
-0.071863
-1.1271
-1.5128
-0.90564
0.67021
1.7033
1.3019
0.43003
0.03179
-1.1536
-1.4363
-0.88149
0.40936
1.4013
1.3371
0.65765
0.083922
-1.0851
-1.2342
-0.7113
0.22038
0.93171
1.0992
0.66785
0.063754
-0.8053
-0.87828
-0.53232
0.058155
0.42358
0.59749
0.39468
0.02243
-0.05926
-0.27371
-0.54906
-0.55816
-0.14979
0.564
1.1575
1.1419
-0.089208
-0.37963
-0.8859
-1.0331
-0.38118
0.79392
1.7176
1.5401
-0.019747
-0.40669
-1.2073
-1.5541
-0.73862
0.76818
1.9325
1.624
0.12902
-0.27128
-1.1369
-1.6927
-1.0202
0.63587
1.8055
1.4949
0.19047
-0.18817
-0.9677
-1.5055
-0.93112
0.4592
1.4494
1.2008
0.18257
-0.23588
-0.93392
-1.3726
-0.77313
0.35081
1.0904
0.90331
0.060427
-0.32249
-0.84568
-1.1638
-0.70515
0.18841
0.7879
0.77454
-0.045185
-0.30372
-0.54943
-0.72705
-0.50244
0.04293
0.46238
0.5528
-5.2627
-5.0336
-5.4612
-5.5515
-5.7233
0.001291
0.0026032
0.0012191
-0.0031877
-0.0044966
-0.0045147
-0.0057439
-0.0083789
0.0055319
0.011796
0.010431
0.0046538
0.0013977
0.00016377
0.00033539
-0.0031253
0.0079517
0.013055
0.011477
0.0085196
0.0048975
0.0050656
0.0032461
-0.0010341
0.0098604
0.0066621
0.0048659
0.0033215
0.0029604
0.006448
0.0051327
0.00060567
0.0091716
0.0031026
0.00086436
-0.00027989
-0.0030506
0.0005172
-0.0009647
-0.0047714
0.0048943
0.0028358
0.0034486
-0.0024544
-0.012579
-0.01637
-0.020192
-0.021205
-0.0021322
0.0015905
0.003299
-0.0046436
-0.017509
-0.024958
-0.028288
-0.024595
0.0038374
0.0049246
0.004852
-0.0069648
-0.014474
-0.018161
-0.024408
-0.01896
