-0.33218
0.22418
-1.0997
1.0365
-0.0020085
0.20834
0.067165
-0.2554
0.044588
-0.78134
-0.0026426
-0.0099448
0.15728
-0.29682
-0.20559
0.011827
0.54516
0.28476
-0.61982
-0.0077817
-0.096624
-0.23963
0.20095
-0.41598
0.57544
-0.02857
-0.13415
-1.1309
-0.028232
0.63332
0.00031772
0.81141
-0.34822
0.15378
-0.019765
0.16453
-0.76172
-0.041028
-0.16114
-0.048295
0.083379
-0.3883
-0.20088
-0.38435
-0.39126
0.13574
0.60013
-0.012115
-0.12516
-0.0044307
-0.062091
-0.22057
-0.048597
-0.23812
0.098634
-0.41715
0.0012643
0.1543
-0.37814
-0.022786
-0.4392
1.2637
-0.0143
0.34512
0.25735
-0.026743
0.31605
0.21113
-0.0067367
0.0062869
1.1182
-0.030108
0.38906
-0.080742
-0.8987
-0.46957
-0.025633
-1.3493
1.5221
-0.0015334
0.25844
-0.058965
-0.16409
-0.037795
-1.3226
0.0017536
-0.01573
0.15376
-0.20636
-0.50312
-0.23732
0.74696
0.73716
-0.29623
-0.0039339
-0.19069
-0.25424
0.34969
-0.69164
0.79223
-0.050911
-0.22148
-0.4361
0.025977
0.90661
-0.0022529
1.2574
-0.13833
0.20689
-0.027969
-0.0827
-0.83124
-0.067264
-0.17526
-0.12399
0.014309
-0.7092
0.23846
0.31771
-0.47713
-0.15437
0.59561
-0.0074322
-0.18112
-0.001828
-0.22312
-0.73158
-0.019066
-0.34542
0.14024
-0.72388
-0.15542
0.17328
-0.20746
0.04199
-0.67395
1.3779
-0.019245
0.49766
0.22578
0.009769
0.15351
0.61103
-0.0058306
0.019531
0.39448
-0.017683
0.15889
0.039401
-0.81362
-0.13836
-0.46895
-1.2036
1.3473
-0.0043396
0.14441
-0.24911
0.32911
-0.063534
-1.101
0.0077989
-0.018817
0.33289
0.053994
-0.90451
-0.59771
0.51534
1.0244
0.37742
0.0015618
-0.34939
-0.16609
-0.084996
-0.7641
0.78274
-0.062945
-0.33609
0.71699
0.063525
0.47957
-0.0046251
1.4827
0.10738
0.15118
-0.028674
-0.54596
-0.51993
-0.068198
-0.118
0.12414
0.085244
-0.90951
0.72007
1.0076
-0.38994
-0.33657
0.33066
0.0020848
-0.040671
0.0025599
-0.53616
-0.78792
0.029787
-0.36578
0.15679
-0.41882
-0.4582
0.026821
0.094785
0.24699
-0.63935
0.47076
-0.01469
0.37698
-0.01625
0.1579
-0.45438
0.6792
-0.0039578
0.03175
-0.56956
-0.13295
-0.3891
0.16237
-0.023756
0.62952
-0.82177
-0.81313
0.65038
-0.0076358
0.029652
-0.16941
0.89513
0.20281
0.0047148
0.0068862
-0.018579
0.70236
0.23621
-1.1892
-0.91664
0.069983
0.80887
0.63824
0.0033233
-0.36942
0.048289
-0.74519
-0.61708
0.55725
-0.021625
-0.39717
0.70689
0.009306
-0.32376
-0.0026087
1.5102
0.070798
-0.029754
-0.025128
-0.67152
-0.21712
-0.036301
-0.20239
0.67823
0.32566
-0.99844
0.53254
0.75728
-0.1078
-0.18561
0.24466
0.0013734
0.16952
0.0039359
-0.84967
0.062499
0.19065
-0.26607
0.12091
0.5204
-0.67499
-0.081443
-0.10125
0.1526
-0.4047
-0.43226
-0.01209
0.20943
-0.17241
0.36688
-0.94875
0.23134
-0.0029123
0.031032
-0.63112
-0.40497
-0.49446
0.051926
0.70875
1.1492
-0.60567
-0.31166
-0.07501
-0.0072836
0.047893
0.24215
1.0537
0.49082
0.80666
-9.3587e-06
-0.018666
0.57418
0.13625
-1.1463
-1.0462
-0.24726
0.086933
0.45576
0.00074942
-0.25189
0.2587
-0.88633
-0.42622
0.15663
-0.058229
-0.46289
0.044413
-0.12167
-0.91168
-0.0048094
1.4646
-0.034949
-0.29814
-0.033872
0.064391
-0.064138
0.0046617
-0.40236
0.9034
0.31384
-1.0256
-0.16058
-0.11556
0.49226
-0.077613
0.42033
-0.0074447
0.27079
0.0037474
-0.56776
0.8198
0.35449
-0.055715
-0.059612
1.0406
-0.27252
0.0014044
-0.82266
-0.46518
-0.10916
-0.56792
-0.012299
0.14843
-0.08636
0.36829
-0.74299
-0.29782
-0.0039872
0.015689
-0.23629
-0.53309
0.091178
-0.059395
0.62114
1.0015
0.51576
0.066817
-0.46975
-0.0036595
0.022656
0.38243
0.68412
0.1288
0.65849
-0.00029148
-0.021053
-0.1627
0.011903
-0.85449
-0.97692
-0.27439
-0.67516
0.44214
0.00090383
-0.039684
0.44004
-0.5984
-0.35196
-0.15295
-0.22593
-0.64811
-0.21024
-0.22011
-0.89226
-0.0063231
1.4184
0.20681
-0.29507
-0.062244
0.76701
-0.016822
0.026755
-0.22969
0.24743
-0.26266
-1.0129
-0.49059
-0.52016
1.2088
-0.26308
0.66805
-0.013622
0.23159
0.0052198
0.39484
0.6272
0.27301
0.18748
-0.46137
0.52999
0.54981
0.11694
-1.2129
-0.82879
0.18999
-0.16984
-0.013222
0.06776
-0.0013161
0.21625
-0.057052
-0.48285
-0.010199
-9.9235e-05
-0.04863
-0.36723
0.60449
0.0645
0.034357
0.37717
1.6256
0.1973
-0.52331
-0.0023311
-0.073268
-0.012453
0.090883
-0.69729
0.17543
0.0050113
-0.023399
-0.72638
0.048079
-0.52217
-0.74944
-0.15832
-1.0033
0.66881
0.0068279
0.11415
0.54882
-0.42109
-0.31617
-0.28196
-0.29448
-0.78782
-0.12768
-0.18956
-0.40765
-0.0048807
1.1914
0.49949
0.10114
-0.081069
0.49188
0.023777
0.027922
0.32716
-0.68319
-0.82573
-0.98206
-0.27405
-0.17577
1.5558
-0.43823
0.69554
-0.016021
0.045125
0.0072161
1.0406
0.10536
0.0078669
0.30637
-0.78498
-0.29866
0.89124
-0.016461
-0.58892
-0.07975
0.44216
0.15502
-0.016893
-0.17189
-0.18363
0.14631
0.39618
-0.35525
-0.010912
-0.012412
-0.14815
-0.084987
0.47665
0.19204
-0.27924
-0.10276
1.5261
0.12825
-0.32574
-1.5001e-06
-0.16116
-0.30606
-0.20663
-0.96219
-0.028962
0.0068759
-0.016753
-0.67466
0.10777
-0.25832
-0.43816
-0.031367
-0.81325
0.62988
0.0097879
0.07239
0.4086
-0.34525
-0.18814
-0.26304
-0.19783
-0.68446
-0.078884
-0.092201
-0.022639
-0.002346
0.7965
0.32591
0.33981
-0.061654
-0.059051
0.078808
0.015371
0.52646
-0.85131
-0.69901
-0.78097
0.016592
0.1643
1.2128
-0.30173
0.42712
-0.012403
-0.096915
0.0048586
0.80703
-0.094589
-0.16256
0.24208
-0.7269
-0.48427
0.58678
-0.26885
0.23055
0.81088
0.46043
0.17907
-0.015272
-0.33373
-0.29807
0.085611
0.32546
-0.15067
-0.0073852
-0.012692
-0.21742
0.088936
0.022392
0.1924
-0.2175
-0.32388
0.32787
-0.91106
1.361
-0.0020685
-0.0064836
0.30566
0.44473
0.1025
-0.93642
-0.0071641
-0.0024955
0.086729
-0.56873
-0.75768
0.2931
0.57969
-0.18101
-0.93892
-0.0078894
0.064666
-0.44744
0.44334
0.018545
0.32577
-0.30524
-0.22549
-1.3651
-0.085527
0.63168
0.0022637
0.2297
-0.22599
0.043898
-0.020462
0.2949
-0.71353
-0.058187
-0.16416
-0.038186
-0.008514
0.39127
-0.5377
-0.12099
-0.34968
0.28822
0.76582
-0.015719
-0.12934
-0.0010386
-0.053372
-0.25247
0.024089
-0.18647
-0.082661
-0.40855
-0.055276
0.55534
-0.29491
-0.046716
-0.56927
1.6657
-0.012246
0.58755
0.18741
-0.094151
0.42277
0.20439
-0.0065415
0.00693
1.5271
-0.22963
0.29684
-0.32003
-1.2435
-0.69224
0.22786
-0.91783
1.6386
-3.259e-05
-0.036795
0.16039
0.79497
-0.048895
-1.3737
-0.0020958
-0.0087518
0.027662
-0.62269
-1.1682
0.26188
0.76774
0.21755
-0.53601
-0.0045054
0.14599
-0.58017
0.75316
-0.26596
0.79324
-0.54222
-0.30864
-0.44006
-0.05892
1.1949
-3.1495e-05
0.41919
0.036468
0.074823
-0.028716
3.9863e-06
-0.99925
-0.092871
-0.12114
-0.094022
-0.14348
0.37534
-0.13323
0.82032
-0.36208
-0.0010799
0.76809
-0.014286
-0.19747
0.0030338
-0.20575
-0.83419
0.053202
-0.14304
-0.23483
-0.93091
-0.27732
0.7467
-0.069127
0.051872
-0.80103
1.4577
-0.019963
0.70247
0.12424
0.0022978
0.0021359
0.65271
-0.0036643
0.025599
0.57885
-0.20219
-0.093885
-0.17805
-0.76473
-0.65614
-0.2519
-0.50518
1.0848
-0.0017078
-0.08356
-0.16058
1.1122
-0.15915
-0.81174
0.0037053
-0.012418
0.25616
-0.32183
-1.3086
-0.017002
0.5013
0.81691
0.39267
0.00015352
0.10664
-0.65795
0.13935
-0.64435
1.2435
-0.72542
-0.34621
0.99557
-0.080861
1.0253
-0.0035998
0.5099
0.19312
0.098029
-0.028522
-0.60178
-0.82412
-0.088667
-0.031006
0.2085
-0.0056438
0.2167
0.71091
1.2661
-0.22781
-0.34737
0.50737
-0.0093912
-0.12016
0.0074528
-0.53853
-0.86031
0.028945
-0.024341
-0.38514
-0.87236
-0.64232
0.46598
0.10282
0.33186
-0.70702
0.14875
-0.022299
0.44743
-0.073467
0.23045
-0.84936
0.74795
0.00054909
0.037955
-0.80033
-0.24609
-0.58577
0.11398
0.51723
0.022302
-0.919
0.003707
0.14132
-0.004976
-0.065467
-0.15686
1.2106
0.1868
0.49492
0.0014075
-0.011786
0.7899
-0.010303
-1.0771
-0.44097
0.040938
1.1377
0.75952
-0.00017686
0.044777
-0.61114
-0.89231
-0.82227
1.3814
-0.71692
-0.34026
0.85646
-0.16869
0.10237
-0.0031086
0.48597
-0.012561
-0.027956
-0.02674
-0.71259
-0.51498
-0.042484
-0.18221
0.87093
0.26353
0.077364
0.85501
0.53701
0.11058
-0.30613
0.45776
-0.010371
-0.018935
0.0054148
-0.95423
0.22437
0.12117
0.15512
-0.52439
0.25971
-0.72589
0.078663
-0.35961
0.26614
-0.44515
-0.73721
-0.02204
0.19929
-0.14805
0.43227
-1.1101
0.20259
0.0014872
0.035159
-0.82915
-0.4724
-0.3433
0.091786
1.1455
0.9277
-1.132
0.41554
-0.54402
-0.0050333
0.091902
0.38213
0.85128
0.69337
0.98954
-0.0032745
-0.0095576
0.71922
0.012478
-0.54286
-0.88454
-0.32329
0.75963
0.49241
-0.0018221
0.037113
-0.46468
-1.0741
-0.7596
1.1427
-0.67567
-0.39694
0.021809
-0.30852
-0.81629
-0.0042745
0.49502
-0.043578
-0.30255
-0.035772
0.25614
-0.31471
0.012731
-0.44654
0.99379
0.036552
-0.015254
0.086738
-0.45313
0.775
-0.20073
0.59644
-0.015802
-0.070261
0.0021703
-0.76233
1.0263
0.4347
0.40457
-0.69305
1.2517
-0.052274
0.02829
-1.0934
-0.533
-0.17594
-0.53461
-0.019034
0.13961
-0.050324
0.32878
-0.42006
-0.4329
-0.001694
0.021366
-0.21301
-0.59945
0.50338
-0.063816
0.61317
1.4279
-0.15542
0.63982
-0.75419
-0.002451
0.15084
0.66046
0.16098
0.34701
0.52106
-0.0009635
-0.0093903
-0.14019
-0.075545
-0.045614
-1.2351
-0.38587
-0.21435
0.45951
-0.0001965
0.056175
-0.32831
-0.55823
-0.64087
0.8094
-0.64655
-0.65334
-0.18427
-0.37514
-1.0208
-0.0030576
0.55862
0.42014
-0.12661
-0.063831
0.99887
-0.2104
0.047557
-0.10243
-0.045607
-0.74569
-0.066148
-0.55049
-0.60337
1.4403
-0.34517
0.68991
-0.020097
-0.20104
0.0071007
0.37717
0.65885
0.62156
0.54225
-0.88374
0.83219
0.84635
0.22411
-0.98118
-1.0292
0.20154
0.024665
-0.016869
0.068322
-0.12726
0.12253
0.44319
-0.59281
-0.0066558
0.0019053
0.029265
-0.36273
0.82385
-0.030485
-0.19507
1.2587
1.4292
0.56746
-0.59165
-0.00038832
0.057886
0.25744
-0.38908
-0.72555
0.071194
0.0036967
-0.011315
-0.80097
-0.088659
0.1652
-1.2701
-0.24875
-1.0017
0.75394
0.0058158
-0.020067
-0.17867
-0.28182
-0.48195
0.45399
-0.48083
-0.90469
-0.024284
-0.27122
-0.5838
-0.00091816
0.54313
0.67337
0.55004
-0.081848
0.47948
-0.094576
0.052973
0.6374
-1.1106
-1.0165
-0.12961
-0.4496
-0.094427
1.5488
-0.47172
0.58175
-0.017487
-0.30755
0.012954
1.1932
0.016342
0.46194
0.41009
-0.89252
-0.30145
0.98876
0.2496
0.2128
0.0012125
0.59177
0.25015
-0.014082
-0.21419
-0.51207
0.045065
0.63616
-0.38958
-0.0090649
-0.017074
-0.17187
0.030056
0.23802
0.13542
-0.33321
0.68011
1.7774
0.26439
-0.2661
0.0010312
-0.066485
-0.20369
-0.48901
-1.1147
-0.030219
0.0026485
-0.0084511
-0.74926
-0.079604
0.13713
-0.90113
-0.093609
-1.0378
0.75699
0.0091135
-0.13932
-0.073331
-0.32168
-0.25384
0.14981
-0.24655
-0.83827
-0.032358
-0.11264
-0.12938
-0.00099582
0.38945
0.2618
0.81128
-0.062403
-0.24026
0.0061206
0.033547
0.73869
-1.0736
-0.44938
-0.1707
-0.083402
0.21999
1.0461
-0.31903
0.29828
-0.010658
-0.25765
0.011561
0.89253
-0.16279
0.14151
0.15174
-0.62833
-0.7104
0.51965
0.040105
0.93124
1.1536
0.61718
0.16037
-0.012387
-0.398
-0.63172
0.021511
0.31482
-0.159
-0.0061136
-0.01809
-0.26677
0.19201
-0.38262
0.15189
-0.12991
-0.013542
0.27016
0.28337
0.63927
0.00055963
-0.31163
0.32071
1.0664
0.177
-0.89342
-0.012316
0.0054925
0.097864
-0.56693
-1.0639
0.36293
0.28717
-0.56983
-0.94638
-0.010684
-0.17651
-0.070797
0.48315
0.60217
-0.5073
0.12169
-0.26818
-1.3809
-0.19344
0.072444
0.00027553
-0.7401
0.047892
-0.28663
0.0090207
0.33353
0.076542
-0.062915
-0.14106
0.078793
-0.15378
0.83425
-0.72254
0.55853
-0.13583
0.41592
0.63045
-0.005337
-0.080946
0.00047987
0.0020111
-0.27202
0.041094
0.14462
-0.5158
-0.1002
-0.050098
0.52524
-0.015674
-0.085161
-0.61683
1.243
6.0183e-05
0.66912
-0.078181
-0.28816
0.2097
0.088583
-0.0073882
0.0052995
1.6135
-0.3402
-0.11088
-0.5595
-1.0585
-0.36282
0.44062
0.7396
0.39726
0.00059554
-0.48263
0.20351
1.3801
0.059085
-0.96231
-0.010408
0.0036659
-0.051263
-0.97051
-1.1353
0.6215
0.31691
-0.46362
-0.72568
-0.007784
-0.033476
-0.19405
1.0067
0.52694
-0.34467
-0.0093547
-0.33346
-0.3808
-0.1718
0.76022
-0.0011032
-0.93704
0.21426
-0.29313
0.013513
0.096244
-0.37618
-0.097591
-0.076873
0.061261
-0.20788
1.1475
-0.61634
1.2543
-0.046412
0.33695
0.82067
-0.0071686
-0.1984
0.0055778
-0.072196
-0.79434
0.07379
0.3442
-0.85075
-0.72734
-0.28455
1.0272
0.13037
-0.049986
-0.77675
0.6876
-0.0066123
0.7619
-0.085791
-0.090501
-0.43171
0.46845
-0.0025094
0.01809
0.66276
-0.36214
-0.42545
-0.52225
-0.11556
-0.73026
0.27498
1.0011
-0.21971
-0.00021288
-0.50408
-0.18677
1.0955
-0.17373
-0.11429
-0.0053796
-0.00044995
0.12534
-0.97136
-0.56007
0.79572
0.14948
0.078346
0.15301
-0.0025002
0.015921
-0.54202
0.48953
0.043602
0.22342
-0.20753
-0.28258
1.0096
-0.15185
1.1122
-0.0023317
-0.94089
0.1059
-0.040365
0.0082974
-0.55797
-0.63957
-0.091058
0.013753
0.29711
-0.03088
1.1978
0.30282
0.90879
0.078616
-0.058194
0.79113
-0.012074
-0.34166
0.011385
-0.35632
-0.72362
-0.056988
0.4578
-1.0237
-1.0923
-0.58004
0.89234
-0.022491
0.24277
-0.60728
-0.46112
-0.016175
0.49809
-0.01428
0.31437
-1.0726
0.61318
0.0048634
0.023461
-0.78708
-0.30129
-0.38256
-0.14275
1.0978
-0.77662
-0.4072
0.92868
-0.70822
-0.0023213
-0.30282
-0.29699
0.43471
0.086356
0.79263
-0.0078612
-0.00044412
0.69477
-0.68331
0.27548
0.79238
-0.078101
0.83819
0.65316
-0.006215
-0.14381
-0.85721
-0.7627
-0.50636
0.75294
-0.20026
-0.14147
0.67765
-0.17562
0.59217
-0.0036769
-0.98764
-0.11352
0.20493
0.003811
-0.70276
-0.55949
-0.046621
-0.15889
0.75398
-0.017141
1.1787
0.96312
-0.21923
0.20579
-0.33428
0.77521
-0.015694
-0.51095
0.0059731
-0.82275
0.29303
-0.21435
0.44642
-1.0182
-0.29526
-0.44114
0.26612
-0.57413
0.24456
-0.37392
-0.79034
-0.020232
0.22039
0.056743
0.53967
-0.66355
0.15381
0.0065153
0.021547
-0.79974
-0.32208
0.3168
0.036344
1.0764
-0.21196
-1.1552
0.66924
-0.74312
-0.002143
0.0044681
0.17989
-0.25112
0.68045
0.6512
-0.0083839
0.0033925
0.66981
-0.40355
0.82524
0.41427
-0.28124
1.211
0.4829
-0.0086043
-0.31236
-1.0261
-1.022
-0.82287
1.0029
-0.081443
-0.012507
-0.13909
-0.23877
-0.34073
-0.0025908
-0.96195
0.13339
0.29181
-0.0053017
0.29742
-0.40841
0.013863
-0.38816
0.6126
-0.57349
1.1888
0.53308
-0.76872
0.38923
-0.40308
0.72523
-0.018973
-0.63377
-0.0016975
-0.79845
0.83954
0.055919
0.34358
-0.84378
0.95841
0.30568
-0.091286
-0.76823
-0.54628
-0.21866
-0.25819
-0.018795
0.11902
-0.025179
0.26287
0.41136
-0.42753
0.0039009
0.015419
-0.14648
-0.30811
0.86082
0.030554
0.10582
0.81046
-1.0087
0.41634
-0.52681
-0.0018757
0.17292
0.74876
-0.71489
0.43821
0.0816
-0.0034313
0.01044
-0.18141
-0.23683
0.87566
-0.30222
-0.36853
0.73915
0.36919
-0.0060997
-0.4547
-1.125
-0.23162
-0.87878
1.0641
0.095143
-0.098625
-0.17598
-0.25755
-0.84463
-1.2055e-05
-0.84974
0.63448
0.66591
-0.023466
0.98191
-0.30416
0.066369
-0.036239
-0.45778
-1.0419
1.2113
-0.29307
-0.42439
0.369
-0.39517
0.42988
-0.018879
-0.59684
0.0041317
0.1926
0.41054
0.5701
0.044284
-0.46857
1.0157
0.82607
0.030692
0.031488
-1.0562
0.096527
0.18375
-0.012144
0.013039
-0.38931
-0.078935
0.84788
-0.58322
0.00092382
-0.0013709
0.022801
0.00096682
0.50312
0.0091285
-0.47074
1.5095
0.2522
0.18409
-0.26083
-0.0032395
0.16641
0.78986
-0.82221
-0.67858
-0.046865
0.0018698
0.011302
-0.80291
-0.21532
0.633
-0.90241
-0.27958
-0.20528
0.52886
0.00099337
-0.61446
-1.056
0.26557
-0.71452
0.87103
0.3002
-0.37991
0.020067
-0.14887
-0.7001
0.00075598
-0.6738
0.46066
1.245
-0.032373
0.37671
-0.16529
0.081991
0.54006
-1.1788
-0.41444
1.1257
-0.53709
0.066839
0.011777
-0.2688
0.091751
-0.012628
-0.40415
0.011959
1.0087
-0.057408
0.68129
-0.34338
0.011597
0.0068587
0.61755
0.2063
1.107
0.07404
0.47372
0.11028
-0.0047763
-0.24332
-0.82271
-0.096663
0.4976
-0.43994
-0.0014068
-0.019521
-0.1969
0.34095
-0.39414
0.059394
-0.19842
1.3159
1.1203
-0.039071
-0.029654
-0.0012317
0.097825
0.35386
-0.63242
-1.1325
0.016809
0.0010097
0.0058696
-0.69308
-0.24022
0.29835
-0.91919
-0.13282
-0.68566
0.52123
0.0030833
-0.59289
-0.74262
0.039385
-0.43088
0.48215
0.32931
-0.49338
-0.0078889
-0.023011
-0.32198
-0.00014361
-0.4086
-0.21337
1.1986
-0.023239
-0.32961
-0.063616
0.054882
0.53681
-0.82501
0.51593
0.76848
-0.31149
0.18888
-0.31075
-0.061932
-0.10879
-0.0048481
-0.15731
0.012448
0.73115
-0.088115
0.3787
-0.50084
0.25657
-0.5904
0.11117
0.14377
1.1562
1.2923
0.50855
-0.087209
-0.0017089
-0.37688
-0.73496
-0.021905
0.069036
-0.23941
-0.0028699
-0.01954
-0.25168
0.34107
-0.75946
0.064316
0.099219
0.16966
0.04774
1.1739
-0.25387
0.00031848
0.066725
0.085203
0.60015
0.20486
-0.88774
-0.01158
0.0021029
0.1532
0.092597
-0.60268
0.078505
0.18608
-0.37119
-0.75568
-0.010919
-0.75071
0.61659
0.31092
0.5961
-0.85138
0.95886
-0.2926
-1.3583
-0.28637
-0.34402
-0.0045391
-0.66104
0.19696
-0.32648
0.050181
0.22673
0.9387
-0.063334
-0.12621
0.1514
-0.14078
0.017281
-0.62358
1.1772
-0.064948
0.39125
0.32391
0.013141
-0.10077
-0.0045613
0.031075
-0.27833
-0.060274
0.092715
-0.73431
0.28327
0.070258
-0.22276
0.16423
-0.17006
-0.70297
0.51348
0.0090071
0.63499
-0.049739
-0.54486
-0.27773
0.041172
-0.0035617
0.0030745
1.5357
-0.35945
-0.60243
-0.70145
-0.37542
0.070187
0.30447
1.5897
-0.73105
-0.00010386
0.0069901
0.022195
0.61785
0.14673
-0.63947
-0.011153
-0.00080883
-0.032618
-0.39154
-0.10102
0.19775
0.048395
-0.43628
-0.81436
-0.0072699
-0.84472
0.67816
1.0474
0.76863
-1.0844
1.1596
-0.30819
-0.3088
-0.31184
0.22047
-0.0052123
-0.78066
0.1839
-0.35392
0.071032
-0.0015049
0.56692
-0.090617
-0.05171
0.20499
-0.010515
0.18292
-0.89064
1.2705
0.044523
0.6682
0.58034
0.012049
-0.30981
0.0018559
0.014221
-0.74429
0.0021467
0.14075
-0.91781
-0.28559
-0.16127
0.43494
0.083057
-0.18247
-0.7269
-0.15054
0.0075825
0.81701
0.014705
-0.29654
-0.92679
0.38907
0.0022538
0.0083809
0.755
-0.49764
-0.57957
-0.89355
0.70336
-0.27442
0.509
1.3393
-0.96822
0.0014981
-0.085747
-0.26945
0.09162
-0.14436
0.27938
-0.0069091
-0.0040793
0.095368
-0.86488
0.68559
0.5343
-0.1438
-0.28567
-0.25553
-0.00393
-0.85248
0.41585
0.74032
0.67537
-0.95594
1.1462
-0.15936
0.98676
-0.24621
0.84113
-0.0042555
-0.74402
-0.063971
0.016745
0.059484
-0.65029
-0.13632
-0.082273
-0.028693
0.38076
0.083003
0.33025
-0.24207
0.15648
0.091951
0.44743
0.68597
-0.0013277
-0.6238
0.0062749
-0.22696
-0.55356
-0.082225
0.10431
-0.75795
-0.93131
-0.43581
0.8689
-0.35282
0.086202
-0.41759
-0.75486
-0.0033021
0.67212
0.12337
0.41305
-0.96696
0.5647
0.009235
0.010423
-0.61108
-0.42107
0.1893
-0.70213
1.2331
-0.79306
0.17129
0.64348
-0.7805
0.0018
-0.030963
-0.48307
-0.5586
0.009135
0.74373
-0.0082538
-0.0042792
0.65004
-1.0035
1.1237
1.0564
-0.18122
0.21595
0.36795
-0.0096619
-0.96567
0.11119
-0.56378
0.31129
-0.73029
1.1807
0.079088
0.57553
-0.15722
0.72484
-0.0040166
-0.81616
0.013488
0.53736
0.040976
-0.74537
-0.38217
-0.044041
-0.29529
0.53614
-0.33295
0.42742
0.81765
-0.91332
0.019657
-0.16567
0.65393
-0.011276
-0.84243
-0.00052793
-0.6869
0.34693
-0.38937
-0.15568
-0.35437
-0.64988
-0.16977
0.62411
-0.66023
0.10192
-0.21623
-0.59698
-0.014196
0.36622
0.087244
0.76526
0.03583
0.18827
0.0091568
0.0074242
-0.72884
-0.22507
0.99638
-0.36219
0.4823
-1.0231
-0.64486
0.015432
-0.307
0.0007127
0.052174
-0.21152
-0.85543
0.64705
0.35004
-0.008131
0.00056854
0.61602
-0.81075
0.9773
1.2951
-0.22638
0.91943
0.54148
-0.013822
-1.0696
-0.12209
-0.97031
-0.22719
-0.45803
1.1843
0.36484
-0.13976
-0.14559
0.032181
-0.0020437
-0.84079
0.61453
0.88809
0.020939
0.29806
-0.29875
0.01688
-0.46792
0.141
-1.0375
0.5498
0.94435
-0.83392
-0.15384
-0.64772
0.46562
-0.01407
-0.70618
-0.0069208
-0.76391
0.65269
-0.38755
-0.58106
0.11091
0.45922
0.52741
0.20518
-0.12384
-0.62769
-0.16566
-0.071447
-0.016061
0.093802
-0.24258
0.30356
0.90158
-0.34519
0.0054746
0.0035172
-0.24992
0.10778
0.84059
-0.060109
-0.47433
-0.4353
-1.091
-0.31512
0.026212
-0.0015551
0.067324
0.7032
-0.7656
0.5343
0.010778
-0.00099215
0.0098104
-0.28269
-0.55002
0.53187
1.0297
-0.31911
1.1247
0.49274
-0.0090933
-1.0582
-0.33192
-0.037326
-0.75207
-0.10999
1.1259
0.49405
-0.07872
-0.24399
-0.56946
0.00015507
-0.76347
0.82334
1.108
0.0080897
0.99434
-0.19119
0.081889
-0.18626
-0.69944
-0.73045
0.71834
0.11856
-0.19379
-0.60558
-0.62507
0.076865
-0.015226
-0.25569
-0.002191
0.097442
0.21562
0.1232
-1.0139
0.59405
0.96365
0.69948
0.063976
0.83054
-1.0872
0.048109
0.036058
-0.010635
-0.14223
-0.70316
-0.23069
0.72615
-0.55685
0.0030818
-0.0089263
-0.1175
0.54496
-0.17673
0.080858
-0.55484
0.60424
-0.56959
-0.35531
0.078986
-0.0042584
0.078846
1.4457
-0.56333
-0.56026
0.1524
0.0060095
0.015815
-0.8383
-0.44669
0.17567
0.37199
-0.34062
0.665
0.46353
0.0006972
-0.93384
-0.46303
0.63432
-0.98233
0.094688
1.0058
0.33793
0.05731
-0.28194
-0.71822
-0.000298
-0.6618
0.0092636
1.2001
0.01046
0.40118
-0.093938
0.10738
0.11708
-0.87145
0.74014
0.81481
-0.55818
0.13641
-1.147
-0.15591
-0.2517
-0.011598
0.18509
0.0024919
0.87276
-0.0066574
0.47064
-1.1866
0.93063
0.37821
0.24195
0.071623
1.1599
0.096771
0.34667
-0.24139
-0.0021332
-0.38323
-0.83061
-0.22262
0.13108
-0.55732
0.0016699
-0.019933
-0.25669
0.68209
-0.92756
0.12971
-0.064401
0.98861
0.29193
-0.29838
0.052252
-0.0034469
0.083423
1.1531
-0.3534
-1.1141
0.22733
0.0040969
0.0093
-0.6461
-0.38686
-0.059922
-0.15379
-0.20898
0.051962
0.35088
0.0024182
-0.60397
-0.36701
0.36759
-0.78913
0.096261
0.72819
0.087621
-0.02159
-0.21082
-0.4973
-0.00072588
-0.45104
-0.81664
0.87462
0.0089459
-0.26802
-0.048914
0.078216
0.099443
-0.23547
1.4392
0.60624
-0.5788
0.087274
-1.1588
0.22444
-0.31406
-0.0064127
0.32056
0.0033115
0.63761
0.11353
0.34445
-0.93184
0.80281
-0.22435
-0.17071
0.050023
0.63055
1.3285
0.37133
-0.38106
0.0022095
-0.41269
-0.39168
-0.031582
-0.17058
-0.38868
-0.00022144
-0.016682
-0.2509
0.44204
-0.72672
0.1102
0.14124
-0.0044233
-0.14533
0.92745
-0.65719
-0.0024411
1.0072
-0.088744
-0.41274
0.14376
-0.79638
-0.0076087
-0.0025258
0.23254
0.97219
0.24904
-0.064792
0.54792
-0.062599
-0.54443
-0.0056943
-0.56949
0.50916
0.068532
0.15183
-0.39579
0.64992
-0.42271
-1.3489
-0.39502
-0.35149
-0.0099875
-0.10167
0.067067
0.067982
0.071516
0.10441
1.2258
-0.059953
-0.030777
0.066526
-0.029056
-0.82979
-0.3134
1.3096
0.081673
0.1497
-0.24984
0.029847
-0.28016
-0.01225
0.082207
-0.29817
-0.2187
-0.53443
-0.28601
0.47819
0.075751
-0.97613
0.10998
-0.18396
-0.68079
-0.10664
0.019358
0.48492
0.33578
-0.78914
-0.82191
0.15667
-0.0010873
-0.008233
1.3742
-0.29043
-0.7388
-0.3552
0.47263
0.073976
0.0063153
0.97403
-0.94619
-0.0026974
1.3662
-0.084432
-0.50635
0.16321
-0.37087
-0.0038024
-0.010577
0.027336
0.93518
0.77869
-0.23466
0.25771
-0.18157
-0.79287
-0.0024445
-0.62414
0.69216
0.93875
0.35852
-0.55874
0.81456
-0.29231
-0.23573
-0.58252
0.039102
-0.010184
-0.022042
-0.023386
0.08829
0.10092
-0.16388
1.0788
-0.076918
0.00076804
0.20261
0.1339
-0.90337
-0.85836
0.76316
0.092967
0.68513
-0.24224
0.033698
-0.55492
-0.0093868
0.12594
-0.68159
-0.11162
-0.77554
-0.060823
0.17388
-0.19696
-0.56128
-0.19949
-0.19953
-0.49359
-0.56933
0.024412
0.77658
0.3547
-0.68115
-1.1328
0.52631
0.0010564
-0.0048112
0.73985
-0.5721
-0.23225
-0.76651
1.2066
-0.0019325
0.37574
0.49198
-0.73539
-0.00038347
1.3075
-0.1378
-0.66591
-0.1275
0.39178
-0.00051347
-0.014753
0.095985
0.37358
0.94041
-0.20654
-0.2493
-0.36668
-0.63449
-0.0017566
-0.50037
0.7879
0.8855
0.6733
-0.71045
0.8357
0.052679
1.0196
-0.63412
0.60611
-0.0090368
0.0060838
-0.11495
0.19934
0.09042
-0.79766
0.22639
-0.066593
-0.15587
0.41816
0.026644
-0.79029
-0.71133
-0.5673
-0.065364
0.87262
-0.19265
0.020927
-0.78447
-0.0051435
-0.066838
-0.39204
-0.071848
-0.86242
0.44233
-0.52254
-0.48143
0.31909
-0.64523
0.039277
0.012542
-0.59271
0.01347
0.77007
0.15338
0.34578
-0.4522
0.65917
0.0058716
0.0026543
-0.45347
-0.67511
0.83824
-1.0372
0.84218
-0.38432
0.41286
-0.048777
-0.21032
0.00046725
1.0352
-0.37701
-0.77621
0.024519
0.6178
-0.0010916
-0.014287
0.619
-0.23558
0.59418
0.22917
-0.34386
-0.37372
-0.14443
-0.0054438
-0.32515
0.99051
-0.35304
0.93338
-0.93662
0.77144
0.30096
0.55142
-0.61061
0.70631
-0.0079671
-0.096127
0.39803
0.41688
0.063288
-0.82122
-0.32884
-0.034756
-0.55103
0.31691
-0.64322
-0.7345
0.43345
-1.078
-0.22408
0.27709
-0.21038
0.0067311
-0.65041
-0.009572
-0.55376
0.47432
-0.35726
-0.92405
0.87404
-0.77979
-0.14963
0.82187
-0.43
0.021077
0.14632
-0.2184
0.00026945
0.40249
-0.24507
1.0376
0.61008
0.23096
0.0046266
0.0084368
-0.6728
-0.45106
1.1827
-0.94403
-0.23637
-0.91774
-0.091878
-0.35381
0.24778
-0.0010551
0.62254
-0.42034
-0.60332
0.74104
0.35889
-0.00012602
-0.0099781
0.5613
-0.56485
0.11773
0.80378
-0.2303
0.064407
0.33166
-0.0075898
-0.19289
1.1515
-0.88866
0.75353
-1.0357
0.53461
0.47725
-0.15954
-0.62496
0.25533
-0.0029208
-0.111
1.0616
0.46652
0.036644
0.33857
-0.3362
0.025371
-0.57653
-0.30461
-0.98532
-0.67105
1.1547
-0.55247
-0.39681
-0.62209
-0.30108
-0.0014012
-0.077536
-0.012029
-0.69039
0.66885
-0.57925
-0.90617
1.0187
-0.15322
0.47067
0.85872
0.58196
-0.70847
0.03048
-0.026026
-0.0047224
-0.08004
-0.67797
0.45579
0.80968
-0.32714
-0.0036685
0.0012772
-0.34508
0.20056
0.31614
-0.55307
-0.71891
-1.0587
-0.68505
-0.37594
0.32524
-0.0027453
0.28234
0.39278
-0.26499
0.73492
0.23023
0.006163
-0.0021346
-0.33119
-0.66486
-0.12195
1.1691
-0.24128
0.62794
0.52948
-0.0029643
-0.088066
1.2227
-0.12567
-0.00073782
-0.88603
0.27666
0.67824
-0.068048
-0.80448
-0.30189
-0.0030701
0.024608
0.72558
0.2246
0.020951
1.0997
-0.16739
0.0935
-0.22563
-0.83509
0.062992
-0.57231
0.59827
0.019666
-0.73499
-0.89696
-0.4189
-0.0064046
0.53322
-0.0090523
0.047992
0.18219
-0.23784
-0.73611
0.90711
0.55816
0.46327
0.74424
1.1487
-1.0989
0.099772
-0.20321
-0.004276
-0.41908
-0.77447
-0.34272
0.26484
-0.56703
-0.004969
-0.011033
-0.22483
0.87517
-0.77714
-0.17932
-0.43401
-0.56086
-0.7541
-0.24628
0.12377
-0.0051709
0.11345
1.5382
-0.093917
-0.41888
0.31359
0.0090445
0.0046409
-0.8251
-0.68319
-0.16963
1.0771
-0.33473
0.8247
0.54221
0.0037966
0.050841
1.1076
0.53223
-0.80053
-0.67673
0.1573
0.79192
0.11287
-0.91751
-0.62434
-0.0041641
0.046672
-0.51485
-0.095605
0.018654
0.45463
-0.021814
0.12293
-0.10419
-0.43654
1.4647
-0.37583
-0.37284
0.10626
-1.0844
-0.32742
-0.44835
-0.014611
0.79324
-0.0074598
0.7564
0.03216
0.27842
-0.42219
0.67254
0.58108
-0.036507
0.5022
0.68132
0.15854
0.29761
-0.38753
-0.0051312
-0.58841
-0.26098
-0.38879
-0.15255
-0.60885
0.0014677
-0.016911
-0.30357
0.94656
-0.97136
0.061213
-0.12909
0.010077
-0.21299
-0.12025
-0.012843
-0.0066981
0.017845
1.6115
-0.078856
-1.1377
0.23205
0.0065965
0.0050221
-0.59055
-0.53912
-0.17231
0.60215
-0.27003
0.50158
0.39726
0.003042
0.15535
0.82554
0.35282
-0.96295
-0.44607
0.096702
0.55239
-0.0024958
-0.74461
-0.55361
-0.0029531
0.012741
-1.179
-0.3092
0.01072
-0.26119
0.041588
0.092481
-0.14525
0.36084
1.4706
-0.21538
-0.71047
-0.056675
-0.96505
0.29124
-0.31843
-0.01523
0.60973
-0.0046181
0.5779
0.17767
0.33737
-0.13432
0.33022
0.20254
-0.2716
0.25653
-0.071924
1.3911
0.30767
-0.28962
-0.0057742
-0.49989
0.37175
-0.13212
-0.15608
-0.44014
0.0024227
-0.01013
-0.23699
0.51455
-0.36486
0.14186
-0.11957
-0.20774
-0.084161
-0.037743
-0.5483
-0.0067377
0.869
-0.10691
-0.67786
0.10624
-0.35188
-0.0025541
-0.0022544
0.32518
0.92486
0.65906
0.18753
1.1166
-0.084548
-0.38106
-0.0056858
0.45681
-0.18165
-0.16687
-0.048736
0.08473
-0.44271
-0.63582
-1.2816
-0.19714
-0.28424
-0.0097921
0.037973
-0.075254
0.44974
0.047246
0.085267
1.1159
-0.063852
-0.099462
-0.087921
0.10754
-0.54622
0.074404
0.78506
0.34538
-0.17375
-0.68594
0.034186
-0.48946
-0.014998
0.10554
-0.37963
-0.43998
-0.82162
0.4288
0.42196
-0.13696
-1.0802
-0.075731
-0.11006
-0.52186
-0.47775
0.027508
0.22024
0.51202
-0.99921
-0.99244
0.32435
-0.00097669
-0.030192
1.0889
0.17547
-0.32019
0.70741
0.9938
-0.13801
-0.092273
-0.19737
-0.51898
-0.005966
1.2961
-0.051415
-0.64863
0.19232
0.068215
0.0007036
-0.0098185
0.15063
1.2688
0.81004
0.066483
0.72907
-0.21262
-0.65246
-0.0030781
0.81183
-0.20179
0.688
0.03553
0.094064
-0.60815
-0.39544
-0.12961
-0.3749
-0.11365
-0.010136
0.042962
-0.061366
0.41786
0.072335
-0.22716
1.2571
-0.078525
-0.23038
0.09178
0.11824
-0.52899
-0.56678
-0.055952
0.18472
0.4046
-0.88652
0.042419
-0.69916
-0.013373
0.19608
-0.724
-0.34204
-1.0142
0.82066
0.40455
-0.44207
-1.1068
-0.47884
-0.054994
-0.15051
-0.73752
0.034775
0.4338
0.42921
-1.1683
-0.72362
0.70564
-0.0018317
-0.026397
0.65156
-0.15206
0.46136
0.50225
1.1556
0.0012955
0.15478
-0.29317
-0.11586
-0.0024384
1.3971
0.063189
-0.47765
0.011913
0.43476
0.0038811
-0.014905
0.18442
1.1914
0.4738
-0.16715
-0.30418
-0.38444
-0.72481
0.00039856
1.1101
0.010248
0.86603
0.29842
0.0082386
-0.64759
0.17027
1.0945
-0.49805
0.27109
-0.0089123
0.041436
0.17614
0.032631
0.072937
-0.82873
0.53964
-0.067102
-0.54073
0.35319
-0.23022
-0.47823
-0.97923
-0.91727
-0.21837
1.1386
-0.87924
0.031568
-0.48818
-0.0096547
0.056106
-0.40651
-0.19937
-0.85513
1.0992
-0.14555
-0.5514
-0.55676
-0.58933
0.17062
0.42785
-0.40048
0.026283
0.43057
-0.1139
0.048218
0.35899
0.73014
-0.00070325
0.00074627
-0.23915
-0.7002
1.17
-0.1969
0.20652
0.020602
0.33683
-0.2312
0.20601
-0.0022343
1.1673
-0.1357
-0.40165
0.1414
0.45177
0.0012615
-0.011704
0.56075
0.81566
0.033345
-0.23775
-0.68473
-0.54717
-0.53639
0.0026411
1.2653
0.39949
-0.15541
0.76872
-0.23091
-0.70599
0.4205
0.56846
-0.56426
0.54819
-0.0047987
-0.038431
0.8095
-0.29156
0.058532
-0.80584
-0.24199
-0.035225
-0.72026
0.07731
-0.72002
-0.5363
-0.24553
-0.73322
-0.42529
0.9761
-0.86283
0.017561
0.12449
-0.011883
-0.37144
0.42883
-0.42938
-0.48385
1.0125
-0.73918
-0.079891
0.12355
0.12323
0.087214
0.48725
0.0070322
0.014327
0.026846
-0.73638
1.1827
0.89398
0.16745
-0.0044875
0.016689
-0.49635
-0.84781
0.73693
-0.75209
-0.61399
-0.25666
0.17736
-0.10241
0.28247
-0.0015545
0.7639
-0.5907
-0.2427
0.88124
0.32155
0.0024971
-0.0068404
0.42056
0.3629
-0.11607
-0.06415
-0.42651
-0.48883
-0.10161
0.004978
1.2996
0.73571
-0.71611
1.1164
-0.37502
-0.86473
0.43341
-0.23154
-0.60952
0.49317
-0.0012253
0.0044337
1.0175
-0.50072
0.037663
0.40027
-0.49233
0.024946
-0.22043
-0.62245
-0.39311
-0.58351
0.90971
-0.063805
-0.46792
-0.1067
-0.83576
0.010699
0.72414
-0.013736
-0.60922
0.69659
-0.70801
0.12371
0.67054
-0.62074
0.3954
0.65587
1.0646
-0.69963
0.26892
-0.0006115
0.01155
-0.45263
-0.85401
0.74446
0.42741
-0.41044
-0.012959
0.0049186
-0.24772
-0.21467
-0.43217
-0.79891
-0.50018
-0.6651
-0.34987
0.0095558
0.092974
-0.0023897
0.37195
-0.52177
-0.045979
0.92307
0.19215
0.0057561
-0.0047091
-0.37287
-0.040109
-0.017023
0.30851
-0.23546
-0.10683
0.24249
0.0075822
1.2078
1.0015
-0.19711
0.84639
-0.44282
-0.91846
0.65392
-0.14445
-0.76762
0.10478
-0.0025877
0.16073
0.10583
-0.82718
0.011991
1.1103
-0.32467
0.095702
0.3938
-0.79511
0.76607
-0.61354
0.96249
0.17768
-0.55541
-0.94872
-0.75763
0.00034531
0.90374
-0.013487
-0.057394
0.30029
-0.31387
0.79273
0.20633
0.067321
0.18985
0.91876
0.99373
-1.0911
0.2798
-0.15025
0.0041437
-0.67683
-0.21628
-0.24078
-0.08891
-0.58609
-0.01309
-0.013745
-0.20392
0.7028
-1.0341
-0.59305
-0.16861
-0.80166
-0.75658
0.083935
-0.1283
-0.0058737
0.11373
0.27984
-0.03882
-0.39947
0.018291
0.0055419
-0.00035266
-0.80536
-0.30444
0.11489
0.59078
-0.28285
0.31158
0.40464
0.004342
0.99677
1.1737
0.29936
0.063797
-0.5483
-0.78393
1.0065
0.15555
-0.87921
-0.3661
-0.0045642
0.21877
-1.0773
-1.1337
-0.00674
0.34454
-0.048604
0.13265
0.3762
0.086888
1.294
-0.56784
0.14606
-0.002044
-0.60473
-0.75281
-0.6151
-0.017385
0.69199
-0.012333
0.58444
0.12012
0.52139
1.1475
-0.18521
0.59395
-0.27
0.7529
0.070472
0.24212
0.4064
0.014054
-0.010775
-0.65552
0.79989
-0.48202
-0.10735
-0.53744
-0.0020302
-0.01666
-0.31239
0.98193
-0.57168
-0.33548
-0.2213
-0.51911
-0.53539
0.13737
-0.13616
-0.0074454
-0.027849
0.82087
-0.14183
-1.2697
-0.17936
0.0027084
0.00063972
-0.56401
-0.32792
0.11688
0.48976
-0.26621
0.32589
0.37682
-0.0014454
0.67261
0.99589
0.19705
-0.44869
-0.5021
-0.54634
0.86585
0.096475
-0.70636
-0.48606
-0.003877
0.16634
-1.2702
-1.0519
-0.017038
-0.42151
0.093808
0.1023
0.11826
0.82528
0.71879
-0.40446
-0.43369
-0.17539
-0.43632
-0.050393
-0.38282
-0.022496
0.31495
-0.0073171
0.5243
0.17672
0.73513
0.92215
-0.2778
0.49482
-0.35554
0.3723
-0.50336
1.4448
0.34906
0.26955
-0.014922
-0.45622
1.1366
-0.26653
0.044277
-0.34664
0.0029802
-0.0074954
-0.26576
0.58267
0.10617
-0.14885
-0.40083
-0.12628
0.14342
-0.69095
-0.050824
-0.0080095
-0.62241
-0.23619
-0.39159
0.023794
0.24056
-0.0045604
0.0042173
0.36188
-0.034749
0.46728
0.32007
1.6024
-0.33248
-0.30111
-0.010484
0.84343
-0.26174
-0.34864
0.13783
-0.061009
-0.74717
-0.72351
-1.1255
0.37048
-0.36543
-0.0047447
-0.11261
-0.0020426
0.47938
-0.0094608
0.046536
0.94722
-0.063934
-0.38928
-0.18823
0.096219
0.13153
0.40181
-0.036149
0.35562
-0.40523
-0.60737
0.028203
-0.55605
-0.0094492
0.009069
-0.45625
-0.62889
-0.27927
0.72997
0.24925
-0.42279
-0.77098
-0.28204
-0.021004
-0.35666
-0.74237
0.024884
-0.063067
0.36203
-1.0948
-0.70235
0.44108
0.0016393
-0.05065
0.70354
0.9213
0.15098
1.4376
0.95376
-0.13516
0.050632
-0.85487
0.18851
-0.0080071
-0.65925
-0.16549
-0.20074
0.13338
0.54721
-0.0026989
0.0006729
0.3559
0.20948
0.39497
0.3564
1.155
-0.36657
-0.46333
-0.010127
1.1711
-0.39816
0.32663
0.10428
-0.044466
-0.92094
-0.51062
0.016297
0.52399
-0.4297
-0.0030194
-0.22368
0.19487
0.24334
-0.0040251
-0.28779
1.297
-0.087099
-0.71829
-0.0033805
-0.079316
0.26385
-0.13158
-0.75887
0.14401
0.12066
-0.69507
0.030904
-0.4609
-0.010502
0.089083
-0.81845
-0.64845
-0.05856
0.86628
0.40916
-0.62273
-1.0633
-0.57038
0.084823
0.031302
-0.86752
0.030365
-0.077722
0.1225
-1.513
0.077426
0.77616
-0.00034222
-0.045736
0.46853
0.7286
0.77922
1.7612
0.60593
-0.024478
0.021427
-0.57086
0.41986
-0.0041458
-0.50641
0.041433
0.019512
0.11397
0.49026
-0.0025589
-0.0034267
0.4527
0.63241
0.11841
0.19938
-0.31998
-0.26902
-0.56588
-0.0048124
1.1192
-0.39471
0.62814
0.0073191
-0.029184
-0.7995
0.10267
1.145
0.59201
-0.188
-0.001219
-0.27652
0.56994
-0.44246
0.013154
-0.85474
0.8714
-0.078827
-0.96265
0.17659
-0.42834
0.2513
-0.90962
-0.94119
-0.30107
1.208
-0.62752
0.021747
0.23743
-0.0086055
-0.011854
-0.59031
-0.5022
0.281
0.65215
0.10917
-0.41004
-1.1413
-0.25073
0.2245
0.49224
-0.40675
0.022198
-0.18008
-0.52603
-0.37479
1.0157
0.65339
-0.0042692
-0.0037247
-0.070257
-0.25229
0.81785
1.2914
-0.38061
0.17659
0.18469
-0.18233
0.30012
-0.0028431
-0.38119
-0.048894
-0.018958
0.30131
0.27052
-0.0068932
-0.00063093
0.60358
0.98266
0.059423
-0.09746
-0.99999
-0.26542
-0.58126
0.0016019
0.91305
-0.338
-0.06271
0.17632
0.026899
-0.65317
0.39422
0.64494
0.6975
0.28231
0.002664
-0.27786
0.78732
-0.91127
0.025448
-0.77233
0.026133
-0.04652
-0.58825
-0.17517
-0.44026
0.11561
-0.83579
-0.3297
-0.48708
1.6083
-0.62775
0.012959
1.0138
-0.010431
-0.37045
0.19042
-0.68485
0.57682
0.28667
-0.52198
0.2462
-0.98744
0.61393
0.039035
0.5156
-0.010887
0.015518
-0.48931
-0.94444
1.1285
0.86439
0.03358
-0.0094531
0.022543
-0.23217
-0.98402
-0.095573
0.48085
-0.64605
0.18223
0.26092
0.044892
-0.02407
-4.9239e-05
-0.34768
-0.66648
-0.068945
0.98476
0.09511
-0.007689
0.0048847
0.24798
1.0387
0.20295
-0.36763
-0.71236
-0.40595
-0.42698
0.0091627
0.7061
-0.41721
-0.5327
0.71016
0.15128
-0.58141
0.43306
-0.18449
0.7963
0.62224
0.0037998
-0.25098
0.24528
-0.95214
0.015382
0.38059
-0.50148
0.015957
0.59574
-0.72089
0.32479
0.052035
0.26401
0.18617
-0.39325
0.7142
-0.68667
0.0095354
1.1795
-0.013076
-0.61248
0.6398
-0.87627
0.88406
-0.021647
-0.75553
0.5645
-0.51505
1.0633
-0.73294
0.36232
0.010672
0.014525
-0.75138
-0.46174
1.103
0.061707
-0.50911
-0.015246
0.0082696
-0.08286
-0.73471
-0.99418
-0.16544
-0.19053
-0.091948
-0.10694
0.089866
-0.28931
0.00067819
-0.33026
-1.2806
-0.024144
0.9952
-0.099865
-0.00786
0.0070233
-0.51747
0.81472
0.26665
-0.41492
-0.31217
-0.46282
-0.20456
0.0077543
0.5152
-0.39606
-0.16541
1.0686
0.13617
-0.45465
0.70298
-0.15924
0.78682
0.44731
0.00030758
-0.16686
-0.8862
-0.91875
-0.018984
1.0255
-0.47116
0.088926
1.379
-0.50365
1.0005
0.02922
0.9603
0.11257
-0.20416
-0.60024
-0.69873
-0.00039149
0.7791
-0.010542
-0.18292
0.49292
-0.21081
1.077
-0.24322
-0.23576
0.20277
0.0064243
0.4571
-1.0163
0.41776
0.16575
0.0054828
-0.74201
0.76012
0.18862
-0.22091
-0.60258
-0.013441
-0.013886
-0.10495
0.20063
-0.89667
-0.54052
-0.036817
-0.43255
-0.63823
0.094571
-0.35405
-0.0030496
-0.28743
-1.2218
-0.095276
-0.41126
-0.40539
-0.0058731
0.0059591
-0.88651
0.51958
0.2305
-0.24051
-0.19153
-0.27969
0.00034159
-0.0019872
0.36463
-0.13645
0.19975
0.87404
-0.11355
-0.26913
1.1151
0.14586
0.62724
-0.049314
-0.002546
-0.04053
-1.5439
-0.95302
-0.052567
0.2466
-0.13626
0.13428
1.166
0.6271
0.65832
-0.049017
0.74718
-0.15823
0.012499
-1.0036
-0.66339
-0.02075
0.25776
-0.0076454
0.4435
0.37124
0.99627
1.0074
-0.32274
0.47413
-0.26817
0.11156
-0.46009
0.27803
0.53435
0.5914
-0.011669
-0.5242
1.6444
-0.30305
0.034439
-0.44411
-0.0020138
-0.018987
-0.29603
0.77228
-0.039672
-0.64991
-0.35432
-0.43926
-0.65585
0.092265
-0.20888
-0.0024822
-0.24512
-0.57478
-0.17724
-1.3339
-0.55782
-0.0049882
0.0027869
-0.60741
0.25647
0.12434
-0.048044
-0.17741
-0.06154
0.11922
-0.0090942
0.2145
0.053375
0.12394
0.3631
-0.26508
-0.15878
1.0142
0.14473
0.3797
-0.29593
-0.0037974
0.022013
-1.1916
-0.78477
-0.053862
-0.47252
0.058229
0.1084
0.61144
1.1582
-0.11099
-0.088571
0.19144
-0.22781
0.14215
-0.53471
-0.47624
-0.025262
-0.067612
-0.003899
0.51333
0.28399
1.2951
0.64624
-0.24387
0.58706
-0.33274
-0.010517
-0.66009
1.3847
0.4295
0.75042
-0.019239
-0.25746
1.4197
-0.29128
0.21064
-0.21954
0.00037994
-0.0089965
-0.32833
0.60307
0.45133
-0.51682
-0.5594
0.036196
0.30725
-0.60497
0.30233
-0.0049548
-1.2254
-0.27228
-0.11594
-0.060097
0.40182
-0.0070572
0.010142
0.27036
-0.55999
0.14476
0.16495
1.4494
-0.37599
-0.19651
-0.010922
0.27869
0.1107
-0.33255
0.26737
-0.29555
-0.25727
-0.56518
-0.85731
0.64053
-0.38095
0.000529
-0.1105
0.035874
0.23244
-0.040383
0.012425
0.64726
-0.048526
-0.49152
-0.12459
-0.019258
0.23718
0.41626
-0.42571
0.1537
-0.35089
-0.21314
0.013495
-0.3227
-0.0020977
-0.06314
-0.39144
-0.49907
0.32018
0.48091
0.067343
-0.45594
-0.40239
-0.35551
0.13568
-0.23824
-0.67457
0.014222
-0.15426
0.13694
-0.8959
-0.27837
0.40006
0.0024081
-0.047021
0.34567
1.0435
0.28081
0.97379
0.51805
-0.042226
0.19401
-0.71986
0.56491
-0.0062022
-1.5456
-0.21688
0.1005
-0.0012277
0.55592
-0.0053893
0.0082259
0.40514
-0.56021
0.030219
0.23703
1.0341
-0.29453
-0.25838
-0.013579
0.21976
0.065132
0.073508
0.23365
-0.35002
-0.20272
-0.44658
0.089906
0.91329
-0.48868
0.0031836
-0.21387
0.28928
-0.093971
-0.046677
-0.29318
0.99554
-0.066024
-0.78026
0.0035873
-0.28247
0.29744
0.13341
-0.83498
0.048994
-0.059463
-0.13392
0.011046
-0.040437
-0.0033615
-0.038022
-0.65206
-0.61959
0.65908
0.37867
0.25684
-0.53608
-0.70154
-0.40156
0.17211
0.013991
-0.68031
0.014852
-0.28718
-0.15461
-1.2851
0.52309
0.61777
0.00086019
-0.041655
0.21349
1.0113
0.58499
1.4692
0.01933
-0.05034
0.011615
-0.47666
0.5738
-0.0052123
-1.5211
-0.037476
0.2584
0.071317
0.34407
-0.0070086
0.0059829
0.55342
-0.16343
-0.043538
0.20717
-0.25494
-0.062254
-0.3389
-0.010595
-0.14406
-0.045965
0.3303
-0.016716
-0.28944
0.058045
-0.028783
0.9193
1.1336
-0.35015
0.0036613
-0.24971
0.55762
-0.65074
-0.025224
-0.76502
0.78189
-0.064855
-0.82889
0.045231
-0.46581
0.26649
-0.56375
-0.67676
-0.20957
0.85124
-0.048543
0.0048761
0.6867
-0.0043556
-0.14499
-0.52815
-0.59516
0.8134
0.053735
0.14374
-0.16581
-1.0214
0.087937
0.12199
0.27287
-0.30637
0.010319
-0.41448
-0.60546
-0.51009
1.015
0.47085
-0.0058735
-0.0049687
-0.035684
0.13499
0.25413
1.4584
-0.60022
0.095184
0.11056
-0.19156
0.25436
-0.0026435
-1.3495
0.020964
0.17787
0.29196
0.10545
-0.012384
0.0057501
0.55148
0.4059
0.11965
-0.0010707
-0.88368
0.025231
-0.39961
-0.0036756
-0.47393
-0.21291
-0.079451
-0.14788
-0.096295
0.29216
0.19401
0.52125
1.344
0.066085
0.0028448
-0.20924
0.34465
-0.87415
-0.0044555
-0.64366
0.14962
-0.03974
-0.20596
-0.27815
-0.11989
0.17821
-0.82454
-0.14619
-0.29743
1.4297
-0.071648
0.0020086
1.1418
-0.0037572
-0.39128
0.04427
-0.74423
0.69306
-0.14765
-0.28963
0.44545
-1.1857
0.67243
-0.13516
0.28083
-0.049879
0.0069525
-0.58331
-0.66261
0.75263
0.5546
-0.033607
-0.011715
0.016219
-0.083096
-0.71243
-0.56673
1.0318
-0.50199
0.18797
0.24713
-0.10211
-0.11642
-0.00059435
-1.1249
-0.39234
0.066635
0.80359
-0.04916
-0.016054
0.0089225
0.09148
0.77878
0.25447
-0.30589
-0.67691
-0.14026
-0.42313
0.0022987
-0.60797
-0.5317
-0.38371
0.13946
0.13704
0.37532
0.29901
-0.11191
1.5283
0.45998
0.0016938
-0.17689
-0.49275
-0.66647
-0.0062464
0.25879
-0.36404
0.0077769
0.94266
-0.5648
0.61228
0.15382
-0.17601
0.1042
-0.12154
0.93317
-0.20932
0.002319
0.9689
-0.0037305
-0.51258
0.49792
-0.78321
0.36237
-0.14012
-0.57918
0.632
-0.96637
0.61748
-0.68895
0.21509
-0.006096
0.0048195
-0.65995
0.07973
1.014
-0.11279
-0.45059
-0.012566
0.0047794
0.0055227
-0.78366
-0.95772
0.43475
-0.070104
0.069119
0.020299
-0.1168
-0.25983
-0.00040305
-0.80323
-1.0511
0.032948
0.7682
-0.23109
-0.015406
0.01246
-0.5529
0.83298
0.17292
-0.49389
-0.29076
-0.35533
-0.38517
0.0024446
-0.57403
-0.75784
-0.11723
0.63478
0.21933
0.44507
0.56888
-0.17165
1.6243
0.42168
-0.00063773
-0.20275
-1.2992
-0.41114
-0.034292
0.74802
-0.42104
0.06361
1.5093
-0.16211
0.77678
0.23576
0.61053
-0.041032
0.15509
-0.11594
-0.39257
-0.0034532
0.43579
-0.0010663
-0.20365
0.53105
-0.058707
-0.015086
-0.075391
-0.31028
0.25253
-0.59757
-0.046658
-0.79034
0.28386
0.32966
-0.0012702
-0.49951
1.1179
0.39316
-0.21069
-0.4974
-0.0067776
-0.01245
-0.04376
-0.15344
-0.50842
-0.12165
-0.078533
-0.20412
-0.42308
-0.12959
-0.21845
-0.0014091
-0.52622
-1.3688
-0.034765
-0.33123
-0.48185
-0.011881
0.012244
-0.80973
0.67192
0.028188
-0.4365
-0.10401
-0.37471
-0.27155
-0.0052061
-0.44216
-0.66128
0.12414
0.82838
0.048528
0.49787
0.87409
0.01491
1.4375
0.080609
-0.0010715
-0.16898
-1.3668
-0.3042
-0.058479
0.18595
-0.14504
0.097899
1.1507
0.74135
0.10323
0.18056
0.80083
-0.21848
0.40029
-0.70661
-0.49256
-0.01526
0.012318
0.00057418
0.25267
0.45777
0.99001
-0.22498
-0.0075457
0.24542
-0.14019
-0.41097
-0.55834
0.16507
0.37565
0.71155
-0.012642
-0.2583
1.4527
-0.11829
0.075488
-0.33425
-0.00079903
-0.015615
-0.24062
0.39868
0.21946
-0.46781
-0.4231
-0.27474
-0.51973
-0.12138
-0.1183
0.00037916
-0.3894
-1.0017
-0.089206
-1.0804
-0.51422
-0.0076255
0.0061396
-0.52991
0.44202
-0.080734
-0.22053
-0.067255
-0.17364
-0.14027
-0.010232
-0.2575
-0.40508
0.072853
0.59261
-0.12965
0.39307
0.76408
0.031033
0.97252
-0.10737
-0.00054992
-0.09352
-0.81401
-0.21907
-0.050653
-0.34573
0.057748
0.080975
0.52705
1.0193
-0.45616
0.043219
0.51676
-0.21513
0.39533
-0.55086
-0.40875
-0.018308
-0.15519
7.5139e-05
0.36042
0.30822
1.1978
-0.22714
0.010059
0.4452
-0.2241
-0.31033
-0.53012
0.95243
0.30629
0.68009
-0.01408
-0.077255
0.96691
-0.19931
0.19807
-0.13546
5.3987e-05
-0.010184
-0.32809
0.42426
0.41603
-0.4856
-0.51152
-0.34635
-0.45399
-0.086027
0.62934
1.1518
0.99793
0.4071
-0.02133
-0.32629
-0.69729
-0.64762
0.017171
0.9133
1.3803
1.2021
0.68877
0.0069416
-0.36307
-0.74189
-0.77283
-0.17461
0.82811
1.4391
1.2861
0.18457
0.062582
-0.30756
-0.80732
-0.98317
-0.37399
0.6136
0.94869
-0.010871
0.03583
-0.042502
-0.39631
-0.91514
-1.0315
-0.52237
0.0076252
-0.21616
-0.15178
-0.014093
-0.02095
-0.29201
-0.65767
-0.75686
-0.49127
-0.09675
-0.12076
-0.019211
0.14492
0.13893
-0.10071
-0.41148
-0.41119
0.10178
0.0035263
-0.02898
0.10144
0.18455
0.077425
-0.1963
-0.26162
0.23115
-0.017151
-0.45692
-0.81371
-0.58515
0.51826
1.5495
1.466
0.31508
0.22812
-0.2405
-0.8945
-1.088
-0.12477
1.3638
1.6873
0.25302
0.42294
0.25036
-0.3938
-1.1062
-0.93089
0.25524
1.0961
0.045526
0.30032
0.50034
0.16814
-0.63168
-1.0329
-0.53155
0.3136
-0.1179
0.022185
0.38364
0.4079
-0.098387
-0.66736
-0.71056
-0.19981
-0.04648
-0.063331
0.15771
0.33744
0.16406
-0.3332
-0.71834
-0.51763
0.16214
0.081141
0.028703
0.1766
0.24055
-0.10455
-0.63236
-0.62926
0.291
0.22199
0.019981
0.090308
0.24411
0.021212
-0.41317
-0.50206
-1.0322
-1.2868
-1.1546
-0.79556
-0.32502
0.066578
0.21031
0.14937
-0.87891
-0.89105
-0.4834
0.016026
0.40304
0.62096
0.55019
0.24795
0.28814
0.70097
0.97831
0.94409
0.69507
0.40685
0.15339
-0.026954
1.1583
1.4966
1.2775
0.6751
0.040898
-0.31229
-0.34287
-0.25161
0.90343
0.92944
0.48203
-0.029608
-0.32175
-0.34367
-0.22229
-0.097576
-0.040023
-0.20065
-0.30048
-0.2415
-0.1095
0.016366
0.094015
0.11791
-0.64105
-0.816
-0.57452
-0.19249
0.012471
0.080363
0.10181
0.094824
-0.61233
-0.70546
-0.4562
-0.17973
-0.10924
-0.11658
-0.11356
-0.082394
1.0399
1.4965
1.3257
0.66045
-0.033493
-0.41081
-0.48555
-0.2817
1.3331
1.5938
1.0717
0.1474
-0.52084
-0.7339
-0.56654
-0.22954
0.63498
0.41588
-0.20217
-0.70591
-0.75826
-0.53224
-0.26464
-0.035553
-0.22259
-0.67716
-0.93185
-0.78772
-0.34559
-0.010967
0.065548
0.029995
-0.63541
-0.91638
-0.71222
-0.20597
0.23809
0.30797
0.10749
-0.026029
-0.5381
-0.49848
-0.11135
0.19911
0.27348
0.091148
-0.12629
-0.1188
-0.030331
0.20127
0.42404
0.29643
-0.011533
-0.27662
-0.36331
-0.20419
0.31793
0.55052
0.56258
0.24002
-0.09061
-0.25368
-0.22038
-0.077654
-0.0023468
-0.00070437
-0.00090206
-0.0044556
-0.0046783
-0.0031957
-0.0007728
0.001872
0.00077413
0.0018091
-0.00023859
-0.0037558
-0.003633
-0.0014677
0.0014958
0.0027328
0.0034966
0.0039087
0.0023432
0.0016648
-0.0010479
-0.0010343
0.00067186
0.0008969
0.003641
0.0025092
0.0017247
0.0044141
0.0028156
-0.00053628
-0.0025734
-0.0024037
0.00041143
-0.00011775
0.00073176
0.0041189
0.0037844
0.00046816
-0.0041513
-0.0058405
-0.0022828
-0.0023618
-0.00098301
0.00098665
0.0017843
-6.9428e-05
-0.0032416
-0.0052097
-0.0040419
-0.0051868
-0.0020957
0.0020639
0.0025434
0.0020047
0.00024243
7.385e-06
-0.00085016
-0.0016713
-0.0016609
0.0017489
0.0021314
0.0020412
0.0016109
0.0030017
0.21614
0.27831
0.1496
0.022067
0.01871
0.0050487
-0.095323
-0.17888
-0.0049318
-0.014428
-0.066498
-0.069622
0.07993
0.14915
0.047814
-0.074813
-0.31525
-0.46792
-0.47723
-0.28426
-0.0071848
0.16604
0.16578
0.11164
0.11669
0.018159
-0.07803
-0.025263
0.055069
0.079937
0.093063
0.099108
1.0327
1.3046
1.2425
1.0194
0.66122
0.32599
0.13675
0.02883
0.85054
1.2221
1.3153
1.1449
0.80104
0.4033
0.13429
-0.01762
-0.59718
-0.64994
-0.52461
-0.41665
-0.36646
-0.35724
-0.31024
-0.24224
-1.2032
-1.4924
-1.4285
-1.261
-1.058
-0.77544
-0.53787
-0.38574
0.051131
-0.047769
-0.24537
-0.16772
0.24104
0.39446
0.041878
-0.25736
0.28873
0.15771
-0.17953
-0.14954
0.38472
0.66056
0.29414
-0.13358
0.32208
0.21453
-0.19014
-0.28122
0.23494
0.77139
0.7951
0.37232
0.086187
0.035437
-0.27852
-0.4815
-0.16182
0.73763
1.4073
1.1385
-0.079924
-0.086534
-0.19147
-0.4211
-0.44033
0.37187
1.4689
1.5873
-0.096211
-0.079797
-0.00045662
-0.19523
-0.61497
-0.53822
0.28365
0.83214
-0.20627
-0.16795
0.020857
-0.080496
-0.67245
-1.2365
-1.1508
-0.5031
-0.2153
-0.19778
-0.02355
0.013461
-0.40452
-1.0483
-1.3474
-0.95795
-0.23316
-0.13013
0.35842
0.89793
1.0617
0.67792
0.09158
-0.20436
0.43332
0.7706
1.0644
1.1512
0.844
0.16799
-0.38949
-0.48673
1.0282
1.3015
1.0554
0.45671
-0.21292
-0.68793
-0.80449
-0.6095
0.60636
0.6159
0.12022
-0.50135
-0.81414
-0.75538
-0.55979
-0.35912
-0.35006
-0.45161
-0.64597
-0.7531
-0.58961
-0.29463
-0.1239
-0.091767
-0.64559
-0.63653
-0.49783
-0.38962
-0.25711
-0.078085
-0.061273
-0.13899
-0.36677
-0.19617
0.03749
0.00029518
-0.058356
-0.016813
-0.071741
-0.15082
-0.10204
0.11237
0.28319
0.17407
0.055723
0.02874
-0.02707
-0.071423
0.033409
-0.030104
-0.057846
0.19569
0.49156
0.12698
-0.68421
-0.93976
0.093235
-0.051101
-0.16576
0.18964
0.68241
0.30917
-0.71829
-1.0794
0.18861
0.058905
-0.17188
0.11139
0.6815
0.40764
-0.67094
-1.0824
0.21815
0.18433
-0.083291
0.086518
0.66121
0.49962
-0.57534
-1.0514
0.18116
0.2231
-0.069491
0.079593
0.74045
0.68176
-0.45404
-1.0867
0.12251
0.20021
0.0080739
0.14594
0.85531
0.84084
-0.4168
-1.2036
-0.0042781
0.11844
0.097761
0.30817
0.96543
0.91547
-0.4138
-1.2567
-0.051119
-0.0051434
0.053066
0.29627
0.79526
0.73396
-0.35271
-1.0436
-0.77
-1.2939
-1.0441
-0.0098548
0.78817
0.6706
0.18663
-0.055537
-0.89464
-1.3497
-0.79313
0.4895
0.98792
0.53519
0.08545
-0.021422
-0.85616
-0.9856
-0.13469
0.80134
0.69808
0.13399
-0.006113
0.057844
-0.87021
-0.6639
0.28254
0.76457
0.38915
0.049131
0.18178
0.23937
-0.78009
-0.37481
0.40433
0.61793
0.35443
0.23304
0.31274
0.20902
-0.37118
0.049765
0.4326
0.45414
0.32166
0.20042
0.02094
-0.17934
0.17978
0.51173
0.47656
0.28282
0.12355
-0.072767
-0.39847
-0.5509
0.34394
0.52224
0.36445
0.14151
-0.0014535
-0.19995
-0.48447
-0.51527
-0.0012699
0.0039974
0.0090939
0.0083221
0.0026283
0.0026867
0.0074568
0.0072878
-0.0050976
-0.00089034
0.0057939
0.004323
0.00074996
0.0030318
0.0078405
0.0057186
-0.0084774
-0.0059589
-0.002892
-0.005782
-0.0072745
0.0016587
0.0076902
0.0054331
-0.0092987
-0.0072086
-0.0060241
-0.010498
-0.0097325
0.0013424
0.0085495
0.0084513
-0.0033555
9.0329e-05
0.00096372
-0.0014954
-0.00032019
0.0069204
0.011877
0.0086539
0.00042588
0.0042755
0.0051553
0.0033457
0.0041048
0.0094657
0.0074509
0.0029359
-0.0032533
0.00042216
0.00046986
-0.0054495
-0.0066815
-0.0039381
-0.0024459
-0.003001
-0.0054585
-0.0048292
-0.005947
-0.011468
-0.013836
-0.011722
-0.0086122
-0.0045456
-0.0082949
-0.014027
-0.01771
-0.015743
-0.014063
-0.01771
-0.020222
-0.014608
-0.0014406
-0.0067701
-0.01178
-0.010663
-0.0053913
-0.0044552
-0.0086815
-0.0069374
0.0095606
0.0068685
0.0024788
0.0032786
0.0073991
0.01268
0.011043
0.0065448
0.0070003
0.0035723
-0.00057062
-0.0016898
0.0036619
0.010395
0.014426
0.012395
-0.00086599
-0.009311
-0.015856
-0.015657
-0.0095976
-0.0016024
0.0043552
0.0061773
8.8788e-05
-0.0079777
-0.012913
-0.010887
-0.0065281
-0.0034204
0.00025048
0.0012957
0.0073716
0.0051396
0.0008736
0.0032435
0.0072198
0.011083
0.010203
0.0063669
0.01061
0.012271
0.008899
0.0075238
0.011098
0.016626
0.015498
0.0092481
0.12612
0.15939
0.36165
0.6623
0.52093
-0.11923
-0.69462
-0.68224
0.098978
0.050418
0.28391
0.77702
0.67655
-0.1252
-0.79232
-0.77227
0.13414
-0.0045791
0.16981
0.70151
0.65456
-0.17132
-0.79696
-0.7087
0.19431
0.011843
0.13357
0.66186
0.61315
-0.26479
-0.84663
-0.65
0.26925
0.077087
0.13157
0.62524
0.56322
-0.32398
-0.85048
-0.61175
0.34098
0.17614
0.20058
0.56028
0.40978
-0.38932
-0.81491
-0.5782
0.34301
0.36173
0.44392
0.59651
0.23835
-0.51835
-0.88267
-0.58707
0.27114
0.41024
0.51175
0.53116
0.099151
-0.53535
-0.8188
-0.51398
-0.28129
-0.18024
0.074915
0.23064
0.12276
0.020435
0.053171
0.079611
-0.54732
-0.60722
-0.32321
-0.013778
0.0086019
-0.082696
-0.086065
-0.10871
-0.55873
-0.92509
-0.94898
-0.65721
-0.36174
-0.21286
-0.20771
-0.28431
0.085155
-0.36443
-0.84254
-0.96937
-0.76602
-0.51513
-0.42978
-0.40424
0.92765
0.88783
0.36624
-0.21281
-0.55621
-0.66122
-0.67544
-0.52727
0.90555
1.2004
1.142
0.83477
0.36226
-0.071308
-0.32711
-0.32776
0.0098963
0.22821
0.60916
0.93966
1.0254
0.82392
0.5119
0.24682
-0.49603
-0.48855
-0.11674
0.40067
0.76585
0.82881
0.68771
0.4363
-0.1955
-0.45437
-0.85967
-1.1563
-1.1365
-0.83012
-0.4975
-0.25361
-0.74775
-1.1332
-1.2533
-1.0598
-0.53926
-0.039809
0.16184
0.16568
-1.0671
-1.1364
-0.52993
0.27083
0.81175
0.88579
0.64372
0.34854
-0.60594
-0.10568
0.6941
1.0978
0.96703
0.56531
0.19998
-0.018949
0.26296
0.77175
0.94029
0.61752
0.16554
-0.08584
-0.16182
-0.13831
0.64613
0.76982
0.45981
0.084081
-0.051563
0.01061
0.12832
0.16912
0.44807
0.37718
0.13201
0.11177
0.22083
0.26593
0.23824
0.15643
0.13987
0.061509
-0.0038486
0.13055
0.24271
0.16213
0.012715
-0.082837
-0.012325
-0.2286
-0.61231
-0.92107
-1.0001
-0.93793
-0.73626
-0.43188
0.27824
0.25181
-0.032056
-0.45996
-0.88585
-1.2057
-1.2352
-0.88048
0.37674
0.61283
0.79305
0.78248
0.41102
-0.31049
-0.90851
-0.88499
0.074552
0.22593
0.56303
1.0445
1.2548
0.98695
0.32642
-0.17045
-0.092339
-0.21659
-0.14494
0.27944
0.79886
1.1428
1.0425
0.61107
0.18162
0.0088913
-0.18592
-0.22663
-0.049894
0.29623
0.55275
0.48861
0.3376
0.32489
0.15405
-0.097456
-0.31958
-0.3721
-0.22063
-0.033731
0.18667
0.2635
0.18851
-0.025141
-0.28134
-0.48505
-0.44492
-0.23168
0.56161
0.7505
0.49488
0.064011
-0.24378
-0.28417
-0.15994
-0.029531
0.60465
0.78049
0.49578
0.047983
-0.29781
-0.373
-0.24172
-0.080331
0.32612
0.3407
0.16163
-0.064397
-0.28074
-0.3691
-0.2949
-0.15018
0.2223
0.090432
-0.11211
-0.17427
-0.23516
-0.32596
-0.35893
-0.22862
0.55283
0.28661
-0.22146
-0.34
-0.23
-0.20944
-0.32263
-0.27096
1.0655
0.71339
-0.2952
-0.66693
-0.42982
-0.21907
-0.27401
-0.25047
1.5232
1.1055
-0.2942
-0.95721
-0.72155
-0.32848
-0.20359
-0.15407
1.4084
1.0001
-0.21809
-0.82627
-0.66524
-0.30563
-0.10405
-0.046667
0.24025
0.70334
1.0018
0.80178
0.099285
-0.61606
-0.93296
-0.75222
-0.20274
0.20025
0.8073
1.1138
0.75311
-0.16916
-0.9239
-0.99745
-0.56018
-0.43412
0.11267
0.82658
1.1547
0.70572
-0.20648
-0.68867
-0.38132
-0.43717
-0.26291
0.22932
0.86149
1.0501
0.61934
0.062215
-0.084356
-0.20408
-0.39156
-0.37317
0.061616
0.60389
0.78777
0.52407
-0.099897
-0.23247
-0.40295
-0.53285
-0.46627
-0.084255
0.30969
0.34953
-0.31702
-0.36585
-0.26784
-0.26195
-0.39366
-0.4325
-0.27654
-0.054597
-0.32595
-0.28465
-0.062073
0.0023401
-0.15187
-0.35341
-0.38247
-0.19312
-0.66917
-0.31618
0.40607
0.67533
0.47674
0.46039
0.68932
0.62942
-0.92255
-0.54709
0.37207
0.75735
0.49855
0.46819
0.77108
0.75995
-0.9084
-0.72309
0.12426
0.63263
0.5181
0.38391
0.53685
0.55486
-0.72428
-0.78623
-0.26041
0.36003
0.57739
0.51733
0.48501
0.37969
-0.54438
-0.77398
-0.61383
-0.14577
0.34658
0.53842
0.54315
0.40891
-0.4036
-0.66195
-0.72063
-0.49169
-0.058417
0.28113
0.40547
0.39846
-0.30624
-0.46133
-0.54819
-0.53434
-0.38703
-0.15294
0.02347
0.15102
-0.18728
-0.2601
-0.32249
-0.38591
-0.43723
-0.38313
-0.23077
-0.084726
-0.0038348
-0.00056531
0.0032072
0.0029398
0.00041166
0.0015203
0.008479
0.0089544
-0.0049705
0.00015453
0.0040186
0.0032617
-0.0016272
0.0019673
0.0098855
0.010611
-0.0086059
-0.0041265
-0.00020041
-0.00082539
-0.0068444
-0.0048956
0.003955
0.0070501
-0.0077786
-0.0052887
-0.001969
-0.0051267
-0.011834
-0.010014
0.0010326
0.0061264
-0.0015386
0.00048053
0.0011933
-0.0018331
-0.0040144
-0.0019887
0.0059932
0.0069355
0.00053342
0.0014441
0.0026355
0.0031002
0.0069266
0.0096792
0.0065006
0.0011074
-0.005181
-0.0077613
-0.0035317
0.002742
0.0081398
0.011058
0.00086565
-0.009256
-0.0094721
-0.011105
-0.0072691
-0.0010592
0.0046758
0.0060994
-0.0011759
-0.0097406
-0.091071
-0.17477
-0.31386
-0.34678
-0.24604
-0.041911
0.10811
0.041371
0.052392
0.12173
0.073019
0.022147
0.017076
0.039566
-0.031492
-0.13879
-0.16103
-0.048411
-0.018743
-0.16225
-0.31468
-0.45123
-0.59676
-0.56042
-0.71976
-0.80246
-0.80416
-0.91249
-0.99831
-0.97774
-0.86799
-0.59062
-0.54556
-0.59148
-0.47797
-0.31454
-0.17028
-0.06213
0.053675
0.13016
0.44821
0.78367
1.0516
1.1996
1.2371
1.1471
0.95987
0.6723
0.85687
1.1216
1.0784
0.88998
0.69406
0.49843
0.35921
0.24244
0.30815
0.18775
-0.14138
-0.42356
-0.55553
-0.5404
-0.41814
-0.2268
-0.21677
-0.24921
-0.18279
-0.0012541
0.1847
0.37782
0.49244
0.39223
-0.42965
-0.58329
-0.66015
-0.62274
-0.47461
-0.32421
-0.16724
-0.044013
-0.064826
-0.21931
-0.54592
-0.84493
-0.99779
-1.0869
-1.0104
-0.68948
0.60056
0.66073
0.42749
0.13543
-0.089545
-0.30924
-0.45336
-0.38604
0.46993
0.65718
0.79569
1.0162
1.1527
1.2004
1.0814
0.78789
-0.17496
-0.2439
-0.01125
0.40124
0.72212
0.96804
1.1286
0.96443
-0.20144
-0.3966
-0.4316
-0.36072
-0.41362
-0.39141
-0.15248
0.082302
0.12703
0.050757
-0.060418
-0.22095
-0.49965
-0.71684
-0.66618
-0.37113
0.26554
0.36673
-0.10003
-0.7334
-0.87251
-0.61658
-0.42145
-0.29011
0.4304
0.73707
0.13894
-0.83719
-1.0156
-0.54301
-0.25386
-0.24154
0.49087
0.98804
0.47611
-0.71109
-0.95894
-0.21197
0.26168
0.062347
0.33152
1.0122
0.70442
-0.55466
-0.92688
-0.047055
0.5939
0.35045
0.088381
0.9024
0.84021
-0.34732
-0.84538
-0.10703
0.53486
0.36007
-0.14024
0.66465
0.80978
-0.15787
-0.7048
-0.18149
0.31422
0.20915
-0.3085
0.32199
0.6101
-0.049373
-0.52622
-0.15294
0.21494
0.14604
-0.28319
0.081817
0.33853
-0.045205
-0.38015
-0.10878
0.13906
0.095177
-0.41796
-0.69568
-0.76817
-0.6041
-0.42785
-0.37713
-0.33385
-0.19247
0.013923
-0.2877
-0.64764
-0.79545
-0.74695
-0.63914
-0.48083
-0.26387
0.57838
0.50575
0.038588
-0.48784
-0.80402
-0.88414
-0.69868
-0.43687
0.58354
0.78041
0.67463
0.32361
-0.21238
-0.74141
-0.97144
-0.78864
0.12929
0.39051
0.67983
0.92104
0.72912
0.0079728
-0.76905
-0.96335
-0.041626
0.050075
0.29032
0.7513
1.067
0.81565
0.071751
-0.46498
0.1692
0.11035
0.0083305
0.1739
0.71043
1.0548
0.85821
0.35453
0.27436
0.23268
-0.02422
-0.14745
0.17555
0.64736
0.83954
0.62685
0.58648
0.79598
0.78689
0.5512
0.1816
-0.13904
-0.25084
-0.22635
0.32378
0.79248
1.2246
1.3457
1.1315
0.78521
0.4385
0.18099
-0.50587
-0.33687
0.22965
0.75283
0.99028
1.0147
0.85106
0.51049
-0.83483
-1.0507
-0.92174
-0.70698
-0.45754
-0.1139
0.09892
0.12109
-0.41086
-0.56844
-0.69783
-0.89721
-0.99824
-0.87729
-0.67018
-0.42798
0.013131
0.034106
-0.024164
-0.22582
-0.36186
-0.45186
-0.55242
-0.51259
-0.068536
-0.066282
-0.041884
0.02275
0.13928
0.11327
-0.1267
-0.26806
-0.24114
-0.33909
-0.28416
-0.099001
0.12243
0.18208
0.012957
-0.10623
-0.024637
-0.063046
-0.041898
0.00034873
-0.06571
-0.23654
-0.30156
-0.1816
-0.28758
-0.51856
-0.68572
-0.6693
-0.64573
-0.62369
-0.45989
-0.19905
0.15355
0.004063
-0.15394
-0.12146
-0.034845
0.094657
0.29888
0.36991
0.94017
1.1061
1.0922
1.1221
1.1036
1.0212
0.91917
0.71548
0.62575
0.75651
0.77693
0.72099
0.51576
0.27692
0.10984
0.043288
-0.43693
-0.61725
-0.64841
-0.67717
-0.80395
-0.84685
-0.75958
-0.56535
-0.73067
-0.88585
-0.75092
-0.60212
-0.55298
-0.43307
-0.26316
-0.16748
-0.2507
-0.17562
0.073966
0.25403
0.3021
0.35457
0.43442
0.35016
-0.10728
-0.21874
-0.33737
-0.39854
-0.45003
-0.5908
-0.71554
-0.66465
-0.18856
-0.29435
-0.3433
-0.35661
-0.40825
-0.62723
-0.84622
-0.78407
-0.28574
-0.3609
-0.29595
-0.15394
-0.032482
-0.10334
-0.34541
-0.42791
-0.29964
-0.34391
-0.19208
0.074972
0.37038
0.49292
0.34869
0.12667
-0.39453
-0.30029
0.016522
0.30128
0.50185
0.68296
0.78663
0.56808
-0.61573
-0.40979
0.12066
0.41855
0.46847
0.64206
0.98556
0.86969
-0.69858
-0.53402
0.063455
0.41037
0.47952
0.70496
1.0902
1.0285
-0.54748
-0.44796
-0.038584
0.20938
0.33375
0.57827
0.86929
0.78632
-1.1003
-0.45765
0.71832
0.70705
0.055104
-0.18096
-0.13054
-0.085925
-1.3029
-0.47019
0.96449
0.83362
0.010983
-0.14724
-0.030071
-0.027438
-1.3069
-0.41322
0.97417
0.66869
-0.11456
-0.11779
0.017494
-0.042737
-1.2884
-0.32926
0.98594
0.58017
-0.12257
-0.04223
0.065548
-0.047202
-1.2805
-0.24917
1.0245
0.54518
-0.12965
-0.011989
0.14629
0.0042211
-1.2311
-0.13052
1.0733
0.56425
-0.17938
-0.088178
0.15777
0.10058
-1.0941
0.041007
1.1066
0.6339
-0.13772
-0.11289
0.13415
0.14836
-0.87336
0.070304
0.89723
0.51261
-0.073061
-0.12485
0.0057947
0.038147
-0.018001
0.06959
0.095127
0.0041492
-0.10326
-0.18456
-0.16908
-0.064891
-0.114
-0.063646
-0.065066
-0.16813
-0.31034
-0.38187
-0.2731
-0.084745
-0.21814
-0.19106
-0.17071
-0.19173
-0.23588
-0.24085
-0.13818
-0.0032362
-0.27318
-0.30115
-0.2796
-0.17322
-0.14028
-0.2314
-0.2738
-0.21999
-0.42224
-0.58096
-0.64189
-0.60722
-0.63736
-0.79251
-0.90911
-0.75113
-0.22616
-0.374
-0.47427
-0.51418
-0.59456
-0.75373
-0.84168
-0.66673
0.39826
0.54399
0.62212
0.73278
0.7958
0.76861
0.63821
0.4214
0.6401
0.92795
1.1419
1.3221
1.4666
1.5485
1.4009
0.98877
0.65044
0.90799
0.47685
-0.31599
-0.88575
-0.8639
-0.39332
-0.020285
0.63603
1.1698
0.98408
0.083222
-0.8066
-0.99895
-0.58511
-0.15111
0.090078
0.77481
1.0738
0.5594
-0.34904
-0.82596
-0.70834
-0.35548
-0.30118
0.29168
0.84605
0.72339
0.052448
-0.55312
-0.72806
-0.51897
-0.33009
0.085907
0.62145
0.70211
0.24693
-0.30885
-0.62974
-0.56208
-0.27141
-0.10001
0.26057
0.53736
0.46008
0.080322
-0.36951
-0.4855
-0.34675
-0.41441
-0.19197
0.28952
0.60164
0.42988
-0.037461
-0.29791
-0.36992
-0.48267
-0.38341
0.047213
0.43636
0.40951
0.096706
-0.10716
0.0020034
-0.00042117
-6.5412e-05
-0.0010429
-0.0018355
-0.0022927
-0.0021194
-0.00247
0.005169
0.0041037
0.001886
-0.0017229
-0.0035147
-0.00084094
0.0012474
0.0016132
0.0034035
0.0032762
0.0011138
-0.002129
-0.0015859
0.0015866
0.0036393
0.0031932
-0.003126
-0.0020768
-0.0010976
-0.0020592
-0.00092448
-0.00021717
0.00071858
0.0017523
-0.0055987
-0.0071544
-0.0071754
-0.0038575
-0.0012309
-0.00074773
-0.0024094
-0.00075679
-0.0049756
-0.0066125
-0.0064775
-0.0024677
0.0023268
0.0012726
-0.003565
-0.0032443
-0.0014601
-0.00017106
0.0028302
0.0035566
0.0054701
0.0041328
-0.0012035
-0.0013444
0.0023237
0.0067375
0.0080532
0.0056798
0.0045062
0.0030179
0.00077914
0.00091856
0.81413
1.2097
1.4264
1.452
1.4223
1.3861
1.1897
0.80114
0.24966
0.41263
0.52182
0.51816
0.5116
0.57496
0.58926
0.42319
-0.73239
-0.89177
-0.87911
-0.92274
-0.9302
-0.83769
-0.63893
-0.40595
-0.6426
-0.75109
-0.7184
-0.76646
-0.79862
-0.78972
-0.67193
-0.46676
-0.093196
-0.046536
-0.044893
-0.087761
-0.088756
-0.0041732
0.022463
0.0048155
0.027314
0.023311
-0.0030788
-0.0636
-0.028952
0.1239
0.19823
0.16722
-0.10818
-0.2114
-0.26167
-0.2738
-0.25532
-0.18876
-0.065743
-0.011798
-0.082043
-0.21126
-0.2335
-0.18604
-0.15831
-0.20277
-0.1673
-0.091166
-0.33983
-0.10583
0.13444
0.088651
-0.018618
0.23347
0.47488
0.29211
-0.19473
0.063576
0.19921
0.021096
-0.019046
0.44114
0.62668
0.19594
0.097689
0.2334
0.129
-0.047133
0.16161
0.63664
0.41735
-0.25228
0.24223
0.20989
-0.023822
0.060311
0.61295
0.77896
-0.021469
-0.79449
0.1199
0.013966
-0.079678
0.42045
1.025
0.65819
-0.55074
-1.1549
-0.040111
-0.021575
0.20388
0.80996
0.96314
0.043148
-1.0631
-1.2327
-0.01197
0.20406
0.57557
0.78179
0.23754
-0.87645
-1.4864
-1.1477
0.018757
0.30317
0.54109
0.34672
-0.44562
-1.2379
-1.3481
-0.78758
0.12868
0.18946
0.15508
-0.031814
-0.28278
-0.26398
0.11693
0.36172
0.045694
0.060529
0.086553
-0.024164
-0.28546
-0.11405
0.51578
0.79734
-0.2246
-0.2579
-0.0067954
0.22581
0.30066
0.64069
1.201
1.1883
-0.26721
-0.31688
0.021669
0.53149
0.86879
1.0582
1.1518
0.86973
0.096294
0.078935
0.15902
0.38215
0.4604
0.22371
-0.11013
-0.30283
0.42791
0.37406
0.022677
-0.28299
-0.47904
-0.80458
-1.0938
-1.0126
0.4442
0.19242
-0.44422
-0.88484
-0.92368
-0.89561
-0.92072
-0.77025
0.21974
-0.091146
-0.61627
-0.83714
-0.65559
-0.41663
-0.30383
-0.23778
-0.016112
-0.024862
-0.024847
-0.020697
-0.030466
-0.057618
-0.075757
-0.059431
-0.017828
-0.024963
-0.026314
-0.020874
-0.029815
-0.058538
-0.07671
-0.058618
0.0089657
0.013961
0.0097131
0.0073488
-0.0029381
-0.021893
-0.029376
-0.022344
0.047112
0.069022
0.061971
0.042119
0.021174
0.0071897
0.0079145
0.010219
0.070882
0.10068
0.093005
0.065428
0.036705
0.024083
0.020608
0.014082
0.047095
0.070316
0.07326
0.062824
0.042059
0.015767
-0.005621
-0.01451
-0.0081612
-0.0034343
0.013075
0.028069
0.017715
-0.017598
-0.052191
-0.053048
-0.039416
-0.046783
-0.026815
-0.0033108
-0.0059963
-0.031787
-0.057224
-0.051795
0.11551
-0.082811
-0.5416
-0.66347
0.047664
0.75837
0.5358
0.014019
0.26814
0.0032935
-0.54629
-0.69589
0.23794
1.0056
0.51059
-0.19012
0.29154
0.066844
-0.53983
-0.70147
0.30454
0.9929
0.40251
-0.24789
0.17395
-0.018656
-0.64429
-0.74661
0.33249
0.98784
0.42305
-0.18706
0.058726
-0.16594
-0.77467
-0.80715
0.37866
1.0728
0.46315
-0.19716
0.024776
-0.25126
-0.81171
-0.79362
0.40261
1.0839
0.3618
-0.3346
-0.013658
-0.32287
-0.85933
-0.76135
0.35662
0.94839
0.24058
-0.39517
-0.0045577
-0.30143
-0.74499
-0.60967
0.26477
0.6818
0.1766
-0.27148
-0.72838
-0.78823
-0.49101
-0.20969
-0.060541
-0.027537
-1.3462e-05
0.074021
-0.70046
-0.95721
-0.78035
-0.49192
-0.28863
-0.19381
-0.095204
0.034121
0.064752
-0.35888
-0.60861
-0.53646
-0.38826
-0.30028
-0.18643
-0.06453
0.91895
0.56163
-0.13939
-0.37931
-0.28642
-0.17688
-0.10106
-0.050233
1.2041
1.0771
0.24909
-0.30937
-0.34616
-0.16796
-0.027643
0.025645
1.0778
1.2183
0.56882
-0.20431
-0.49575
-0.34063
-0.055521
0.081653
0.93329
1.2458
0.8688
0.051627
-0.47952
-0.46055
-0.14102
0.052283
0.65631
0.99302
0.80658
0.18055
-0.32436
-0.38101
-0.1493
0.027657
-0.039995
-0.063345
-0.062491
-0.034907
0.006727
0.029876
0.0282
0.01644
-0.059025
-0.091553
-0.085816
-0.042282
0.01258
0.048082
0.052207
0.032093
-0.067829
-0.10106
-0.091081
-0.046143
0.014163
0.063994
0.079766
0.056335
-0.064405
-0.092277
-0.083571
-0.04393
0.017498
0.078433
0.1057
0.079868
-0.059248
-0.077061
-0.064118
-0.032593
0.02666
0.091342
0.12257
0.095057
-0.063995
-0.07544
-0.062516
-0.029312
0.02821
0.096467
0.13262
0.10184
-0.063584
-0.081523
-0.074226
-0.044596
0.016174
0.088014
0.13265
0.10423
-0.045723
-0.061143
-0.060965
-0.038671
0.0074844
0.061953
0.096447
0.077635
-0.16105
-0.16681
-0.10411
-0.21306
-0.43298
-0.24081
0.35273
0.55043
-0.15606
-0.13293
-0.04012
-0.18704
-0.43646
-0.10046
0.61215
0.72234
-0.15721
-0.12625
-0.033221
-0.20357
-0.38483
0.0012871
0.54444
0.54645
-0.12745
-0.088302
-0.079294
-0.33697
-0.46213
-0.14267
0.15739
0.16293
-0.058937
-0.036875
-0.20056
-0.5816
-0.53831
-0.15256
-0.041266
-0.072987
-0.14588
-0.23613
-0.54937
-0.72853
-0.1883
0.45698
0.42849
0.17472
-0.37625
-0.67876
-0.95655
-0.59129
0.56128
1.3171
1.1236
0.61261
-0.46202
-0.73379
-0.82043
-0.16691
0.92642
1.4671
1.1367
0.55807
-0.054216
-0.10787
0.15417
0.66482
0.87088
0.27442
-0.62491
-0.82993
-0.023855
-0.043654
0.23376
0.81778
0.92318
-0.027923
-1.0483
-1.0231
0.091728
0.10266
0.3066
0.71918
0.58782
-0.41239
-1.1164
-0.7746
0.16322
0.20979
0.35778
0.51652
0.14741
-0.65157
-0.83215
-0.24475
0.09217
0.20062
0.37266
0.29149
-0.29188
-0.79095
-0.4261
0.31013
-0.071559
0.085259
0.32822
0.0717
-0.5996
-0.75672
0.063122
0.77274
-0.16024
0.024292
0.20455
-0.15363
-0.70397
-0.48187
0.58669
1.1042
-0.10905
0.023089
0.02408
-0.29066
-0.562
-0.14184
0.72047
0.97474
0.12415
0.030832
0.075206
0.28054
0.25776
-0.24999
-0.78632
-0.66589
0.016403
-0.1447
-0.057364
0.20612
0.00070231
-0.73819
-0.97435
-0.37374
-0.14609
-0.23275
-0.074751
-0.045387
-0.5709
-0.98457
-0.36223
0.56459
-0.1542
-0.041389
0.056372
-0.33594
-0.98822
-0.63669
0.74762
1.4196
-0.028845
0.10841
-0.021751
-0.64708
-0.91822
0.14188
1.441
1.4391
0.09758
0.085713
-0.27998
-0.71163
-0.3402
0.79428
1.2734
0.70237
0.11931
-0.098971
-0.46048
-0.41069
0.34622
0.99298
0.65682
-0.057003
-0.0090191
-0.28293
-0.48373
-0.087335
0.61027
0.76929
0.15022
-0.35163
-0.42178
-0.69852
-0.8679
-0.94695
-0.97012
-0.96524
-0.93401
-0.7701
0.37237
0.33618
0.17476
0.04317
-0.042273
-0.11617
-0.18347
-0.20404
0.85048
1.111
1.1436
1.114
1.1214
1.1102
1.0435
0.76908
0.019169
0.1934
0.33782
0.43932
0.55505
0.68531
0.77241
0.63065
-0.79265
-0.86853
-0.74492
-0.66262
-0.58607
-0.49853
-0.34362
-0.17167
-0.50756
-0.51551
-0.47399
-0.50845
-0.53636
-0.56419
-0.5414
-0.37048
0.10144
0.23134
0.2093
0.082758
0.058887
0.041973
-0.056703
-0.091946
0.20589
0.28806
0.2585
0.14511
0.13506
0.20923
0.16409
0.042598
-0.24619
0.23007
0.71168
0.53056
-0.11526
-0.44916
-0.24455
0.054247
-0.54988
-0.15208
0.68511
0.82365
0.058216
-0.51268
-0.41477
-0.060965
-0.72249
-0.63249
0.28024
0.92011
0.50855
-0.26469
-0.49526
-0.27237
-0.61279
-0.88174
-0.24601
0.79898
0.90975
0.12798
-0.52233
-0.52526
-0.28393
-0.81391
-0.66987
0.44747
1.0943
0.54313
-0.33811
-0.64059
0.073594
-0.53833
-0.93554
-0.16766
0.88025
0.91131
0.14969
-0.38373
0.32481
-0.16019
-0.89464
-0.75985
0.29318
0.93137
0.70047
0.20119
0.34208
0.088227
-0.55399
-0.79503
-0.18264
0.58258
0.7768
0.50619
-0.32378
0.35572
1.0039
0.73645
-0.12688
-0.50306
-0.18778
0.13377
-0.088056
0.79724
1.2106
0.5125
-0.42031
-0.59061
-0.10544
0.2486
0.54654
1.1978
0.85229
-0.19179
-0.73013
-0.4214
0.051374
0.2019
1.1411
1.2289
0.1692
-0.86087
-0.80609
-0.1919
0.13923
0.068845
1.279
0.76564
-0.55108
-1.049
-0.5365
0.029855
0.11961
-0.029324
0.78971
-0.060797
-0.93655
-0.73995
-0.076922
0.15827
0.014218
-0.12609
0.0047079
-0.75473
-0.94621
-0.34779
0.15958
0.11086
-0.13796
-0.2102
-0.3864
-0.81303
-0.65855
-0.13666
0.09274
-0.041736
-0.21478
-0.20515
-0.35766
-0.45359
-0.36459
-0.059023
0.527
1.1988
1.5244
1.2093
-0.31378
-0.32619
-0.19638
0.14229
0.7943
1.4149
1.5063
1.0438
-0.11315
-0.031832
0.08054
0.18788
0.3857
0.38473
0.022766
-0.28562
-0.043438
0.040546
0.056657
0.011225
-0.16103
-0.59973
-1.1144
-1.1216
0.11964
0.090734
-0.10226
-0.24176
-0.38778
-0.69934
-1.0364
-0.96205
0.32891
0.16446
-0.23366
-0.4323
-0.47619
-0.53792
-0.57686
-0.43194
0.35522
0.12554
-0.28808
-0.47653
-0.41417
-0.22193
0.012356
0.13832
0.19236
0.051954
-0.18646
-0.27432
-0.12857
0.15066
0.39648
0.3787
0.084666
-0.17908
-0.33574
-0.21864
-0.10878
-0.26699
-0.4344
-0.28962
0.27253
0.0066665
-0.29464
-0.28659
-0.21216
-0.35338
-0.46691
-0.32523
0.41453
0.34228
-0.033956
-0.30948
-0.40168
-0.39352
-0.29792
-0.1226
0.42254
0.67925
0.46261
-0.1485
-0.63616
-0.61899
-0.18731
0.16425
0.19255
0.70707
0.8971
0.30683
-0.61225
-0.8955
-0.33553
0.24386
-0.14504
0.44325
1.1364
1.0149
-0.10121
-0.95145
-0.76833
-0.11511
-0.36953
0.15889
1.1865
1.5562
0.69503
-0.58957
-0.99677
-0.56568
-0.2969
-0.018767
0.8255
1.3932
0.94163
-0.078022
-0.67003
-0.54829
0.57429
0.59067
0.37248
0.2866
0.44766
0.67132
0.68327
0.41627
0.73061
0.76387
0.53862
0.47862
0.61965
0.71445
0.57109
0.31232
0.63596
0.7904
0.78042
0.77377
0.72652
0.4459
0.095525
-0.074152
0.31698
0.55484
0.68095
0.66102
0.4549
0.069895
-0.25113
-0.28632
-0.22672
-0.20628
-0.17859
-0.20389
-0.29257
-0.42053
-0.45506
-0.31068
-0.65692
-0.82908
-0.84204
-0.82973
-0.8158
-0.73991
-0.60696
-0.36859
-0.55921
-0.67072
-0.60333
-0.59691
-0.65665
-0.66857
-0.62852
-0.44381
-0.19373
-0.15814
-0.071645
-0.085099
-0.23416
-0.40158
-0.4653
-0.38395
-0.014436
-0.0080353
0.00039501
0.0019298
-0.0033879
-0.010556
-0.012843
-0.0098488
-0.015303
-0.013907
-0.0086738
-0.0079233
-0.013816
-0.018738
-0.014804
-0.0076656
-0.0040956
-0.0053757
-0.010895
-0.016194
-0.017546
-0.017035
-0.011443
-0.0037789
0.011751
0.013815
0.002227
-0.0080245
-0.012355
-0.012361
-0.013449
-0.0088659
0.029208
0.037917
0.025552
0.010428
0.0034237
-0.0045075
-0.013719
-0.016451
0.03566
0.046123
0.03511
0.021957
0.014984
0.0014986
-0.015751
-0.021652
0.027341
0.031813
0.022136
0.016892
0.01478
0.0017475
-0.017139
-0.023549
0.013722
0.010837
0.0055433
0.0050732
0.0059486
-0.0028666
-0.0152
-0.018014
-0.08313
-0.16431
-0.065126
0.13739
0.2424
0.21754
0.06197
-0.058442
-0.11392
-0.20899
-0.13813
-0.037205
-0.10284
-0.21542
-0.28528
-0.22292
-0.10269
-0.23358
-0.33115
-0.47533
-0.61202
-0.56561
-0.3438
-0.097692
-0.13921
-0.31951
-0.59925
-0.78918
-0.64093
-0.18718
0.22464
0.35451
-0.27559
-0.53546
-0.75837
-0.60688
-0.029918
0.55708
0.7621
0.6012
-0.48893
-0.68629
-0.48856
0.14525
0.73253
0.86288
0.6507
0.31801
-0.54187
-0.46052
0.20958
0.97206
1.1365
0.73785
0.25804
-0.019222
-0.31656
-0.020758
0.66571
1.1197
0.93776
0.42803
0.041977
-0.11391
-0.0022657
0.0004045
0.0027921
0.0022061
0.0038785
0.0087475
0.012168
0.0089323
-0.0031254
0.0045564
0.0096782
0.005684
0.0028437
0.0098706
0.018769
0.014744
0.0016222
0.010183
0.012657
0.0082607
0.0032523
0.0082214
0.016817
0.012871
-0.00016854
0.0054155
0.0085979
0.0041054
0.00039369
0.0024398
0.006589
0.0046483
-0.0090687
-0.0043119
-0.0028578
-0.0052692
-0.0086972
-0.009729
-0.0062101
-0.0041528
-0.010673
-0.008412
-0.0079103
-0.010571
-0.013663
-0.014315
-0.0097864
-0.0049969
-0.006504
-0.0057474
-0.0074564
-0.0086088
-0.011009
-0.0095851
-0.0055148
-0.0013529
-0.0018609
-0.002767
-0.0040754
-0.005223
-0.004986
-0.0034294
-0.00075936
0.00042689
-0.055529
-0.2099
-0.56516
-0.85708
-0.54466
0.37564
1.049
0.86994
-0.058437
-0.18561
-0.53838
-0.93798
-0.72342
0.39544
1.195
0.90095
-0.015643
-0.062407
-0.3526
-0.82404
-0.75698
0.24902
1.0361
0.71671
0.0036768
0.0017383
-0.231
-0.70342
-0.73582
0.16322
0.90269
0.63262
0.040028
0.069524
-0.087035
-0.56566
-0.68291
0.097348
0.78884
0.58532
0.076473
0.1414
0.032626
-0.40293
-0.63647
-0.026827
0.63434
0.55141
0.017691
0.060019
-0.028275
-0.38166
-0.65508
-0.19212
0.48371
0.55174
-0.055119
-0.033333
-0.10973
-0.34705
-0.52069
-0.23929
0.27031
0.44693
-0.25977
-0.7098
-0.73705
0.05835
0.80732
0.63507
0.1087
-0.08108
-0.24044
-0.81397
-0.79519
0.22787
1.0053
0.63503
0.0045105
-0.11716
-0.24887
-0.79331
-0.70405
0.3203
0.86195
0.41726
-0.021061
-0.017625
-0.27609
-0.75797
-0.56691
0.3796
0.68613
0.21911
0.041076
0.16047
-0.29479
-0.69096
-0.42134
0.47286
0.6488
0.16356
0.08035
0.19303
-0.3963
-0.72007
-0.41283
0.43857
0.698
0.29533
0.13765
0.19101
-0.49233
-0.8143
-0.57957
0.19437
0.651
0.46909
0.33892
0.3036
-0.40611
-0.67677
-0.54119
0.029912
0.49605
0.50745
0.45065
0.34884
-0.061721
-0.016443
0.037509
0.17757
0.31706
0.25486
0.039067
-0.12794
0.021112
0.058314
0.039425
0.11845
0.384
0.57272
0.46621
0.16596
0.035676
0.084927
-0.055172
-0.20178
0.054658
0.53583
0.66236
0.38331
-0.068724
0.0084221
-0.10376
-0.40394
-0.3553
0.15042
0.47377
0.34626
-0.221
-0.11862
-0.094481
-0.3778
-0.55757
-0.18647
0.30139
0.33787
-0.43066
-0.35434
-0.20532
-0.41169
-0.68748
-0.26519
0.53174
0.71834
-0.58903
-0.63529
-0.47079
-0.6335
-0.84204
-0.17804
0.98816
1.2418
-0.46045
-0.59659
-0.55643
-0.6846
-0.7321
-0.053734
0.94646
1.1776
-0.20736
-0.30327
-0.31741
-0.23965
-0.023134
0.19887
0.29686
0.24582
-0.20608
-0.1434
-0.0061146
0.13975
0.38065
0.49333
0.36117
0.15622
0.12149
0.30655
0.42505
0.40276
0.31518
0.02105
-0.3572
-0.46941
0.091432
0.14284
0.094918
-0.1489
-0.53628
-0.95184
-1.1162
-0.88727
-0.4821
-0.70686
-0.81226
-0.8743
-0.84264
-0.68721
-0.41299
-0.12644
-0.7918
-0.95698
-0.79598
-0.40497
0.13648
0.73545
1.0616
0.88396
-0.29514
-0.073366
0.30972
0.5988
0.86826
1.0142
0.95196
0.64577
0.31803
0.67422
0.81005
0.6789
0.34629
-0.021351
-0.211
-0.22413
0.1014
0.12545
0.12281
0.083993
-0.041234
-0.39632
-0.75888
-0.74142
-0.067937
-0.23741
-0.35996
-0.51919
-0.66057
-0.84654
-0.86737
-0.62463
-0.50378
-0.81904
-0.95667
-0.97545
-0.80548
-0.44114
0.0093361
0.25584
-0.73405
-0.881
-0.72338
-0.33768
0.12332
0.59535
0.90876
0.8019
-0.27516
-0.074583
0.40977
0.85656
0.98941
0.87799
0.62983
0.37849
0.41046
0.78029
1.0361
0.97784
0.6818
0.20983
-0.18689
-0.25458
0.73618
0.83826
0.62824
0.31501
0.039166
-0.17535
-0.31422
-0.23675
0.48833
0.33908
0.056179
-0.1225
-0.11458
-0.040975
-0.022697
0.010685
-0.42563
-0.69915
-0.37401
0.52587
1.0112
0.49466
-0.27583
-0.4425
-0.37772
-0.88197
-0.81132
0.25737
1.1764
0.80292
-0.24257
-0.61967
-0.082678
-0.67048
-1.0445
-0.2896
0.95238
0.98204
0.022177
-0.51929
0.24518
-0.25903
-0.89751
-0.64654
0.48506
0.95984
0.34751
-0.21626
0.41573
0.13265
-0.51474
-0.78284
-0.16766
0.5569
0.5412
0.17468
0.3716
0.31357
-0.13862
-0.68631
-0.6038
0.087836
0.61449
0.50615
0.24132
0.3353
0.1058
-0.47028
-0.73366
-0.24507
0.50664
0.63716
0.089345
0.22541
0.14612
-0.25052
-0.56704
-0.34785
0.22495
0.49016
-0.011724
-0.13257
-0.43389
-0.65435
-0.2688
0.54385
0.86793
0.59804
-0.053565
-0.25634
-0.5913
-0.6884
-0.044529
0.81529
0.93049
0.50706
-0.05915
-0.2845
-0.55271
-0.42975
0.29105
0.79985
0.58824
0.12718
0.054133
-0.1657
-0.43804
-0.15811
0.51933
0.66536
0.24361
-0.13244
0.060176
-0.20024
-0.47459
-0.13057
0.46742
0.43876
-0.0096708
-0.20999
-0.15681
-0.43926
-0.53001
-0.06674
0.38865
0.19138
-0.21983
-0.27974
-0.43268
-0.61296
-0.40161
0.2203
0.52858
0.18685
-0.23871
-0.27597
-0.43939
-0.51607
-0.1585
0.42991
0.61304
0.2644
-0.11504
-0.18978
0.15348
0.19553
0.049351
-0.064134
0.032802
0.16736
0.015851
-0.24835
0.52436
0.7384
0.49005
0.095751
0.021826
0.24458
0.26636
0.080722
0.50175
0.97254
0.87927
0.29797
-0.065812
0.059984
0.21553
0.17591
-0.21756
0.41874
0.86378
0.64996
0.24972
0.093698
0.10417
0.086079
-0.99755
-0.56903
0.31459
0.8078
0.83792
0.72772
0.5108
0.28383
-1.0774
-1.0953
-0.59476
0.069893
0.58335
0.85096
0.72218
0.38369
-0.73111
-1.0064
-1.1123
-0.98666
-0.5092
-0.015986
0.12
0.030348
-0.38768
-0.67868
-0.99361
-1.1336
-0.9263
-0.59415
-0.38523
-0.25619
-0.35953
-0.18794
0.06911
-0.11542
-0.80162
-1.1801
-0.55515
0.29067
-0.27256
-0.075751
0.093637
-0.36139
-1.0915
-0.91252
0.25423
0.95634
-0.037546
0.097197
-0.035976
-0.61223
-0.79503
0.084413
1.1156
1.1703
0.13024
0.076648
-0.36084
-0.67986
-0.13002
0.85079
1.1449
0.65809
0.10059
-0.18917
-0.6386
-0.41807
0.61736
1.1431
0.66975
0.0010246
-0.10881
-0.48901
-0.5907
0.14079
1.0804
0.98609
0.11334
-0.42003
-0.30893
-0.57967
-0.2771
0.60562
1.0481
0.46919
-0.39397
-0.61479
-0.36468
-0.3755
0.08778
0.68543
0.61822
-0.024552
-0.50918
-0.48557
0.0042824
0.034071
0.18108
0.10306
-0.45871
-0.80283
-0.04733
0.82611
-0.031804
0.050602
0.29576
0.22561
-0.532
-1.0109
0.052612
1.1368
-0.05864
-0.024823
0.21634
0.2181
-0.54577
-1.0305
0.14645
1.2686
-0.15084
-0.15882
0.055128
0.07964
-0.61633
-1.0563
0.16764
1.2947
-0.15988
-0.17782
0.026058
0.033604
-0.68123
-1.0465
0.23143
1.3312
-0.085439
-0.069994
0.14192
0.089799
-0.68318
-1.0317
0.30891
1.381
0.0048058
0.061547
0.20929
0.047005
-0.74928
-0.99706
0.31448
1.3208
0.11971
0.13257
0.11312
-0.11196
-0.70032
-0.79132
0.21855
0.96623
-0.40503
-0.62922
-0.61022
-0.40319
-0.10878
0.19384
0.43841
0.47209
-0.52556
-0.76256
-0.67929
-0.44026
-0.15011
0.20894
0.55553
0.59737
-0.60995
-0.75582
-0.59576
-0.36688
-0.17817
0.12658
0.46948
0.50423
-0.68246
-0.70815
-0.4215
-0.20335
-0.11127
0.094612
0.3601
0.38305
-0.66314
-0.49936
-0.0042995
0.15284
0.068454
0.13948
0.31131
0.30844
-0.52505
-0.17629
0.37915
0.45834
0.27797
0.30093
0.41738
0.35667
-0.35918
-0.0014268
0.44969
0.47167
0.33878
0.41758
0.5242
0.42704
-0.24643
0.010495
0.2845
0.27207
0.21206
0.30717
0.37844
0.29554
1.2005
1.3328
0.49127
-0.41863
-0.56173
-0.13488
0.19877
0.20875
1.5753
1.3927
0.1768
-0.68847
-0.51531
0.03277
0.28297
0.20775
1.1988
0.67809
-0.44377
-0.76145
-0.27903
0.16207
0.1192
-0.05346
0.55036
-0.12747
-0.75975
-0.61677
-0.11355
0.024866
-0.20811
-0.34996
-0.084678
-0.5549
-0.61036
-0.2684
-0.061898
-0.20771
-0.3447
-0.25295
-0.46585
-0.72337
-0.41122
-0.037645
-0.026325
-0.1385
0.054817
0.30822
-0.70993
-0.83616
-0.4193
-0.04069
0.0091716
0.18792
0.61205
0.75774
-0.63429
-0.65191
-0.29844
-0.019172
0.025158
0.33366
0.6918
0.67433
-0.015411
-0.019547
-0.015889
-0.0099294
-0.010409
-0.013377
-0.013485
-0.010455
-0.011756
-0.020414
-0.022639
-0.022117
-0.020116
-0.016937
-0.013816
-0.0091812
0.0024151
-0.0063421
-0.017157
-0.023515
-0.021826
-0.012452
-0.0037954
0.00033909
0.01272
0.011606
0.00030608
-0.010366
-0.013047
-0.0077222
-0.0005204
0.0029216
0.023169
0.028702
0.020114
0.0047465
-0.0021395
-0.0035981
-0.0044317
-0.005983
0.030105
0.039243
0.029643
0.017577
0.013007
0.0053881
-0.0073007
-0.01402
0.029022
0.036224
0.025939
0.01952
0.016683
0.0065855
-0.010941
-0.017579
0.017406
0.018037
0.0093787
0.0069312
0.0062923
0.00049284
-0.0088879
-0.012118
0.35078
0.50243
0.38696
0.20271
0.13893
0.068076
-0.16381
-0.34361
0.59793
0.70855
0.4635
0.21107
0.14364
0.072178
-0.21294
-0.39781
0.67954
0.75247
0.49375
0.23953
0.12308
0.023639
-0.23226
-0.35942
0.64967
0.79741
0.65281
0.36169
0.081503
-0.13874
-0.3725
-0.4067
0.4955
0.76655
0.74337
0.37716
-0.092095
-0.3996
-0.56519
-0.49301
0.22393
0.43575
0.41293
0.021689
-0.44843
-0.64627
-0.63251
-0.43117
-0.03407
-0.050193
-0.15729
-0.46371
-0.73009
-0.70561
-0.5032
-0.21846
-0.11449
-0.26019
-0.40263
-0.56263
-0.65019
-0.49921
-0.24276
-0.056637
0.2717
0.241
0.0052561
-0.15486
-0.077322
-0.021028
-0.2184
-0.28056
0.1991
0.15173
-0.063907
-0.14536
-0.060435
-0.15221
-0.53042
-0.59845
-0.038548
-0.036523
-0.010548
0.023371
-0.047502
-0.3611
-0.79064
-0.68758
-0.0089017
0.022624
0.10663
0.056453
-0.25657
-0.66302
-0.79144
-0.36547
0.34497
0.31302
0.091031
-0.26979
-0.67505
-0.7236
-0.21416
0.382
0.51071
0.37819
-0.15814
-0.73389
-0.83947
-0.17004
0.82571
1.1278
0.36129
0.087937
-0.5415
-0.93787
-0.45197
0.76042
1.5996
1.3803
0.10792
-0.15033
-0.58887
-0.65075
0.093075
1.1201
1.4462
0.9577
-0.05745
0.033779
0.20216
0.37693
0.37395
0.24573
0.13497
0.074044
-0.14645
-0.017641
0.22868
0.41484
0.31635
0.12876
0.016242
0.014837
-0.30088
-0.11183
0.30776
0.55413
0.28952
-0.039504
-0.088798
-0.016967
-0.53603
-0.3074
0.40894
0.79373
0.36223
-0.17658
-0.20123
-0.019771
-0.75653
-0.6967
0.32154
1.0325
0.47598
-0.29432
-0.34301
-0.092582
-0.97265
-1.1399
0.058454
1.1908
0.73379
-0.22737
-0.43626
-0.20632
-1.0896
-1.4732
-0.36794
1.1138
1.0785
0.15972
-0.29925
-0.24889
-0.92325
-1.3072
-0.55353
0.73114
0.99908
0.39965
-0.10159
-0.18179
0.29192
0.14724
-0.43769
-0.93392
-0.73172
-0.026302
0.42811
0.37078
0.38628
-0.022563
-0.81875
-1.078
-0.38268
0.46173
0.63393
0.30351
0.1875
-0.4308
-1.0469
-0.62983
0.42735
0.8451
0.49718
0.068084
-0.24341
-0.904
-0.93336
0.078407
0.91019
0.71172
0.13496
-0.15386
-0.77622
-1.1041
-0.43547
0.62731
0.80929
0.27554
-0.12057
-0.13142
-0.96171
-0.72121
0.32854
0.86162
0.41008
-0.075898
-0.082175
0.072149
-0.70865
0.018004
0.96781
0.82487
0.062055
-0.20895
0.025149
0.21746
-0.31575
0.47771
0.9997
0.53589
-0.090613
-0.15325
0.070101
0.18056
0.2162
0.60358
0.65126
0.20395
-0.30198
-0.46673
-0.34576
-0.14674
0.22078
0.66123
0.75271
0.21532
-0.40292
-0.56133
-0.37457
-0.15056
0.1261
0.49841
0.63084
0.19405
-0.40173
-0.55506
-0.43298
-0.23982
0.10302
0.4156
0.58052
0.21203
-0.34145
-0.54318
-0.54703
-0.39286
0.20516
0.53948
0.6535
0.23012
-0.3227
-0.54146
-0.58335
-0.44074
0.3534
0.70466
0.70163
0.15984
-0.41639
-0.56718
-0.53127
-0.34723
0.475
0.76208
0.62195
0.026612
-0.51572
-0.58906
-0.44823
-0.20193
0.44891
0.61823
0.44136
-0.031063
-0.43094
-0.48948
-0.33629
-0.12118
-0.0021079
-0.0022155
-0.0025669
-0.0014664
-0.0019076
-0.0079549
-0.011245
-0.0079797
-0.0043617
-0.00065618
0.0026275
0.0015382
0.00058823
-0.0044894
-0.0075003
-0.0047555
-0.0037953
0.0035953
0.0090113
0.0093974
0.0051828
0.0030349
0.0012106
0.00066969
-3.949e-05
0.0052515
0.011322
0.012176
0.0080045
0.0051893
0.0062979
0.0041995
0.0027576
0.0048659
0.0064048
0.005769
-0.0005722
-0.0010853
0.0034493
0.006079
0.0024236
0.002412
0.00071008
-0.0032319
-0.010757
-0.0085571
0.00095626
0.0046345
0.0039875
0.0022144
-0.0013414
-0.00849
-0.013544
-0.0096452
0.00045082
0.0027507
0.004847
0.0025261
-0.0020758
-0.0088822
-0.012065
-0.0061357
0.0019744
0.0027866
0.0069675
0.021391
0.02892
0.030518
0.020501
0.005253
-0.0066385
-0.009071
0.0073725
0.025362
0.033307
0.03365
0.022818
0.0034172
-0.011587
-0.014348
0.0055715
0.017593
0.022401
0.022341
0.015951
0.0012988
-0.014736
-0.015422
0.004232
0.010409
0.012908
0.011489
0.0088497
-0.0028462
-0.016173
-0.015078
-0.0067425
-0.003648
0.0069314
0.01233
0.0055908
-0.0089465
-0.015663
-0.010846
-0.026598
-0.023509
0.0026204
0.019631
0.0089445
-0.0099932
-0.014355
-0.0070797
-0.047878
-0.041762
-0.0015146
0.023534
0.011488
-0.012081
-0.017757
-0.0087544
-0.04653
-0.038671
-0.00082709
0.019
0.0080321
-0.011615
-0.014848
-0.0083672
1.0811
0.42901
-0.53421
-0.60665
-0.22634
-0.089018
-0.18762
-0.1945
1.4523
0.59749
-0.74273
-0.79771
-0.20097
0.0028113
-0.19942
-0.24328
1.5376
0.68228
-0.72736
-0.76225
-0.15715
-0.01489
-0.24629
-0.27433
1.4698
0.78332
-0.55092
-0.68937
-0.24977
-0.14704
-0.28179
-0.2615
1.3293
0.76642
-0.39741
-0.64208
-0.34296
-0.21603
-0.27764
-0.22629
1.0551
0.65527
-0.2363
-0.48383
-0.26616
-0.18896
-0.28573
-0.26308
0.67193
0.46769
-0.065925
-0.23033
-0.092922
-0.084505
-0.28293
-0.3271
0.34515
0.25497
0.0016036
-0.059837
0.0031967
-0.052543
-0.23853
-0.31465
-0.074934
-0.057872
-0.15698
-0.41909
-0.5462
-0.37723
-0.056107
0.11233
-0.23997
-0.2225
-0.2633
-0.47862
-0.57728
-0.334
0.068368
0.21103
-0.33627
-0.35537
-0.3167
-0.35665
-0.28803
0.047572
0.38336
0.3607
-0.34813
-0.47124
-0.42576
-0.27362
0.095473
0.57409
0.69913
0.45044
-0.27802
-0.55917
-0.64326
-0.4649
0.18802
0.88268
0.93581
0.52065
0.16227
-0.17135
-0.65992
-0.80511
-0.21337
0.7043
0.97337
0.58884
0.85934
0.64892
-0.25824
-0.94272
-0.72466
0.18932
0.76654
0.59203
0.98675
0.9339
0.12148
-0.68339
-0.78074
-0.1865
0.39417
0.45704
0.36569
0.14091
-0.3724
-0.49733
0.079717
0.6251
0.50658
-0.001615
0.29064
-0.095084
-0.55497
-0.31021
0.50295
0.82496
0.24538
-0.41079
-0.077623
-0.41769
-0.3699
0.32582
0.84711
0.51376
-0.36585
-0.76779
-0.54693
-0.55713
0.17572
0.97327
0.82617
-0.126
-0.88078
-0.7275
-0.6737
-0.19772
0.81614
1.1466
0.32227
-0.72927
-0.91214
-0.35197
-0.30882
0.44333
1.1207
0.71864
-0.42971
-0.98669
-0.52224
0.087846
0.12789
0.75728
0.79666
-0.061189
-0.93886
-0.85067
-0.044687
0.41193
0.2703
0.56551
0.22343
-0.54547
-0.88651
-0.45963
0.20476
0.37087
-0.061921
0.065079
0.18404
0.050588
-0.06766
0.050377
0.18966
0.22517
-0.34026
-0.18968
0.10874
0.085118
-0.055903
-0.016738
0.12648
0.17091
-0.56924
-0.52633
-0.16441
0.020754
0.047011
0.035353
0.045775
0.058082
-0.67084
-0.87394
-0.72287
-0.38173
-0.053063
0.10136
0.11524
0.070647
-0.3185
-0.71416
-1.0118
-0.9508
-0.58143
-0.19985
0.02654
0.098231
0.72444
0.5392
-0.12227
-0.69161
-0.79157
-0.6133
-0.38142
-0.17247
1.4399
1.7245
1.2958
0.52717
-0.13737
-0.54707
-0.67941
-0.52422
0.98892
1.4445
1.4382
1.0536
0.47216
-0.10375
-0.45381
-0.43836
-0.85861
-0.78404
-0.0075458
0.6811
0.6036
0.047998
-0.27452
-0.24363
-1.1638
-0.70566
0.53184
1.1354
0.61776
-0.17656
-0.34541
-0.13809
-1.0063
-0.076002
1.0867
1.075
0.14095
-0.44561
-0.23654
0.064662
-0.36619
0.70775
1.1986
0.49303
-0.451
-0.53823
-0.079905
0.10256
0.48625
1.1943
0.82929
-0.22638
-0.7116
-0.43669
-0.14692
-0.14101
0.99199
1.1258
0.19292
-0.60087
-0.50553
-0.17543
-0.23177
-0.3851
0.96932
0.59546
-0.36328
-0.6478
-0.22058
-0.061056
-0.36719
-0.51971
0.55579
0.036084
-0.59775
-0.50807
-0.083859
-0.088395
-0.40555
-0.4377
-4.9005
-4.8128
-4.9025
-4.7914
-4.5126
-5.01
-4.971
-4.8513
-4.9848
-5.1137
-4.5182
-4.52
-5.1055
-4.9904
-5.0167
-5.0538
-4.8918
-4.8919
-4.9161
-4.5177
-4.9445
-4.7668
-4.9448
-5.0571
-5.0182
-4.7971
-5.0841
-5.146
-4.9038
-5.004
-4.5149
-4.7851
-5.1223
-4.8775
-4.5342
-4.9702
-4.9255
-4.5864
-4.9105
-5.0178
-4.9496
-4.8022
-4.8747
-5.0189
-4.7646
-5.0309
-5.1166
-4.542
-4.8927
-4.5264
-5.1165
-5.0675
-4.882
-4.8037
-4.9514
-4.9333
-4.8199
-5.1377
-5.0325
-4.9294
-4.9326
-4.8552
-4.5335
-4.9264
-4.8989
-4.996
-5.1111
-4.8809
-4.5153
-4.5311
-4.9735
-5.0045
-4.8626
-4.9223
-5.0019
0.0074977
0.00607
0.0099717
0.010393
0.0038531
-0.0013743
-0.0024889
0.001058
0.0060803
0.0032527
0.0041787
0.0022306
-0.0036179
-0.0069559
-0.0064051
-0.003355
0.010186
0.0049886
0.0028982
-0.00077636
-0.0052685
-0.0060253
-0.0051752
-0.0046217
0.013149
0.0032132
0.00030541
0.00058699
-0.00092225
-0.0016232
-0.004943
-0.0069285
0.013489
0.0033966
0.0028784
0.0045765
0.0021372
-0.0027789
-0.0079839
-0.010536
0.014147
0.0043708
0.0011787
0.0014826
-0.00076772
-0.0061471
-0.012277
-0.012186
0.015337
0.0058625
-0.0018817
-0.0017081
-0.00017844
-0.0062835
-0.013019
-0.013396
0.015436
0.0099716
0.0056624
0.00399
0.0054514
-0.00032955
-0.0084339
-0.0099298
