-0.0035194
-0.00074411
-0.00094049
0.012913
-0.00016464
0.26942
-0.0023093
-0.6248
-0.79751
-0.2355
0.0017655
0.96055
1.0265
0.33139
0.14746
0.62486
1.5557
0.0024355
-0.042699
-0.001952
0.0062094
-0.046306
-0.4814
-0.56156
-0.022352
0.78492
0.0067879
0.0034221
-0.39475
-0.00092883
-0.0086245
0.045589
0.0031459
0.0096083
-0.74827
-0.00021249
-4.1807e-05
0.00022168
0.0013691
-6.3128e-05
-0.14503
0.0013886
0.0068539
0.0015996
0.033538
0.61799
0.004772
0.0013863
0.0040033
0.0014923
0.0036496
-0.32726
-0.0031765
0.0002358
-0.0095979
-0.0056721
-0.12366
0.47845
0.028247
-0.0036207
-0.0020427
0.0050674
-1.0249
-0.36876
0.033157
0.028621
0.63378
0.00063884
-0.0036149
-0.0098927
0.51577
0.0016627
-0.0013173
-0.82573
0.0021652
0.010696
0.0057327
-0.5462
-0.001338
-0.00286
-0.081892
0.00030034
-0.00070909
0.0035494
0.0049922
0.010517
0.0019487
0.012237
0.0027935
-0.50552
-0.33234
-0.00095986
-0.77765
-0.0075922
-0.83493
0.0016214
-0.0023718
0.0025557
-0.00090711
0.0055119
0.0037858
-0.00064743
-0.021755
0.0046732
-0.43262
0.73578
0.025406
0.0022378
-0.0004841
-0.69919
0.080933
0.56021
-0.0018326
0.81927
0.002358
-0.003551
-0.00077122
-0.00021516
0.0062523
0.00047442
-0.1737
0.003003
-0.33856
-0.1606
0.54656
-0.0016607
0.8314
0.91277
0.56552
0.14871
1.1346
1.8072
0.0014077
-0.055314
-0.0054881
0.001984
-0.079156
-0.89066
-0.22794
-0.016255
0.82773
0.0051516
0.0032645
-0.39645
-0.0036796
-0.0076034
0.046805
0.0015005
0.0064298
-1.0045
0.00044727
0.0010358
-7.7571e-05
0.0030531
-0.0016295
-0.12844
-0.0008064
0.0051087
7.1327e-05
0.027337
0.44263
0.0014859
-0.00045776
0.0030008
-0.0001286
0.0029164
-0.53142
0.00033284
0.0040325
-0.0078865
-0.0061189
-0.35748
0.51874
0.026668
0.0013752
-0.0012495
0.00010896
-1.4155
-0.61438
0.042459
0.039796
0.67883
0.0029499
-0.003547
-0.0084048
0.45498
0.0017409
-0.002171
0.13433
0.00099701
0.00060918
0.005818
-0.76293
0.26594
-0.0038242
-0.083126
-0.00027566
0.00075982
0.0018912
0.0023061
0.0055995
0.0021745
0.012042
0.0017652
-0.73003
0.14979
0.00089339
-0.96757
-0.015782
-0.82824
0.0055842
0.0016425
0.0029735
0.0024471
0.0025308
0.0020627
-0.0050383
-0.015908
4.4738e-05
-0.88028
1.1763
0.020684
0.00047553
-0.0020335
-1.0491
0.1143
0.71571
-0.0013911
0.87973
0.0039756
0.00080123
0.0018589
0.0023181
-0.00057351
0.0010153
-0.44769
0.0068173
0.39974
0.67432
1.097
-0.005456
0.034291
0.11772
0.47565
0.050156
1.0679
1.2851
0.00030797
-0.038531
-0.0084612
-0.004013
-0.075683
-0.79897
0.90676
0.0016479
0.6146
0.0022497
0.0031167
-0.18397
-0.0087188
-0.0053385
0.01774
0.00027827
0.0006048
-1.1868
0.0007475
0.0018811
0.00085759
0.0027428
0.00080498
-0.14609
-0.0043508
-0.0010693
-0.0073362
0.0086022
-0.62583
-0.0032906
-0.0061601
0.0013622
0.0016841
0.0014348
-0.86813
0.005387
0.0070318
0.00079654
-0.0034757
-0.4022
0.059683
0.012272
0.0074609
0.00063663
-0.00558
-0.75397
-0.85838
0.022085
0.025606
0.41953
0.0074576
-0.0016202
0.0024938
-0.39564
0.0014758
-0.0015191
0.97974
0.0017381
-0.0034671
0.0040625
-0.47378
0.57047
-0.0036242
-0.021515
-0.00076541
0.0023013
0.0009306
-0.0015313
-0.0010869
0.0024869
0.0069137
-0.0025141
-0.79101
0.84631
0.00459
-1.0287
-0.014155
-0.35073
0.005536
0.0060649
0.00088801
0.0053877
-0.00063087
0.0025913
-0.0083743
-0.00086708
-0.0049668
-1.0658
1.571
0.0073429
-1.1105e-05
-0.00021648
-0.47227
0.09068
0.44517
0.00085866
-0.072685
0.0024784
0.0050732
0.0027118
0.0058779
0.0076093
0.0013467
-0.32853
0.0055074
1.0358
0.48784
1.0792
-0.0037721
-0.57732
-0.58276
0.24866
-0.070481
0.54755
0.64551
-0.0015255
-0.0096608
-0.0068669
-0.0028133
-0.05171
-0.24958
1.5503
0.012085
-0.066289
0.00041196
0.0032625
0.2294
-0.0056216
-0.0020752
-0.012196
0.00052172
-0.0013473
-1.4227
0.0010462
0.001522
0.002063
0.00033282
0.0047925
0.67315
-0.0042122
-0.0053962
-0.013858
-0.002262
-0.8902
-0.0030557
-0.0078433
-0.00082465
0.0037607
0.0012017
-0.59938
0.0057865
0.0034743
0.006979
-0.0023666
-0.25972
-0.6906
0.0050678
0.0072372
0.001134
-0.0020374
0.48462
-0.86337
-0.015127
0.0011248
-0.2225
0.0070874
0.002024
0.0073839
-0.79753
0.0011397
-0.0011322
0.67425
0.0030869
-0.00029625
0.0027478
0.25263
0.20694
-0.0002142
0.033838
-0.0015907
0.0010657
0.0033604
-0.0015216
-0.003019
0.00099924
-0.0024545
-0.0039249
-0.57295
0.75808
0.0047288
-0.55983
-0.0067431
-0.0052817
0.0012705
0.0044759
0.00032625
0.0028646
-0.0015323
0.003782
-0.011733
0.0094915
-0.00010935
-0.9239
1.9479
-0.0050725
0.0010701
0.0039513
0.81163
0.035075
-0.11123
0.001715
-0.8843
0.00073497
0.0060535
0.0011085
0.0041283
0.019632
0.00096395
-0.079612
0.0035114
0.96478
-0.48148
0.85808
0.0013003
-0.62583
-0.65823
-0.10009
-0.13786
-0.0035573
-0.087724
-0.0044033
0.020311
-0.00085203
0.0016581
-0.023564
0.073612
1.0002
0.0128
-0.89841
-0.0012096
0.0034569
0.51934
0.0068613
0.0046832
-0.031007
0.0013343
-0.00097276
-1.557
0.0012447
0.0015083
0.0026056
0.00016238
0.0027992
1.8591
0.0021633
-0.0032246
-0.011425
-0.0077826
-0.026721
-0.00055724
-0.0010997
-0.0005711
0.0029269
0.0010098
0.25052
0.0031899
-0.0089786
0.0092456
0.00091477
-0.048201
-1.017
0.013257
0.0026066
0.0013586
0.0054206
1.026
-0.010144
-0.03972
-0.021408
-0.7922
-0.00046915
0.0036093
-0.00062066
0.44118
0.00015681
-0.0020168
0.052126
0.0021104
0.0016916
0.002664
0.71747
-0.92441
0.0076844
0.031473
-0.00056374
0.00011478
0.0039197
-0.0019207
-0.0028019
-0.00088006
-0.0095399
-0.0012638
-0.56308
0.013915
0.0011353
0.34047
-0.0033289
-0.1666
-0.0020591
-0.00080529
0.0014762
-0.0007373
-0.0011159
9.8208e-05
-0.012058
0.015366
0.006875
-0.76286
1.8713
-0.019843
0.0016359
0.0058795
1.1031
-0.032255
-0.59589
-0.00027653
-0.61496
-0.00016712
0.0050095
0.00067194
-0.00016477
0.020009
-0.00020544
0.092219
0.0027458
0.2898
-0.82578
0.50793
0.0027758
-0.43584
-0.33487
-0.33408
-0.11256
-0.16968
-0.47513
-0.0044313
0.027592
0.0026122
0.0028847
-0.00086233
0.0037122
0.22965
0.0074126
-0.97261
-0.0016637
0.0032119
0.44551
0.011452
0.0082001
-0.030707
0.0014491
-0.00031229
-1.2673
0.0005855
0.00074835
0.0029428
0.0015271
-0.0019476
1.9223
0.0066586
0.00087309
-0.005522
-0.0076159
0.46334
0.00064058
0.0063766
0.0015307
0.00079367
0.00053341
0.57108
0.00074063
-0.010652
0.0092615
0.0049951
0.12188
-0.77373
0.02198
-0.00073172
0.001092
0.0074783
0.55265
0.72898
-0.030279
-0.029963
-0.60127
-0.0049112
0.0029358
-0.0082654
1.3371
-0.00027657
-0.0016166
-0.18222
0.0016199
0.0069847
0.0022141
0.54272
-1.3463
0.010335
0.0050282
0.0013484
0.00074119
0.0020218
-0.0021652
-0.0024874
-0.0014732
-0.0063436
0.00090923
-0.54456
-0.37062
-0.0019246
0.65468
-0.0015371
-0.23636
-0.0012504
-0.0028857
0.0020975
-0.00074102
-0.00047268
-0.0023699
-0.0073296
0.013644
0.006477
-0.65195
1.3834
-0.023424
0.0012575
0.0053217
0.5425
-0.06272
-0.64872
-0.0018165
0.051621
-0.00097408
-0.0028257
-0.00049819
-0.0011205
0.00704
0.0020946
0.57763
-0.0028684
-0.68294
-0.90216
-0.66054
0.0070646
1.1552
1.3734
0.40307
0.17337
1.042
1.1787
0.0022107
-0.050786
-0.00085898
0.0076914
-0.040682
-0.26356
-0.43458
-0.021936
0.46244
0.0046091
0.00411
-0.36032
0.0060141
-0.0040621
0.053468
0.0033688
0.0086571
-0.78755
9.4359e-06
-0.0002556
-0.0014922
0.0018998
-0.00071607
0.65947
0.003935
0.0068515
-0.0010073
0.026681
0.68794
0.009605
0.0035629
0.0019076
0.0025697
0.0023213
-0.89345
-0.0052263
0.0036488
-0.0092947
-0.0018021
-0.18846
0.21906
0.023282
-0.0055789
-0.0033324
0.0083714
-1.1872
-0.49436
0.044829
0.044226
1.1328
-0.0034219
-0.0016836
-0.0030032
0.47679
0.0015451
0.00082929
-1.2105
0.0016447
0.0032306
0.0038082
-0.62466
-0.14452
0.0022232
-0.089026
-0.0009797
0.0011821
0.0025276
0.0044463
0.00858
0.0014048
0.0054609
0.0047344
0.62814
-0.58307
-0.002554
-0.55589
0.00044739
-1.0857
-0.0012371
-0.0066599
0.0025947
-0.0021582
0.0044463
0.0038937
-0.0015029
-0.020885
0.010578
0.40258
-0.175
0.028246
0.0029585
-0.0010525
-0.55751
0.10741
0.71355
-0.003186
0.71814
0.00012365
-0.0018682
0.00012454
-3.8365e-05
-0.0037506
0.0038768
-0.28053
0.003539
-0.069921
0.10701
-0.0062679
0.0014809
1.443
1.0947
0.52054
0.17082
1.3215
1.5321
1.1071e-05
-0.059937
-0.0033483
0.0017713
-0.068341
-0.8473
0.24736
-0.011602
0.56703
0.0016269
0.0029753
-0.36598
0.00079386
-0.0036438
0.052531
0.0014093
0.0048126
-1.0107
0.00083162
0.0010773
-0.0014031
0.0038559
-0.0020804
0.62511
0.0021431
0.004176
-0.0037253
0.015686
0.053215
0.0055126
0.0012575
6.9563e-05
0.0010355
0.0014404
-1.0663
-0.001204
0.014905
-0.0049224
-0.00094101
-0.47458
-0.10216
0.015831
0.00055667
-0.0016361
0.0010126
-1.4022
-0.69556
0.059986
0.053957
0.88929
-0.00032396
-0.0030013
0.0084714
0.39318
0.00050915
0.0010933
0.0086461
0.00061726
-0.01234
0.0026137
-0.82283
0.060878
0.0030789
-0.089062
-0.0011707
0.00339
0.0014903
-0.00028416
0.0021251
0.0020249
0.0029812
0.002567
1.0404
-0.12419
-0.00011523
-0.55751
-0.0024712
-1.1131
0.002469
-0.0029582
0.0027708
0.0022117
0.0016116
0.0021673
-0.0046343
-0.011936
0.0030596
0.091943
-0.42336
0.01875
0.00023241
-0.0029483
-1.1791
0.13775
0.82082
-0.0027162
1.2456
0.0010864
0.0020889
0.0017935
0.0030975
-0.009568
0.0029741
-0.94443
0.0072809
0.93999
1.0273
0.83782
-0.0050287
0.71297
-0.036944
0.36711
0.045421
0.89753
1.39
0.00036663
-0.041277
-0.007295
-0.0055147
-0.086835
-1.157
1.2494
0.0047986
0.39764
-0.00041474
0.0012014
-0.091593
-0.0095067
-0.004493
0.017562
-0.00012356
-0.00017461
-0.88479
0.00092441
0.0011477
-0.00014513
0.0028417
0.00083766
0.099329
-0.0027777
-0.00056219
-0.0092654
-0.0028196
-1.0021
-0.0014026
-0.0050347
-0.0015387
0.0017048
0.00040409
-0.9623
0.0044492
0.020191
0.0039973
6.7919e-05
-0.53739
-0.81001
0.0011649
0.0068271
0.00075566
-0.0085901
-0.38045
-0.9134
0.032313
0.024815
0.10152
0.0070408
-0.0025984
0.017321
-0.60564
0.00046356
0.0012946
0.9836
0.00101
-0.0163
0.00080392
-0.38017
0.7493
-0.0011303
-0.020864
-0.00095525
0.0045443
0.0010654
-0.0023991
-0.0034888
0.0025726
0.00097956
-0.0017022
1.1952
0.91464
0.0041771
-0.66776
-0.0027459
-0.71991
0.0036257
0.0028133
0.00096827
0.0044824
-0.00076315
0.0028913
-0.0061424
0.0024183
-0.0072113
-0.54854
-0.3023
0.0011403
-0.00074688
-0.0016194
-0.67529
0.10013
0.46168
0.00011715
0.30789
6.2216e-05
0.0029602
0.00081997
0.0053541
0.0031316
-0.00038324
-0.70982
0.0035242
1.3899
0.43299
1.2141
-0.0048661
-0.35386
-0.77858
0.14181
-0.10103
0.10391
0.90674
0.0009924
-0.0090403
-0.0058443
-0.0032096
-0.088038
-0.76365
1.1214
0.010692
-0.32452
0.00058015
0.00026261
0.29994
-0.0085049
-0.0037138
-0.016586
0.00024697
-0.00074948
-0.6369
0.0011448
0.00056245
0.0022542
-0.00097926
0.005268
0.36888
-0.0052008
-0.0028584
-0.0081612
-0.0074121
-0.60016
-0.0039456
-0.0081628
-0.0006343
0.0028427
0.00051538
-0.12327
0.0036303
0.010066
0.0055078
-0.00050867
-0.40378
-1.2872
-0.00059637
0.0060553
0.0016937
-0.0066624
0.9098
-0.80788
-0.018525
-0.014092
-0.80326
0.0078121
-0.0010456
0.0092716
-1.1299
0.00096743
-8.1495e-05
0.42185
0.0013781
-0.011785
0.000926
0.44246
0.68501
-0.0043983
0.035808
-0.0006838
0.001114
0.0035185
0.0002296
-0.0015893
0.0018958
0.000775
-0.0028321
1.2097
1.1129
0.0044988
-0.27538
-0.0038075
-0.49298
7.3312e-05
0.0032503
0.00056147
0.0014934
-0.00025582
0.0033266
-0.0050864
0.0091516
-0.0051741
-1.1104
0.17537
-0.0054526
0.00041241
0.00046083
0.8174
0.032191
-0.14427
0.0012168
-1.0692
0.0013913
0.00091798
-0.0013531
0.0023656
0.017806
-0.0017946
-0.13587
6.8487e-05
0.77285
-0.84509
1.4123
0.00077769
-0.73915
-0.73572
-0.0087865
-0.17225
-0.41629
0.13558
-0.00014231
0.024321
0.0012761
0.0019329
-0.062737
-0.29479
-0.1786
0.0084482
-1.1954
0.0010222
0.00036879
0.57916
0.0050353
0.0047329
-0.038136
0.0010077
-0.00055789
-0.41998
0.00093665
0.0011279
0.00358
-0.0024041
0.0026283
1.3042
-0.0012243
-0.0016401
-0.0014141
-0.0066565
0.71108
-0.0044724
-0.001282
0.00042339
0.00082942
0.0012145
0.84153
0.00031904
-0.014625
0.0035052
0.0020509
-0.13811
-1.1492
0.01509
0.0014489
0.002433
0.001686
1.127
0.3968
-0.049529
-0.040662
-0.95315
0.000281
-0.00047278
-0.012687
0.46889
0.0010187
-0.0021
-0.25435
-7.5948e-05
-0.0070884
0.0026373
0.8021
-0.78544
-0.0015622
0.026018
0.00087893
-0.00065158
0.0048775
-0.00016098
0.0016368
0.00032803
-0.0011406
-0.0011395
0.82934
0.21399
0.00061236
0.61674
-0.0073468
-0.64162
-0.0028446
-0.0015243
0.0022405
-0.002472
-0.00051313
-0.00074044
-0.0038313
0.013437
0.0022771
-1.4954
0.50683
-0.012635
0.001335
0.0022454
1.3331
-0.040248
-0.64786
-0.0004281
-0.96717
0.0039982
0.00024494
-0.00037095
-0.001258
0.018205
-0.0018259
0.2164
-0.00010701
-0.18821
-1.0277
1.1295
0.0038336
-0.53412
-0.40489
-0.17611
-0.13368
-0.47474
-0.28115
0.00051923
0.032726
0.0043504
0.0019764
-0.01992
-0.09857
-0.85382
0.0047208
-1.2298
0.0014062
0.0019687
0.54786
0.011411
0.010365
-0.035914
0.0010086
0.00013966
-0.1854
0.00041099
0.00047504
0.0033156
-0.00010929
-0.0016535
1.5819
0.0034917
0.00028313
0.0019258
-0.0037714
0.87425
-0.0034904
0.0061328
0.0024853
-2.3356e-05
0.0019529
0.80962
-0.00031945
-0.022489
0.0031378
0.0056265
0.083263
-0.58369
0.025641
-0.00066852
0.0023907
0.0041158
0.44734
1.0931
-0.040794
-0.041157
-0.35702
-0.0039269
-0.0011974
-0.02407
1.7023
0.00064357
-0.0023679
-0.29898
-0.00060652
0.0013701
0.0031475
0.48356
-1.5692
0.001821
-0.0056153
0.0021015
0.001652
0.0034372
-0.0014962
0.0024306
-0.0003396
-0.00052554
-0.00014462
0.28454
-0.43194
-0.00096153
0.84098
-0.0063668
-0.63012
-0.0022089
-0.0030945
0.0024824
-0.0016365
-0.00083974
-0.0026176
-0.0013141
0.013216
0.0030638
-1.3685
0.52105
-0.016877
0.0013396
0.0029736
0.6642
-0.06951
-0.73756
-0.00087498
-0.095722
0.0033957
0.0021575
6.8026e-05
-0.0041402
-0.0047818
0.0028502
1.0159
-0.00075854
-0.57672
-0.43067
-0.9366
0.012775
0.36403
1.3704
0.25833
0.14547
1.1667
-0.56503
0.0023578
-0.040269
0.0040701
0.0038258
0.020211
0.68362
0.10906
-0.011339
-0.21358
4.4972e-05
0.0020935
-0.66718
0.01282
0.0044466
0.044916
0.00033628
0.0031405
-0.1975
0.00067192
0.0015229
-0.0021721
0.001066
0.00033053
1.0227
0.0049475
0.0014714
-0.0078172
0.002807
0.012586
0.0063675
0.0057825
-0.00048741
0.0029982
0.00022659
-1.0487
-0.0027886
0.012393
-0.00012125
0.009583
-0.31935
-0.62818
-0.0011588
-0.0056649
0.00058196
0.0084973
-1.0255
-0.37274
0.045728
0.05098
1.0191
-0.0084416
0.0020845
0.0032827
0.17221
0.0026222
0.00052031
-1.4329
-9.5147e-05
-0.012387
-0.0015082
-0.56395
-0.19135
0.0088007
-0.058139
-0.0015419
0.0039559
-0.0024103
-0.00091709
0.0038216
-0.00011628
-0.0084457
0.0044406
1.0509
-0.92446
-0.0028548
0.85307
0.008879
-0.72576
-0.0048439
-0.0055304
0.0030375
-0.0043068
-0.0019456
-9.3097e-05
0.0045865
-0.013285
0.0092239
1.2098
-0.82911
0.022185
0.0007649
-0.0021106
-0.12196
0.10466
0.67603
-0.0030398
0.18524
-0.00091976
0.0030484
0.00057245
-0.0032626
-0.017825
0.0047044
-0.1448
0.0029355
0.28155
0.70836
-0.85448
0.010136
1.1043
1.0052
0.49468
0.13397
1.0526
-0.44244
0.00066165
-0.038267
0.0052808
-0.00094341
0.015469
0.26403
0.63458
-0.0040681
-0.21227
-0.0026744
0.00027108
-0.89204
0.010524
0.0055639
0.035928
-0.001176
0.00046275
0.014595
0.0014693
0.0021074
-0.0029179
0.00223
-0.00052724
0.87031
0.0046598
-0.0008591
-0.010593
-0.010436
-0.79025
0.0030986
0.004322
-0.0033001
0.0017012
3.9756e-05
-0.87839
-0.00094251
0.024085
0.0035935
0.011823
-0.52156
-1.1167
-0.015198
-0.00174
0.0023865
0.0032484
-0.81436
-0.46972
0.059951
0.054978
0.37829
-0.0068563
0.0017792
0.012887
0.13131
0.0016552
0.0013517
-0.209
-0.0016368
-0.028591
-0.0035681
-0.69384
-0.11636
0.0093701
-0.051877
-0.0023397
0.0061603
-0.0026444
-0.0048625
-0.0013455
-0.00027653
-0.013852
0.0034138
1.4717
-0.72042
-0.0011328
1.1376
0.012186
-0.70969
-0.0041585
-0.0041144
0.0033517
-0.0012746
-0.0046708
-0.0019836
0.0046519
-0.0065953
0.0031452
1.3681
-1.2232
0.005879
-0.001048
-0.0038933
-0.87206
0.10909
0.73157
-0.0025048
1.1254
-0.0027379
0.0029618
-0.00054422
0.00033829
-0.020182
0.0027291
-1.1899
0.0037913
1.2005
1.2093
-0.28355
0.0014903
1.1345
-0.08884
0.706
0.019171
0.3169
0.12767
0.001308
-0.017271
-0.0016665
-0.0044521
-0.028648
-0.5543
0.75654
0.0010998
-0.32885
-0.0039363
-0.0022978
-0.7849
-0.00057111
0.00072533
0.0068741
-0.0018179
-0.00067967
0.47991
0.00075244
0.0013788
-0.0015051
0.0014136
0.00039547
-0.1084
0.0027809
0.00053796
-0.009992
-0.016903
-0.96505
0.00067491
0.0008834
-0.0036782
0.001049
-0.0011167
-0.2028
0.0003809
0.025464
0.0043255
0.0051306
-0.57021
-1.2895
-0.024732
0.0015455
0.0020504
-0.006602
0.33482
-0.66111
0.029749
0.015879
-0.82422
-0.00055002
0.00011587
0.013734
-0.62227
0.00016623
0.0024005
0.9137
-0.0014478
-0.029712
-0.0052621
-0.16587
0.81873
0.0020377
-0.00072126
-0.00077995
0.0043737
-0.0016263
-0.0029059
-0.0039735
0.0010949
-0.0083028
0.0012641
1.4969
0.33413
0.001612
0.68428
0.0063588
-0.67755
-0.0016055
-0.0012329
0.00045377
0.00071853
-0.0019095
-0.0013486
0.0035064
-0.0013099
-0.0055015
0.74728
-1.3718
-0.011768
-0.0019476
-0.0032741
-0.85841
0.05627
0.40765
-0.00087007
0.75173
-0.0041657
-0.00098934
-0.0031993
0.0020952
-0.0080144
-0.002394
-0.94479
-0.00044583
1.1842
0.1673
0.40942
-0.0046145
0.3807
-0.62905
1.028
-0.10107
-0.34575
0.33555
0.0024308
0.0047243
-0.0079473
0.0013402
-0.068703
-0.86536
-0.1223
0.00058941
-0.80302
-0.0020168
-0.003945
-0.65785
-0.0074495
-0.0040046
-0.015758
-0.0007593
0.00059435
1.0351
0.00017928
0.00058038
0.0011897
-0.0021234
0.0017689
-0.714
7.3193e-05
0.0032927
-0.0024273
-0.0085337
0.36705
0.0010266
-0.0011959
-0.0012213
-0.00010762
-0.0016805
0.5726
-0.0013517
0.011611
2.7218e-05
-0.0037319
-0.39043
-0.81156
-0.017299
0.00090996
0.0015272
-0.0066737
0.99988
-0.45805
-0.021927
-0.028443
-1.3123
0.0035887
-0.0020949
0.00017458
-1.1958
-0.00089528
0.0022291
0.4015
-0.0023573
-0.019352
-0.0042099
0.54579
1.1407
-0.0070077
0.035911
0.0010458
-0.0014672
-0.00018569
0.0046891
-0.00058121
0.0023232
0.005087
0.0014945
1.399
1.0827
0.00022455
0.50911
-0.0059067
-0.77847
0.00065984
-0.0006062
-0.0010874
-0.0012022
0.002295
0.00028095
0.0045581
-0.00066069
-0.0051258
-0.088301
-1.2812
-0.0049989
-0.0004612
-0.0012488
0.35946
-0.002155
-0.078528
-0.00050815
-0.73329
-0.00022067
-0.0045293
-0.0043925
-0.00057636
0.0038221
-0.0043018
-0.21425
-0.0037001
0.10182
-0.92848
1.1941
-0.003415
-0.40028
-0.61246
1.1692
-0.14805
-0.60543
-0.084764
0.0036267
0.019332
-0.0066012
0.0050884
-0.059274
-0.79869
-1.279
0.0008172
-1.3371
-0.0010506
-0.0038276
-0.55071
-0.0034357
-0.00042725
-0.031697
0.00017573
0.0012646
1.3774
0.00033715
0.00042779
0.0024341
-0.0035307
0.00078591
-0.57681
-0.00088951
0.0027925
0.004286
0.0002228
1.3189
0.00025202
0.00043862
0.00063947
-0.0016313
-0.00072144
0.83999
-0.0034192
-0.016346
-0.0042599
-0.0035459
0.01272
-0.023007
0.0046273
3.1912e-05
0.0012928
-0.0014565
0.51185
0.66521
-0.058115
-0.048604
-0.51229
0.0022056
-0.0032186
-0.020531
0.27146
-0.00028691
0.0021168
-0.28638
-0.0035186
-0.0048872
-0.001027
0.6369
-0.31485
-0.009209
0.020403
0.0021171
-0.003177
0.0015291
0.0067151
0.0028579
0.0012844
0.010759
0.0012846
1.0124
0.64278
-0.0018166
0.79331
-0.013624
-0.94041
0.0020325
-0.0018949
-0.00090404
-0.0022922
0.0020972
-0.00088134
0.0063669
0.0041785
0.00063179
-0.81616
-1.0092
0.0002746
0.0010824
0.00011281
1.112
-0.046973
-0.52709
-0.00086297
-1.0863
0.0033497
-0.0039844
-0.0021522
-0.0010496
0.0059952
-0.0026045
0.23582
-0.003595
-0.77621
-0.76469
1.3095
0.00087229
-0.58522
-0.42922
0.81798
-0.10392
-0.52581
-0.36933
0.0055756
0.018405
-0.0034371
0.0032442
-0.020421
-0.55629
-1.187
0.0022019
-1.1633
-0.00011258
-0.0010917
-0.3019
0.0020614
0.0050888
-0.026657
0.0011447
0.0014571
1.1739
0.00061377
0.00056008
0.0021181
-0.0012419
0.00010645
-0.2133
0.00068002
0.0010875
0.0030856
0.0041617
0.7909
-0.00050925
0.0034444
0.0011581
-0.0012979
0.0005511
0.37773
-0.0012307
-0.026847
-0.0035252
0.0022361
0.23865
0.46159
0.016333
-0.00021126
0.0012103
0.00059934
-0.20163
1.0571
-0.050572
-0.036078
0.50776
-3.097e-05
-0.0026994
-0.027221
1.6465
0.00051227
0.0014852
-0.31925
-0.002991
0.0084274
0.00081767
0.26303
-1.4076
-0.0057395
-0.0082028
0.0030037
0.00024522
0.001248
0.0031796
0.0041568
0.00048203
0.0069528
0.0008006
0.52996
-0.045246
-0.00097853
0.70055
-0.0090936
-0.79096
0.0015151
-0.0023023
-0.00013656
-0.001298
0.00055432
-0.00093564
0.0058915
0.0098222
0.0020754
-1.0257
-0.69869
-0.0029744
0.0010149
0.0023703
0.70483
-0.054146
-0.62752
-7.7052e-05
-0.41638
0.0030549
0.0064001
0.0014427
-0.0067759
-0.010361
-0.00036298
1.5918
-0.00011995
-0.25773
0.36657
-0.70629
0.0076976
-0.97058
1.2519
-0.084802
0.12434
0.77362
-1.3938
0.0043158
-0.031943
0.0041964
-0.0018139
0.057944
1.2262
0.33508
-0.0026221
-0.16195
-0.0016492
-0.00038977
-0.87643
0.006223
0.0037759
0.040522
-0.0018673
-0.00054405
0.35637
0.00046069
0.0019463
-0.00010574
0.00069359
0.0010281
0.25754
-9.0855e-05
-0.0036083
-0.0049119
-0.0085424
-0.85734
-0.0021828
0.0033093
-0.0007522
0.0012895
-0.0006337
-0.2619
0.0030906
0.01406
0.0064363
0.014651
-0.49028
-0.85158
-0.022471
-0.0021259
0.0040105
0.005357
-0.97114
-0.17157
0.040106
0.052691
0.48146
-0.0084285
0.0015992
0.0057748
0.0079627
0.0035605
-0.0016738
-1.5663
-0.00094245
-0.020137
-0.0031804
-0.55344
-0.16972
0.0075148
-0.027058
-0.00047752
0.004295
-0.005661
-0.0042937
0.00025056
0.00023829
-0.012916
0.0016159
-0.047245
-0.92197
-0.00069717
1.5135
0.0080048
0.2203
-0.0028808
0.00049718
0.0032824
-0.0027881
-0.0062038
-0.0026877
0.0087401
-0.014656
0.0012997
0.61627
-0.4876
0.02247
-0.00037648
-0.003308
0.37569
0.09446
0.70502
-0.0011027
-0.42273
0.0011333
0.0055357
0.00066528
-0.0045224
-0.021807
0.00060016
0.56421
0.0011426
0.4999
1.176
-0.92654
0.010058
-0.3575
0.69962
0.2389
0.11699
0.40165
-1.5322
0.0035508
-0.017688
0.0081927
-0.0021117
0.068164
1.3964
0.30158
-0.0044177
-0.30444
-0.0016048
-0.0019003
-1.1984
0.010961
0.0068055
0.025147
-0.0029903
-0.0028434
0.73138
0.00078799
0.0029183
-0.0019797
0.00067917
0.0019999
0.017442
0.0015503
-0.0048411
-0.0048389
-0.019407
-1.2943
-0.0032639
0.0036061
-0.0030498
0.00054146
0.00010357
0.33349
0.0029483
0.018718
0.0045725
0.014506
-0.60781
-0.84255
-0.039397
-0.0013623
0.0050378
0.003546
-0.33969
-0.26506
0.04805
0.05221
-0.47383
-0.0076104
0.0029996
0.0029028
-0.092062
0.0031865
-0.0017823
-0.43219
-0.0020181
-0.036848
-0.0052632
-0.63257
-0.059717
0.0074642
-0.0099324
-0.0013483
0.0045217
-0.0037528
-0.0058925
-0.00056056
-0.00073536
-0.015976
0.0018813
-0.23265
-1.2092
0.0011206
1.7429
0.0096395
0.38961
-0.0056352
0.00059641
0.0034491
-0.0020993
-0.0060995
-0.0047193
0.0075831
-0.013513
0.00092522
1.045
-0.44446
-0.00023989
-0.0014624
-0.0041471
-0.45387
0.074953
0.71217
-0.00034495
0.83346
-0.0012901
0.0010356
-0.0020138
0.00060085
-0.020432
0.0010393
-0.96413
-6.5488e-05
0.99436
0.81495
-0.86609
0.0056832
0.64752
-0.27217
0.77578
0.017248
-0.23791
-0.96277
0.0012333
0.016281
0.0029023
-0.00031318
0.031314
0.78708
-0.31254
-0.0057942
-0.5287
-0.0010085
-0.0032384
-1.2514
0.0080033
0.0036725
-0.0060648
-0.0024139
-0.0021878
1.0306
0.00042139
0.0018108
-0.0020495
-0.00043624
7.7362e-05
-0.60172
0.004956
0.00068347
-0.0029504
-0.016439
-0.47385
6.9816e-06
0.0063583
-0.0021546
-0.00043392
-0.0014248
0.70568
-0.00026263
0.015002
-0.00097521
0.0024965
-0.43908
-0.24583
-0.038759
-0.002855
0.0031022
-0.002492
0.85076
-0.47397
0.021671
0.0097002
-1.4281
-0.0052442
0.0012951
-0.0011929
-0.69559
0.00076161
-0.00010517
0.99204
-0.0023825
-0.036481
-0.0057257
-0.093857
0.93728
0.0026766
0.028621
-0.0010336
0.0017778
-0.0029338
-0.0010426
-0.00021416
-0.00032387
-0.0074739
0.0034064
-0.49957
-0.60376
0.00045799
1.0383
0.0018006
0.24272
-0.0044478
-0.0002242
0.0016386
-0.002121
-0.00042298
-0.004072
0.0043126
-0.0081893
-0.0015578
1.1816
-0.47283
-0.018273
-0.0017461
-0.0022267
-1.0061
0.0064459
0.29904
-0.00052342
1.218
-0.0027343
-0.0041743
-0.0044313
0.0036156
-0.0091856
-0.00092326
-1.123
-0.002347
0.38812
-0.47113
-0.64555
-0.0031477
0.8323
-0.58101
1.3831
-0.083015
-0.51262
-0.54307
-0.0021427
0.033523
-0.0066628
0.0052934
-0.0055066
-0.11836
-1.0048
-0.0018571
-0.80233
-0.0029898
-0.0044568
-1.3481
-0.0022848
-0.0020374
-0.02347
-0.00063508
-0.00026619
1.1567
-0.00024767
0.00021942
0.0010625
-0.0016527
-0.0027182
-1.1304
0.0042471
0.006743
0.0020289
-0.001662
1.0322
0.0050403
0.0066904
0.00049691
-0.0020269
-0.0036186
0.58649
-0.0045894
0.0058633
-0.0034679
-0.0099179
0.040195
0.68103
-0.019931
-0.0036672
0.00016857
-0.0021532
0.93936
-0.13409
-0.023811
-0.034026
-1.1226
-0.00076197
-0.00033728
-0.00037315
-1.1839
-0.0020409
0.0032793
0.87187
-0.0025015
-0.012357
-0.0041888
0.55213
1.3934
-0.0017566
0.049993
0.00065499
-0.0039811
-0.003034
0.0068348
-0.00024541
0.00098144
0.0082239
0.0040264
-0.64436
0.60947
-0.0029124
0.34061
-0.0089503
0.063424
0.0021206
-0.0005054
-0.00095436
-0.0013397
0.0048823
-0.0011361
0.0058649
-0.0017045
-0.00061695
1.1012
-0.54867
-0.0046182
-0.00045965
0.00094701
-0.26901
-0.050349
-0.19758
-0.0011186
-0.061255
-0.001829
-0.0052455
-0.0036338
0.0014584
0.00062418
-0.0022929
-0.47639
-0.0029376
-0.75743
-0.94266
-0.046624
-0.0056173
0.24946
-0.46368
1.5054
-0.11598
-0.53443
-0.58318
0.00024454
0.028923
-0.012368
0.0074386
-0.0071954
-0.89611
-1.0295
0.0059019
-0.88572
-0.004922
-0.0036883
-1.2489
-0.008138
-0.0033566
-0.034296
0.0011659
0.00090944
1.2068
0.0003194
6.3468e-05
0.0021245
-0.0013694
-0.0012142
-1.43
0.0015946
0.0053181
0.0034257
0.0060657
1.0753
0.0063551
0.0023345
0.00065736
-0.0029078
-0.0033767
0.093586
-0.0052443
-0.014137
-0.002874
-0.0088335
0.61408
1.2801
0.0044066
-0.0015392
-0.0012871
0.0014699
0.02548
0.88276
-0.060775
-0.050477
0.33854
0.0036733
2.3591e-06
-0.0063895
0.020607
-0.0024201
0.005629
0.20227
-0.0025037
0.021804
-0.0024682
0.57906
0.022833
-0.0036005
0.032972
0.0029261
-0.005707
-0.0019927
0.0090278
-0.00045475
0.00063999
0.012927
0.0036251
-0.59651
1.0043
-0.0042322
0.14449
-0.0088724
0.02667
0.0067124
-0.0003192
-0.0016188
0.00034785
0.0040874
0.00035581
0.0082478
0.010328
0.0021722
0.80307
-0.67361
0.0027065
0.0018507
0.0030795
0.79161
-0.080196
-0.53268
-0.00028283
-1.0353
-0.0019438
-0.0013647
-0.00071724
0.0010155
0.0046208
-0.0010061
0.13583
-0.0029909
-1.1536
-0.37624
0.44233
-0.00071561
-0.24541
-0.28012
0.93699
-0.07442
-0.41935
-0.59495
0.0049987
0.013398
-0.011314
0.0043544
0.0066365
-0.96023
-0.16727
0.0092255
-0.51593
-0.0043676
-0.00093015
-0.71781
-0.0059398
0.00038393
-0.022035
0.0018879
0.0017988
0.88674
0.00062212
0.00035585
0.00068667
0.00031449
0.0022841
-1.143
0.00058235
0.0016285
-0.00051097
0.0089152
0.026129
0.0048796
-0.00058678
-0.00012386
-0.00080192
-0.0012576
-0.39411
-0.00052876
-0.021396
-0.00028264
0.00041423
0.69885
1.2173
0.014595
-0.00017971
-0.00087311
0.0019566
-0.58616
1.0815
-0.055208
-0.030076
1.207
0.0043412
0.0016004
-0.012518
1.4392
-0.0013019
0.0056944
-0.089776
-0.0015138
0.037455
-0.00054917
0.24743
-1.2617
-0.0015414
0.0043859
0.0029135
-0.0010557
-0.00068597
0.0057392
0.00072715
-0.00061634
0.005577
0.0026616
-0.35477
0.52128
-0.0022677
0.0481
-0.00047253
0.074432
0.0049271
0.00039932
-0.00048825
0.00045604
0.0020312
0.0018509
0.0066027
0.017218
0.0035236
0.42374
-0.70746
-0.0026384
0.0025695
0.0055724
0.8222
-0.06768
-0.54347
0.0012595
-0.76794
-0.0019976
0.0059432
0.00421
-0.0028759
-0.0092204
-0.0014594
1.9803
0.00058319
0.12828
1.0952
-0.38738
-0.0033073
-1.5127
1.0028
-0.52095
0.13676
0.084872
-0.73188
0.0046666
-0.031522
-0.0032901
-0.0015985
0.047108
0.68239
-0.023925
-0.0019788
0.41223
-0.0019012
-0.00043314
0.17332
-0.0073861
-0.0025729
0.042987
0.00021278
-0.0014066
0.22055
-0.0013288
-0.00012176
0.0020622
0.0024403
-0.00046058
-0.50091
-0.0037316
-0.0026576
0.007115
-0.0048949
-1.246
-0.00084261
-0.0020374
0.00069011
-0.0007206
-0.00011174
0.97508
0.0045565
0.010229
0.0045209
0.0073026
-0.61744
0.11084
-0.026054
0.0019665
0.0013044
0.0020832
-0.89342
-0.13108
0.0312
0.052416
-0.17818
-0.0016965
0.00027136
0.0094881
-0.017024
0.0012373
-0.00021243
-1.6009
0.0021138
-0.016064
-0.00020786
-0.58533
-0.23453
0.0018151
-0.013932
0.00088415
0.0014878
-0.0028328
-0.00091387
-0.0035221
0.0030632
-0.0052126
-0.0011513
-0.77253
-0.68791
0.0019168
0.41144
0.0069947
0.77495
0.0037342
0.0041421
-0.00094507
0.0015412
-0.0017452
0.0015551
0.0029589
-0.022422
-0.0029229
-0.16349
-0.054893
0.024216
0.00038367
-0.00030074
0.56446
0.081357
0.7345
0.0033955
-0.74903
0.0013092
0.0040356
0.003836
-0.00066899
-0.016864
-0.001751
1.432
0.00041788
0.46536
1.3495
-0.49543
0.0010872
-1.3816
0.27784
-0.56916
0.14265
-0.33422
-0.78613
0.0032797
-0.011099
0.0024295
0.00088264
0.066685
1.3516
-0.55375
-0.010844
0.39193
0.00174
-0.00052844
0.16037
0.00032054
-0.0010071
0.025817
2.1159e-05
-0.0036134
0.44475
-0.00028747
0.00081915
-9.4603e-05
0.00051627
0.0019195
-0.60122
-0.0017506
-0.0037846
0.0098983
-0.012116
-1.1419
-0.00028211
-0.0013649
-8.2804e-05
-0.00040743
0.0013766
1.4756
0.0045322
0.0070661
-0.00071392
0.0039865
-0.63776
0.70197
-0.040286
0.0024221
0.0014883
0.0016312
0.018005
-0.29568
0.031684
0.049513
-1.0299
0.00039182
0.002007
-0.0019629
-0.24375
0.001665
-0.00028708
-0.77802
0.0018715
-0.034349
0.00054912
-0.65336
0.096511
0.0015648
0.0099296
-0.00014333
-0.00037876
0.0014818
-0.001392
-0.0018574
0.001653
-0.001271
-0.0014865
-1.0864
-1.1817
0.0050653
0.32387
0.0060946
1.0079
0.00018518
0.0052854
-8.0771e-05
0.0016403
0.00071356
0.00095631
-0.0027203
-0.025044
-0.0004462
0.015696
0.081525
0.0021991
0.00040526
1.3459e-05
-0.18028
0.051001
0.6504
0.0044043
0.52972
0.0029801
-0.001008
0.00071138
0.003495
-0.013915
0.00016109
-0.14651
-0.0017554
0.33643
0.31187
-0.59497
0.0028636
-0.33121
-0.61975
-0.52667
0.04956
-0.69056
-0.64053
-0.0021521
0.035011
0.0098787
0.0012681
0.068366
1.522
-1.2011
-0.011747
0.25766
0.0051827
-0.00071573
0.096992
0.0071655
0.00085478
-0.0091673
-0.0010275
-0.0032086
0.55114
0.00033743
0.00085323
-0.00040945
-0.0018628
0.00066422
-0.4572
0.002416
-0.0012214
0.011004
-0.0070645
0.23824
-0.00040563
0.0041292
0.0010857
-0.0001699
0.0011635
0.82087
0.0012923
-0.00088577
-0.0056878
-0.0060333
-0.10336
1.2114
-0.030054
-0.00088936
0.00092243
-0.0015089
1.0823
-0.44908
0.01338
0.0062009
-1.1358
-0.00090813
0.0015109
-0.004785
-0.81416
-7.9077e-05
-0.00076995
0.77226
0.0008988
-0.031403
0.00017223
-0.15361
1.0446
0.0008863
0.044455
-0.00092744
-0.0020188
0.0019432
-0.0010184
0.0020851
-0.00047738
0.0034605
-0.00061891
-1.2148
-1.093
0.0031517
-0.24106
0.0011952
0.93986
-0.0027548
0.0030366
0.00099793
-0.00034232
0.004416
-0.00045469
-0.0040886
-0.012819
-0.00013764
0.42066
0.26762
-0.01294
0.00012987
0.00070668
-1.0554
-0.026565
0.068073
0.0023534
1.4209
0.0041506
-0.0046916
-0.00067072
0.0055153
-0.00015532
0.0020658
-0.90539
-0.0014449
-0.56189
-0.88851
-0.85759
-0.0026488
0.56153
-0.72601
-0.49728
-0.058503
-0.74118
-0.58752
-0.006988
0.0628
0.012073
0.0009513
0.06353
0.857
-1.072
0.0018795
0.31389
0.0028835
-0.0011244
0.049523
0.0031579
0.00019736
-0.030168
-3.1414e-05
-0.0015498
0.43394
0.00098955
-0.00056633
0.0021016
-0.0010017
-0.0034212
-0.53164
0.0019959
0.002614
0.011752
0.0055692
1.2205
-0.00069446
0.0063604
0.0031458
-0.0011922
-0.00068874
-0.19684
-0.0027953
-0.0062732
-0.0023945
-0.011415
0.76749
1.1883
-0.0029194
-0.0019783
6.734e-05
-0.0013872
0.97092
0.12319
-0.016744
-0.038725
-0.074756
-0.0010312
0.00099955
0.0096176
-1.2257
-0.0009019
0.0012704
1.1722
0.00049499
0.006554
-4.3909e-05
0.4977
1.3023
0.00038792
0.059544
0.0015191
-0.0036053
-0.00078446
0.00066398
0.002019
-0.00064756
0.0074645
0.00051994
-1.1685
0.010245
-0.0012611
-0.75561
0.0012494
1.1395
0.0002783
0.0019617
-0.0002137
0.0011575
0.0043306
-0.00035977
0.0024941
0.0073154
-0.00097584
0.85812
0.33324
-0.0020508
-0.00018188
0.0015624
-0.7673
-0.094429
-0.50254
0.00097641
0.44688
0.0015239
-0.0026978
0.00056356
0.0022976
0.012244
0.0019465
-0.75696
-0.00053116
-1.364
-0.8878
-0.86486
-0.0021157
0.60638
-0.43777
-0.49698
-0.10632
-0.68019
-0.49156
-0.0037269
0.053559
0.0048647
-0.00018336
0.054588
-0.36313
0.098169
0.016002
0.54044
-0.00094647
0.000562
0.18
-0.0040496
7.1078e-05
-0.038752
0.001235
-0.00042094
0.34147
0.0014374
-0.00050567
0.0018185
0.0013813
-0.00069915
-0.89529
-0.0007151
0.0031945
0.008832
0.0080125
0.47363
0.00044047
0.0008851
0.0026461
-0.00051621
-0.001172
-0.82201
-0.0019457
-0.01541
0.0026814
-0.0038821
1.3306
0.88965
0.020976
-0.00015032
-0.00078013
0.0021428
0.033015
1.1136
-0.041094
-0.057128
1.1673
0.003635
0.0028495
0.012029
-0.16959
-0.00063375
0.0038359
0.70953
0.0019997
0.058474
0.00059615
0.65401
0.0065005
0.00019653
0.039427
0.0037615
-0.0024585
-0.0018015
0.003211
3.0023e-05
-0.001309
0.0041832
0.0018191
-0.83671
1.0213
-0.0031209
-0.91142
0.0079341
1.4067
0.0042178
0.0023928
-0.00030294
0.0034439
0.00087696
0.00047626
0.0084502
0.026007
-5.7937e-05
1.0938
0.058875
-0.0031694
0.0016072
0.0020405
0.37089
-0.12795
-0.73701
0.0022373
-0.83281
-0.0035082
0.0017883
0.0024397
0.00011457
0.015649
0.0024607
-0.22827
-0.0010376
-1.3038
-0.18131
-0.43679
0.0043858
0.24331
-0.20637
-0.54512
-0.075109
-0.51743
-0.34791
0.0038142
0.024345
-0.0022726
-0.00042467
0.033943
-0.89064
1.0854
0.017695
0.70881
-0.0019911
0.0026779
0.33706
-0.0031563
0.0023306
-0.02303
0.0021202
0.0013331
0.23118
0.0013305
-0.00033898
-0.00090407
0.0029314
0.0046019
-0.89763
-0.00027484
0.0012346
0.0018518
0.0080972
-0.62619
0.0018429
-0.0031227
0.0011368
0.00057458
7.3427e-05
-0.90858
0.0016646
-0.016017
0.0034315
0.0071187
1.1606
0.43066
0.025714
-0.00010179
-0.0015382
0.0036754
-0.48155
1.2049
-0.038046
-0.037628
1.3362
0.0058246
0.0053082
0.00079779
1.1678
0.00055818
0.0040338
0.2327
0.0031105
0.072466
0.0011597
0.43567
-1.2166
0.0015295
0.010505
0.0030703
0.0016301
-0.00092899
0.0034146
0.00060639
-0.0021445
-0.0027072
0.0031016
-0.40752
0.94885
-0.0014279
-0.69184
0.012923
1.1713
0.0030903
0.0019345
0.00034651
0.002584
-0.00024738
0.0020151
0.0078243
0.028986
0.0015435
0.91463
-0.33106
-0.012719
0.0031431
0.0040662
0.81168
-0.10366
-0.62982
0.0041055
-0.94615
-0.0048932
0.0031163
0.0051065
0.00095865
-0.0044465
-6.2558e-05
1.58
0.0020503
0.30132
1.1532
-0.22744
-0.0069671
-1.0831
0.606
-0.83722
0.113
-0.23489
0.026935
0.0010497
-0.028185
-0.0067561
0.0012561
0.020633
-0.017831
-0.096657
-0.0046353
0.55059
-0.0022525
0.0011427
1.1225
-0.011774
-0.0054997
0.033189
0.0026738
-0.00054877
-0.17461
-0.001876
-0.0012837
0.0024288
0.0030247
-0.0020969
-0.43009
-0.0025167
0.00017137
0.0073009
-0.0012972
-0.95852
0.0048368
-0.0053883
0.0010753
-0.00090873
-0.00015796
1.2025
0.0015588
0.0084431
0.0021675
-0.00057018
-0.54786
0.7016
-0.015572
0.0034917
-0.0022359
0.00072467
-0.47625
-0.17924
0.020779
0.037021
-0.50765
0.002982
0.0021852
0.0097965
0.047458
-0.00087567
0.0027644
-1.2029
0.0039752
-0.006515
0.0019063
-0.43504
-0.27986
-0.00060628
-0.0075681
0.0010082
-0.0010344
0.0007245
0.0033533
-0.0056239
0.0043641
0.00020875
-0.0020503
-0.43918
-0.34686
0.001354
-0.6789
0.0067999
0.30634
0.0059742
0.0042326
-0.0041293
0.0033221
0.0024606
0.0054062
-0.0015279
-0.021641
-0.0027083
-0.25528
-0.1226
0.015662
0.00086804
0.0036283
0.47019
0.052024
0.51103
0.0048337
-0.64946
-0.00023618
0.0021
0.0056223
0.0022855
-0.009415
-0.0011124
1.4314
0.00085189
0.28693
1.0452
-0.17267
-0.0042168
-1.2141
-0.07927
-1.1324
0.12456
-0.55231
0.18678
0.00026823
-0.012533
-0.0011876
0.0039763
0.040561
0.59079
-0.72302
-0.012499
0.70538
0.0028601
0.0018173
1.4088
-0.0060267
-0.0046178
0.020919
0.0027162
-0.0015843
-0.13618
-0.0011344
-0.00096259
0.00073068
0.00076427
0.00076216
-0.3819
-0.00064841
-0.0012323
0.010297
-0.0058817
-0.48019
0.0063838
-0.0050658
0.0015289
0.00052138
0.0026831
1.3547
0.0015951
0.0022973
-0.0024268
-0.0056641
-0.4891
1.235
-0.023076
0.0045481
-0.0024117
0.00035483
0.29549
-0.35176
0.015767
0.030891
-0.85771
0.0075807
0.0029139
-0.00095307
-0.32548
-0.0013968
0.0022839
-0.85211
0.0044175
-0.018657
0.0041511
-0.53468
0.13359
-0.00053901
0.012216
3.5663e-05
-0.0032655
0.0059872
0.0027733
-0.0035074
0.0027893
0.0086285
-0.0027028
-0.49505
-0.7859
0.0047894
-0.91164
0.0050066
0.34487
0.0046132
0.0048618
-0.0037661
0.003416
0.0060585
0.0063516
-0.0063722
-0.025012
-0.00018188
-0.54428
-0.15263
0.0030015
0.0016109
0.0049833
-0.027939
0.02873
0.37945
0.0058765
0.24877
0.0043114
-0.00051006
0.0042192
0.0029317
-0.0072525
0.00028955
0.39409
-0.0009297
-0.14089
0.0068407
-0.13222
-0.0015185
-0.67549
-0.7214
-1.4207
0.056871
-0.7017
0.11588
-0.0033403
0.025621
0.013443
0.00058672
0.063345
1.1556
-1.0985
-0.011226
0.8259
0.0080603
0.0017004
1.4909
0.0031594
-0.0014175
-0.004106
0.0013758
-0.00024073
-0.02557
0.00068226
-0.00050495
-2.3233e-05
-0.0018595
0.0016976
-0.012378
0.00050912
-0.0015843
0.01105
-0.0013569
0.71112
0.00059982
-0.00018801
0.0024531
0.0016229
0.0048271
0.32156
0.00092161
-0.0077293
-0.0042687
-0.0098923
0.10588
1.1215
-0.011298
0.0019525
-0.00021868
-0.0025849
0.96219
-0.43601
0.0048222
-0.0019383
-0.26493
0.0047924
0.0015626
-0.0017399
-0.86039
-0.00077885
5.0998e-05
0.22307
0.0025148
-0.015158
0.0044389
-0.21317
0.83338
-0.0013087
0.033433
0.00022511
-0.0028848
0.0072525
-0.0015404
0.0024026
0.00044674
0.0099821
-0.0031461
-0.35047
-0.95878
0.0044328
-0.92448
0.0047646
0.35937
-0.00033133
0.0027318
-0.00079814
0.002041
0.006504
0.0030736
-0.0059743
-0.01153
0.00044098
-0.52922
0.052067
-0.0042175
0.00071825
0.0030549
-0.82493
-0.027825
-0.15646
0.0040722
1.0471
0.0076049
-0.0013448
0.002692
0.0026191
0.0038206
0.0027877
-0.45549
-0.00021465
-0.85543
-0.70046
-0.44333
-0.0029461
0.0059217
-0.71559
-1.7095
-0.031041
-0.75697
-0.059755
-0.0059752
0.054375
0.024006
-0.0053327
0.077554
1.1098
-0.44243
0.0033065
1.1062
0.0077796
0.001821
1.6486
0.0044128
0.0022072
-0.020652
0.00068467
0.00082255
0.012101
0.0019804
-0.00028254
0.0021443
-0.00088526
-0.00095979
0.061977
-0.00099419
-0.0006645
0.013234
0.0059832
1.0284
-0.0055953
0.0025687
0.0036917
0.0013639
0.0040843
-0.6882
0.00046159
-0.012276
0.001897
-0.0071974
0.90208
0.32381
0.010914
0.00090042
0.0015757
-0.0028464
0.76637
0.15267
-0.0062335
-0.036572
0.73957
-0.00033632
0.00042771
0.012283
-1.0759
0.00053988
-0.0010766
0.81294
0.0019524
0.019754
0.0027743
0.31089
0.88247
-0.0026388
0.038988
0.0023154
-0.0011922
0.0023158
-0.0039146
0.0042035
-9.5381e-05
0.0041103
-0.003027
-0.14317
-0.36169
0.0019346
-0.90857
0.010133
0.81473
-0.0023426
0.0022806
-7.601e-05
0.0029456
0.0017537
-0.0002794
0.0017647
0.0099589
-0.0017325
-0.22877
0.22145
0.0009205
-0.00049924
-0.00058788
-0.78291
-0.085319
-0.59461
0.0015743
0.59646
0.0044321
0.0010757
0.0026437
-0.0012046
0.016854
0.0039642
-0.75062
0.0005978
-1.2249
-0.51047
-0.8135
0.00078676
0.37364
-0.38496
-1.6811
-0.079851
-0.75157
-0.087611
-0.0023501
0.051911
0.018382
-0.0084066
0.066308
0.31773
0.94254
0.01628
1.2336
0.0042733
0.0031406
1.5094
0.0020278
0.0048765
-0.028098
0.0013649
0.00062237
0.085251
0.0026122
-0.00027471
0.0007828
0.0022052
0.0012246
-0.29224
-0.0015883
0.0004312
0.010324
0.0050561
0.073753
-0.0061655
0.00037172
0.0033001
0.001639
0.0021535
-0.93569
0.0027566
-0.016555
0.0053104
0.0043758
1.2907
-0.35993
0.026645
0.0012432
0.0016696
0.00056375
0.062933
0.95501
-0.012028
-0.054157
1.2051
0.0001474
0.00249
0.013873
-0.23117
0.0029026
-0.00044305
0.68942
0.0032288
0.063649
0.0020563
0.53134
-0.12022
-0.0019388
0.025911
0.0041312
0.0023915
-0.00082334
-0.0020968
0.0022666
-0.0013116
-0.0052975
-3.69e-05
0.14671
0.60439
6.3687e-05
-0.83906
0.016477
1.2917
-0.00088823
0.002516
-0.00054878
0.0040351
-0.0032747
-0.0013086
0.0079313
0.027191
-0.0017843
0.20529
0.01701
-0.0065602
0.00036001
-0.0027189
-0.032709
-0.11818
-0.73331
0.002392
-0.41898
-0.001889
0.003103
0.0031286
-0.0031256
0.019445
0.0042811
-0.45028
-0.00012136
-0.99308
-0.082229
-0.66117
0.0069201
0.28516
-0.12194
-1.3103
-0.063366
-0.53231
-0.035207
0.003811
0.025062
0.0067131
-0.0054465
0.034
-0.38546
1.4677
0.016818
1.0399
0.0018267
0.0040573
1.1002
0.0022777
0.0063533
-0.019655
0.0017238
0.00092013
0.029612
0.0022282
-3.8903e-05
-0.0020636
0.003524
0.0051724
-0.38729
-0.00023662
0.00093228
0.0032741
0.0031706
-0.6677
-0.0023139
-0.0013892
0.0024031
0.0026841
0.0018684
-0.73189
0.0048264
-0.013449
0.0029787
0.013341
0.99904
-0.54549
0.026421
-6.2832e-05
0.00053286
0.0030507
-0.26281
0.90528
-0.012511
-0.039625
0.89907
0.0025704
0.0045893
0.0017512
0.77545
0.0033055
5.3002e-06
0.26282
0.0035823
0.069303
0.0021934
0.39894
-0.99652
0.0011326
0.0066106
0.0031685
0.0050219
-0.0010102
0.00051399
0.0021049
-0.0019092
-0.0087365
0.0020807
0.23087
0.88183
0.0001279
-0.60717
0.013999
1.0936
0.00043069
0.0015868
-0.00041205
0.001884
-0.0034282
-0.00052229
0.0066641
0.027021
-0.00016948
0.33907
-0.28534
-0.016972
0.0015271
-0.00028505
0.48874
-0.095802
-0.60771
0.0037314
-0.7908
-0.0034943
-0.0034621
-0.0031821
0.00041271
0.0026994
0.0033121
0.0028913
-0.0038021
-0.0030659
0.00077988
0.0022533
0.00063261
-4.7626e-05
-0.00089232
-0.00058117
0.00084341
-0.00017048
-0.0033385
-0.0027831
0.0019771
0.0015035
-0.00065217
-0.0026834
-0.0032892
-0.00096614
0.0016674
0.00037047
-0.0019232
-0.0021165
0.0011736
0.0037587
-0.00032134
-0.0010997
-0.0017144
0.00038866
0.0038405
0.0050053
-0.0024275
-0.0010849
0.0037975
0.005692
0.0032471
0.0010856
-0.002452
0.00036065
0.0048027
0.0051656
0.001865
-0.00019156
-0.0031612
-0.0017155
0.00083193
-4.3995e-05
-0.0024194
-0.0022722
-0.0037345
-0.0037305
-0.0029198
-0.0032347
-0.0029403
-0.00207
-0.0014553
-0.0016592
-0.0011492
-0.00044927
0.00037051
0.0013755
0.001185
0.0015945
0.0020259
0.0021101
0.0026425
0.0026635
-0.00023433
0.00024458
0.0019862
0.0032101
0.0002582
-0.0019783
-0.00088332
-0.00078158
0.0013837
0.0021116
-0.0010033
-0.0029494
-0.0040533
-0.0051732
-0.0016771
0.00073314
-0.00089808
-0.001909
-0.00482
-0.0051008
0.00038765
0.0043047
0.0030349
0.00075051
-0.0014161
0.00045938
0.0043893
0.0061017
0.0024856
-0.0016443
0.0018988
0.0034631
0.0038342
0.0022725
-0.0021005
-0.0054276
0.012767
0.0064441
-0.00068136
0.0053086
0.014577
0.013713
0.0069452
-0.0031552
-0.0069248
0.0040082
0.014153
0.012584
-0.0054703
-0.015312
-0.015428
-0.0048731
0.0016326
0.00072589
-0.011508
-0.019854
-0.017177
-0.0065208
-0.00045337
0.00026713
-0.0095694
-0.016994
-0.012639
0.00041667
0.013584
0.015939
-0.0038166
-0.0090997
-0.007706
0.0035657
0.016619
0.019574
-8.6056e-05
-0.00076352
-0.00055371
0.0008608
0.00080288
0.00094022
0.0028955
0.0026465
0.00054746
-0.0010722
-0.0017692
4.8741e-05
0.0037505
0.0045597
0.00094251
-0.0037388
-0.0056129
-0.0021174
0.00029676
0.0011898
5.1916e-05
-0.0024449
-0.0045451
-0.0030664
-0.0014737
-0.0015299
0.00017714
0.0014516
0.0013666
0.0006736
-0.00024236
-0.0015862
-5.2261e-05
0.0025441
0.0042277
0.0035976
0.2588
-0.18157
-0.46253
-0.36513
-0.11144
0.043549
0.60635
-0.24821
-0.92294
-0.73191
-0.16017
0.1865
1.0209
-0.11087
-1.1293
-0.93441
-0.23789
0.22925
1.5786
0.57228
-0.88256
-1.0872
-0.49258
0.096064
1.9147
1.3974
-0.089096
-0.89561
-0.80966
-0.26274
1.524
1.3785
0.41009
-0.47593
-0.8065
-0.45273
-0.0045588
-0.00086885
0.0026226
0.00022539
-0.0026775
-0.0017019
-0.0053026
-0.00048259
0.0030021
-0.00033871
-0.0045721
-0.0037507
-0.0032563
0.0012174
0.0032958
0.00032205
-0.0031199
-0.0038402
-0.00059433
0.0017405
0.0029826
0.0026906
0.00048374
-0.0016363
0.00086908
0.0012375
0.0020422
0.003654
0.0032343
-3.5723e-05
0.00087831
0.0012608
0.0012942
0.0028095
0.0032612
0.00031962
-0.62902
-0.36857
0.39175
1.0279
0.96323
0.29482
-0.6712
-0.050437
0.90512
1.3661
0.7916
-0.19802
-0.50603
0.30849
1.1902
1.1575
0.11624
-0.80303
-0.21193
0.51178
0.97115
0.36553
-0.76422
-1.15
0.13071
0.47023
0.35286
-0.54932
-1.3174
-1.2937
0.33713
0.28961
-0.18816
-0.88183
-1.2118
-0.97689
-0.81101
-0.18318
0.71573
0.47195
-0.46863
-0.8671
-0.86902
0.12252
0.99274
0.40832
-0.80745
-0.9969
-0.32409
0.72298
1.1381
0.12091
-0.88166
-0.7744
0.43225
1.1618
0.79178
-0.46957
-0.93953
-0.4126
1.0905
1.3464
0.32491
-0.84384
-0.8971
-0.18008
1.1424
1.0359
0.020969
-0.69346
-0.54225
-0.13772
-0.25227
0.53107
1.0675
1.0523
0.87087
0.57787
-0.67624
-0.072212
0.79957
1.1581
1.3403
1.1563
-0.93117
-0.8833
-0.27844
0.41943
1.1858
1.3273
-0.64619
-0.9078
-0.8296
-0.59866
-0.025346
0.45267
-0.41022
-0.52522
-0.58625
-0.80589
-0.86286
-0.45091
-0.25392
-0.22983
-0.17999
-0.49664
-0.80648
-0.57493
-0.0022093
-0.0056092
-0.0072569
-0.0043709
0.0019411
0.0047433
0.001391
-0.0025771
-0.0070215
-0.0046592
0.0020575
0.0054019
0.0067432
0.006106
-7.8996e-05
-0.0034946
-0.0019743
0.00093316
0.0044619
0.0078259
0.0047204
-0.0013163
-0.0036195
-0.00073285
-0.0037894
0.0003524
0.0019752
-0.00054326
0.00061582
0.0037108
-0.0074206
-0.0051198
-0.0025369
-0.00069553
0.0038758
0.0072132
0.87556
0.79121
0.066227
-0.5557
-0.58295
-0.37013
1.0881
1.3576
0.65986
-0.35347
-0.72171
-0.49232
0.36038
1.0252
1.0591
0.36641
-0.41477
-0.59034
-0.93824
-0.39713
0.6037
0.80829
0.25969
-0.22372
-1.4308
-1.3177
-0.3921
0.54676
0.60461
0.27441
-0.98493
-1.1207
-0.6626
-0.032103
0.32361
0.2498
1.0105
0.90771
0.18294
-0.59077
-0.68724
-0.35616
1.3349
1.1133
0.046981
-0.75237
-0.76022
-0.4015
1.3359
1.0251
-0.075504
-0.67874
-0.63044
-0.43018
1.2418
0.72979
-0.24939
-0.61055
-0.47634
-0.30866
1.0326
0.30472
-0.58508
-0.70728
-0.4447
-0.23617
0.6105
-0.12231
-0.71097
-0.7089
-0.43417
-0.14254
0.3139
0.54201
0.46191
0.24281
-0.074075
-0.26211
0.41267
0.50095
0.36427
0.12278
-0.044917
-0.1596
0.27637
0.42727
0.6874
0.96086
1.0825
0.80598
-0.039446
0.26037
0.77108
1.2593
1.359
0.93679
-0.51335
-0.57549
-0.51228
-0.51636
-0.53979
-0.53808
-0.76554
-1.0579
-1.3167
-1.5854
-1.575
-1.2602
0.13924
0.14528
0.052986
-0.068641
-0.13988
-0.11656
0.16858
0.16954
0.046747
-0.10079
-0.178
-0.13971
0.14419
0.13281
0.01662
-0.1059
-0.15631
-0.11273
0.11949
0.11303
0.015428
-0.086896
-0.12555
-0.083042
0.12707
0.13358
0.047798
-0.058815
-0.11049
-0.081428
0.10615
0.11783
0.054399
-0.030176
-0.081322
-0.070303
0.60174
1.1205
1.0683
0.51356
-0.036317
-0.18558
1.001
1.2921
0.89607
0.093534
-0.43983
-0.47673
1.1568
1.0052
0.26002
-0.40929
-0.62204
-0.50883
0.8108
0.42367
-0.22813
-0.52806
-0.54922
-0.42327
0.1376
-0.29541
-0.65645
-0.71096
-0.67549
-0.52488
-0.20734
-0.58741
-0.69284
-0.74445
-0.75477
-0.54953
1.5674
1.7372
1.2752
0.6824
-0.038921
-0.44892
1.2079
1.5114
1.3793
0.94192
0.19562
-0.31674
-0.50885
-0.43958
0.069569
0.33039
-0.078218
-0.36355
-1.3177
-1.4724
-0.96104
-0.5354
-0.60972
-0.56516
-0.70602
-0.78352
-0.67829
-0.57745
-0.54634
-0.3799
0.089603
0.13864
0.037678
-0.02727
-0.049674
-0.071508
0.0014919
-0.00056158
-0.0006021
-0.0018987
-0.0052207
-0.0057296
0.0017486
-0.00067949
-0.00039462
0.0010132
-0.0012964
-0.0017307
0.00025267
-0.00096621
0.00053766
0.0027623
0.0032969
0.0046568
-0.00098154
-5.7668e-05
-0.00057354
-0.0003103
0.0017892
0.0053045
-0.0011933
0.00064768
-0.0010248
-0.0034968
0.00070473
0.0050552
-0.0020896
-0.0010367
-0.0015972
-0.0027307
0.0021824
0.0056461
-0.047328
-0.06013
-0.043946
-0.011315
0.018831
0.026259
-0.056549
-0.066977
-0.045084
-0.0077785
0.025737
0.034052
-0.048818
-0.045944
-0.0166
0.011163
0.025955
0.021257
-0.042194
-0.022989
0.018821
0.041524
0.035905
0.014044
-0.037694
-0.012916
0.035852
0.065467
0.055857
0.023637
-0.029585
-0.010978
0.025446
0.053065
0.051589
0.02616
-0.0016794
-0.0060598
-0.010704
-0.0098413
-0.002859
0.0013879
0.0012618
-0.001675
-0.0074437
-0.0064742
0.0017344
0.0051196
0.0078809
0.0074885
-0.0012857
-0.0073452
-0.0041099
-0.00043448
0.0049531
0.0071855
0.0014671
-0.0076479
-0.010109
-0.0091348
-0.0032906
0.0013481
0.006737
0.00793
0.0021362
-0.0042763
-0.0064914
-0.0024299
0.0096891
0.02007
0.016125
0.0054471
0.0073093
0.0028525
-0.0053939
-0.0055204
-0.0012787
0.00063432
0.0099397
0.0014825
-0.0086269
-0.0066743
-0.00032742
0.00059189
0.0035661
-0.0040915
-0.008178
-0.0013987
0.005852
0.0049761
-0.0047097
-0.0074687
-0.003802
0.0046576
0.011414
0.0096221
-0.0055503
-0.0044644
-0.00058334
0.0028435
0.006333
0.0065541
-0.0027139
-0.00098072
-0.00064009
-0.0027369
-0.002858
-0.00069167
-0.044744
-0.077699
-0.072936
-0.049056
-0.017456
0.0060106
-0.036246
-0.066274
-0.086784
-0.086523
-0.058645
-0.017896
0.021765
0.013684
-0.029086
-0.067053
-0.058706
-0.021652
0.055541
0.068761
0.035136
-0.0015169
-0.007401
0.0067335
0.040888
0.063898
0.069572
0.063652
0.048593
0.027419
0.017259
0.035662
0.060772
0.078484
0.063307
0.02501
-0.41779
-0.81679
-0.77642
-0.30154
0.033116
-0.041457
-0.30781
-0.8627
-1.1281
-0.77397
-0.32332
-0.141
0.65341
0.17953
-0.57618
-0.85821
-0.79701
-0.56943
1.1735
1.3265
0.77532
-0.090449
-0.88831
-0.97412
0.70498
1.3003
1.4607
0.82065
-0.36817
-0.88232
-0.0038566
0.6296
1.1593
1.0516
0.31103
-0.3079
-0.56326
-0.18968
0.84406
1.4807
1.0012
0.29576
-0.44113
0.23572
1.2015
1.1006
-0.15499
-0.83685
0.13414
0.58656
0.66753
-0.072112
-1.1806
-1.1716
0.35533
0.275
-0.26025
-0.9027
-0.93885
-0.18616
-0.031197
-0.53474
-1.1424
-1.0355
0.085599
1.0823
-0.12576
-0.75406
-1.1028
-0.46735
0.87276
1.41
-0.024112
-0.019421
-0.002913
0.0078227
0.0092068
0.0069703
-0.020205
-0.011806
0.0026541
0.0062304
0.0054233
0.0058235
-0.0098841
-0.0015966
0.0028692
0.00033531
-0.00050265
0.0026437
-0.0048592
-0.0034215
-0.0040336
-0.00070541
0.0060921
0.0086067
-0.0062849
-0.01111
-0.0079088
0.0050756
0.020286
0.018948
-0.0080768
-0.012858
-0.0080639
0.0075498
0.022454
0.018952
0.71732
0.77204
0.56171
-0.12189
-0.87626
-0.90893
0.43564
0.54087
0.34853
-0.352
-1.1554
-1.1737
-0.19403
-0.22108
-0.34401
-0.78711
-1.2668
-1.1301
-0.13881
-0.30061
-0.53952
-0.7834
-0.83109
-0.50429
0.45454
0.41287
0.27448
0.323
0.48646
0.64682
0.56432
0.68767
0.772
1.0203
1.1494
0.98143
0.0054586
0.0028522
-0.00072418
-0.00065462
0.0018732
0.0025779
0.0035467
-0.00047157
-0.0022591
0.00095648
0.0060524
0.0067521
-0.00010068
-0.0036877
-0.0040111
-2.9374e-06
0.0038686
0.0043491
-0.0019877
-0.0032314
-0.0025317
-0.0020324
-0.0031154
-0.0028057
-0.0032677
-0.0012655
0.0013038
-1.1579e-05
-0.0042201
-0.0052203
-0.0034017
-7.558e-05
0.003984
0.0035337
-2.4508e-05
-0.0015956
0.0002333
-0.0017147
-0.00067166
0.0014984
0.001592
0.00024466
-0.00053728
-0.0029595
-0.0022672
7.9669e-05
0.00019941
-0.00054631
-0.0011994
-0.0026931
-0.0018887
-0.0017216
-0.0022725
-0.0018586
-0.0019768
-0.00024552
0.00077168
-0.0010475
-0.0022473
-0.0012522
-0.001054
0.0024851
0.0033458
0.0015363
0.000797
0.0021077
-0.00043367
0.0028867
0.0038698
0.001962
0.0027791
0.0034067
-0.39454
-0.40219
-0.15265
0.22497
0.4778
0.48415
-0.38458
-0.40704
-0.10448
0.25914
0.51272
0.54009
-0.67263
-0.91155
-0.78585
-0.66638
-0.53748
-0.27234
-0.82863
-1.1463
-1.2183
-1.2779
-1.1805
-0.69298
0.18681
0.18488
0.1227
0.11598
0.1913
0.30999
1.0524
1.3083
1.371
1.536
1.4216
1.0438
-0.0011718
-0.0041144
-0.0087779
-0.0051328
0.0077244
0.012691
0.005325
-8.848e-05
-0.0090908
-0.0071036
0.0076395
0.013975
0.010708
0.0092702
-0.0017178
-0.0062062
-0.00091327
0.0038902
0.0028648
0.0081485
0.0056225
-0.0019199
-0.0071404
-0.0056417
-0.011688
-0.0040607
0.0045819
0.0028109
-0.0027393
-0.0040709
-0.015788
-0.010516
0.00098406
0.0050905
0.0041504
0.0019866
-0.013015
-0.011587
-0.0050224
0.00076275
0.0065087
0.0081627
-0.0061518
-0.003984
-0.002323
-0.00067224
0.0042965
0.0083078
0.003983
0.0082238
0.0040245
-0.0023383
-0.0014363
0.003506
0.0025919
0.0077315
0.004002
-0.0029587
-0.0046113
-0.00057179
-0.0054328
-0.0028918
-0.00081977
-0.0010938
0.00099416
0.0030864
-0.0080485
-0.0074824
-0.0030572
0.0019291
0.0075596
0.0079053
0.047376
0.046607
0.016735
-0.012439
-0.028396
-0.028498
0.055631
0.050775
0.013498
-0.017619
-0.035436
-0.0302
0.044815
0.034709
0.0033451
-0.018799
-0.02838
-0.020957
0.03811
0.02101
-0.010437
-0.028285
-0.029935
-0.016117
0.041785
0.021768
-0.015189
-0.034574
-0.03684
-0.017706
0.034827
0.019995
-0.0073258
-0.024145
-0.028355
-0.016608
0.0015672
0.0013203
-0.00025809
-0.00077208
-0.00036353
0.00077847
0.0022247
0.0018901
0.00025067
-0.00096928
-0.0011945
-7.7663e-05
-9.5904e-05
-0.00049733
-0.00056422
-0.00060966
-0.0006955
7.7953e-05
-0.0016736
-0.002789
-0.0022481
-0.00064008
0.00080686
0.0012858
0.00045126
-0.00092918
-0.0016644
-0.00046817
0.00079539
0.0012885
0.0032857
0.0019572
-9.7245e-05
-0.0006536
-9.814e-06
-5.0254e-05
0.0054784
0.0014964
-0.0025854
-0.0017135
-5.279e-05
0.00019692
0.0043741
2.2376e-05
-0.0025373
-0.00061033
0.0011634
0.00058768
0.0017275
-0.0017756
-0.0011649
0.0015814
0.0021376
0.001836
-0.00059099
-0.0025505
-0.0019832
0.00035545
0.0011103
0.0022647
-0.00014292
-0.0024908
-0.0030172
-0.0016564
0.00020744
0.0018851
0.00043117
-0.00071377
-0.0012521
-0.00062426
0.00039076
0.0011898
-0.77934
-0.9518
-1.1332
-1.3566
-1.5074
-1.1637
-0.82618
-1.0012
-0.85444
-0.6452
-0.48436
-0.13265
-0.28817
-0.099422
0.4447
0.99388
1.268
1.13
0.41326
0.73183
1.0384
1.1473
1.1469
0.93576
0.25832
0.37831
0.51144
0.44396
0.34639
0.25949
-0.15475
-0.17085
-0.06293
0.041493
0.076094
-0.053615
0.0029999
0.0027222
0.0023244
0.0016239
0.00064433
-0.00023881
0.0025795
0.002795
0.0019574
0.00057314
-0.0006405
-0.00073184
0.0018324
0.0014503
-0.00036451
-0.0024963
-0.0035634
-0.0025146
0.00025153
0.00031545
-0.0010206
-0.0031213
-0.0048671
-0.0038009
-0.0011752
0.0004263
0.00078506
-0.00024017
-0.0015284
-0.001994
-0.001124
0.00066821
0.0026603
0.0024833
0.0014901
0.00022325
-0.0026969
-0.0019902
0.00024513
0.001688
-0.00016454
-0.0013607
-0.0028085
-0.0028285
-0.00055605
0.00036935
-0.0014619
-0.002466
-0.00056475
-0.00033328
-0.00026445
-0.00084259
-0.0016168
-0.00108
0.001417
0.0025553
0.0013969
-0.00065506
-0.00019459
0.00097973
0.0010371
0.0023161
0.0012033
0.00016918
0.00068885
0.0025689
-0.00054953
0.00051817
0.0003854
4.9067e-05
0.0017869
0.0023046
0.00073558
0.00038078
0.00036161
7.1124e-05
-0.00174
-0.002684
0.00048543
0.00010655
0.0010989
0.00076604
-0.0017492
-0.0028128
0.00037815
0.00018262
0.00056876
0.00096093
-0.0001902
-0.00073368
0.0013867
0.00045687
0.000548
0.0010319
0.00069624
0.00026534
0.0018554
0.00057621
0.00024217
0.0009098
0.00022844
-0.0009129
0.00062702
-0.00051478
-7.3672e-05
0.00028354
-0.0012109
-0.0021117
-0.00047006
0.00031754
0.0010874
0.0002211
-0.00030946
0.00035019
-0.00028634
0.0016845
0.0020527
4.9135e-05
-0.0018283
-0.0011206
0.0004853
0.0020933
0.0024725
-0.00064499
-0.0029833
-0.0016173
0.00011362
0.00010302
0.00018922
-0.00073066
-0.0011555
0.00035412
-1.6038e-05
-0.0016774
-0.0025245
-0.00107
0.0023935
0.0041408
-9.3999e-05
-0.0028217
-0.0034773
-0.0006153
0.0039337
0.0050339
-0.00029176
-0.0025273
0.00023276
0.0035351
0.00066585
-0.0043703
-0.0014671
-0.0031404
0.0001808
0.0039554
0.00018438
-0.0047008
-0.00037912
-0.00065513
0.0009977
0.00080839
-0.0017221
-0.0035455
0.0012329
0.0036891
0.0026203
-0.0021932
-0.0044489
-0.0011308
-0.00019188
0.0045752
0.0043597
-0.0017852
-0.0030298
0.0021145
-0.0022737
0.0024741
0.0037405
7.5402e-05
2.4088e-05
0.0031903
-0.15891
-0.082544
-0.093272
0.65361
1.7329
1.8449
0.62916
0.58331
0.15233
0.43435
1.3134
1.5478
0.98288
0.7597
-0.1542
-0.66974
-0.53056
-0.20884
0.26531
-0.0010468
-0.563
-1.0556
-1.3414
-1.0536
-0.54553
-0.62744
-0.44882
-0.51722
-0.85257
-0.88792
-0.46084
-0.43122
-0.097448
-0.013987
-0.25109
-0.39056
0.0023161
0.0021643
-0.0021784
-0.004994
-0.00066888
0.0047945
0.0068807
0.0067028
-0.00029303
-0.0075782
-0.0061684
-0.00036626
0.0068226
0.0075378
0.0035734
-0.0033647
-0.0069368
-0.003555
-0.0012471
0.00035164
0.0033868
0.0034639
-0.00099179
-0.0019125
-0.004888
-0.0039689
0.0015704
0.0035802
0.0006146
-0.0012397
-0.001493
-0.00081535
0.0016704
0.0010536
-0.0013615
-0.0019885
0.0061213
0.002734
-0.0042565
-0.0060547
-0.0023776
0.001836
0.0075386
0.0032589
-0.003385
-0.0046602
-0.0015302
0.00089529
0.0035677
8.7647e-05
-0.00033954
0.0019417
0.0018251
0.00075964
-0.00084145
-0.0028863
0.00019336
0.0038987
0.0032412
0.0011112
-0.0004607
-0.0019948
-0.0017267
-0.00065961
-0.00084799
-0.00029923
0.0017404
0.00091289
-0.0017371
-0.0036368
-0.0030442
-0.0011685
-0.0017704
-0.0040406
-0.010017
-0.016965
-0.014925
-0.008686
-0.0039137
-0.006877
-0.010144
-0.010438
-0.0053311
-0.0013837
-0.0082965
-0.010531
-0.0086247
-0.00154
0.0041607
0.0034226
-0.0056598
-0.0052351
-0.0024832
0.0043305
0.0078108
0.0030126
0.0063934
0.0098451
0.01088
0.014661
0.014273
0.0050432
0.0084036
0.01023
0.010358
0.013545
0.013065
0.0051102
0.036308
0.030538
0.0099497
-0.0037791
-0.011339
-0.012254
0.028783
0.016377
-0.0041324
-0.01112
-0.010259
-0.0080369
0.0069668
-0.0077291
-0.018059
-0.012545
-0.0030121
0.0017365
-0.0017996
-0.014656
-0.017088
-0.0067876
0.0027525
0.0071492
0.0018992
-0.0071306
-0.0075527
-0.00050623
0.0027569
0.0059072
0.0033357
-0.00068475
-0.00011639
0.0016877
-0.00069773
0.00077408
0.56269
0.38147
-0.69353
-0.89508
-0.061498
0.50192
0.57701
0.058859
-0.97107
-0.5348
0.72539
0.88253
-0.019559
-0.79357
-0.95023
0.3973
1.3059
0.78453
-0.8219
-1.2564
-0.52896
1.0321
1.0717
0.073523
-1.2241
-1.1412
0.17714
1.1913
0.49431
-0.52237
-0.94774
-0.46507
0.68145
0.99957
0.064364
-0.56813
0.004624
0.0017857
-0.0028768
-0.0030952
0.0014562
0.0039159
0.0079182
0.0033281
-0.0037343
-0.0050314
-0.002284
7.5128e-06
0.0019569
-0.0031498
-0.004814
-0.0015056
0.0013131
0.0022279
-0.0062659
-0.011048
-0.0068445
0.0026126
0.0080954
0.0077196
-0.0031479
-0.0062479
-0.0047282
0.00066858
0.0057702
0.0066274
0.0041829
0.0030379
-0.00065673
-0.0025029
-0.0010402
0.0014403
0.0026518
0.0031255
-6.0388e-05
-0.0027949
0.0024426
0.0071702
0.0061314
0.0067019
0.00094356
-0.004059
-0.0006392
0.0050232
0.0060348
0.0062536
0.001688
-0.0023185
-0.0033415
-0.00060768
0.00025216
-0.00058116
0.0010971
0.0019926
-0.0021007
-0.0041838
-0.0055395
-0.0069619
-0.00099071
0.0037437
3.4764e-05
-0.0042803
-0.0059814
-0.0076799
-0.0024635
0.0020795
0.00095786
-0.0017702
0.0034619
0.0018639
-0.00057823
-0.0011028
0.00026734
0.0022909
0.0023587
-0.0011975
-0.0029615
-0.0019519
0.0014199
0.003656
4.6196e-05
-0.0040724
-0.0057647
-0.0036933
-0.00046562
0.0013933
0.00030896
-0.0023365
-0.0041868
-0.0033789
-0.0019484
-0.0010233
0.00090552
0.0006173
0.00016651
8.7984e-05
0.00068366
0.0011953
0.00065608
0.0011151
0.001558
0.0018581
0.0026825
0.0028239
-0.002056
-0.0027361
-0.00010593
0.0030069
0.0026134
0.0010523
-0.0017284
-0.0027413
-0.00034547
0.001527
0.00052992
-0.00042376
-0.00012739
-0.0013607
-0.0016444
-0.0019229
-0.0028251
-0.0018791
0.00094079
-0.00051827
-0.0022285
-0.0036243
-0.003327
-0.0010272
0.0013663
0.00063655
-0.00053184
-0.00070311
0.00064463
0.0025212
0.0015551
0.0014511
0.0011582
0.0025067
0.0040593
0.0038125
0.0043981
0.0036219
0.0027151
0.0013345
7.7963e-05
0.00013029
0.0029133
0.0022841
0.0019979
0.0012437
0.00038886
0.0011467
6.429e-05
-0.00072807
-0.001304
-0.0022693
-0.001555
9.5489e-05
-0.0015226
-0.0031116
-0.0046639
-0.0052327
-0.0034634
-0.00042453
-0.0015262
-0.002366
-0.0026502
-0.0023074
0.00026624
0.002016
-0.00035992
0.00025806
0.0017178
0.0029626
0.0038942
0.0032769
-0.3371
-0.54681
-0.83876
-0.58881
0.24982
0.5863
-0.85332
-1.0362
-0.91038
-0.096721
0.81047
0.79509
-0.98647
-0.85792
-0.17977
0.55407
0.75729
0.352
-0.20578
0.32997
0.65618
0.56443
0.061284
-0.37456
0.91437
1.3553
0.75489
-0.16992
-0.7411
-0.87391
1.1542
1.2895
0.25439
-0.62803
-0.87581
-0.75718
-0.0046437
-0.0002857
0.0057628
0.0061022
0.0024462
0.00096297
-0.0074223
-0.0014972
0.0057292
0.0043558
-0.00046804
-0.0016221
-0.0043872
-0.00019277
0.0026655
-0.0018921
-0.0065411
-0.0052911
0.0021189
0.0041857
0.0014619
-0.0051729
-0.0093545
-0.0068603
0.0049779
0.0059219
0.0024564
-0.0026708
-0.0046553
-0.002917
0.0026452
0.003761
0.002232
0.0011247
0.0015958
0.0013085
0.0039418
0.010725
0.010962
-0.00029886
-0.013624
-0.015649
0.010877
0.022025
0.024062
0.0083305
-0.018316
-0.027455
0.019045
0.027814
0.029179
0.011913
-0.018619
-0.031496
0.018956
0.020288
0.017906
0.0043082
-0.017105
-0.024646
0.013107
0.0087118
5.9948e-05
-0.0086542
-0.019471
-0.020223
0.0086292
0.0032318
-0.0066506
-0.014174
-0.020836
-0.018771
-0.0087914
-0.0069482
0.00035575
0.0056951
0.0072863
0.0067163
-0.0058892
-0.0024665
0.0026602
0.0030393
0.001007
5.1623e-05
0.0029512
0.0050583
0.0031798
-0.0037918
-0.0083982
-0.0069182
0.007424
0.0054953
-0.0015299
-0.0075936
-0.0068808
-0.0033805
0.0059573
0.0012329
-0.0046525
-0.0039379
0.00038792
0.0019792
0.0039991
0.00026461
-0.0024906
0.00072543
0.0028984
0.0013177
-0.010134
-0.011156
-0.0062264
-0.0020777
0.0018809
0.0051911
-0.0071135
-0.0061548
-0.0020265
0.00025413
0.0032027
0.0060719
0.0049625
0.0069659
0.0032383
-0.0032993
-0.0042763
0.00094758
0.0121
0.013133
0.001305
-0.010795
-0.0099956
-0.0001622
0.0076443
0.0049172
-0.005144
-0.010823
-0.0011957
0.0092059
0.0008496
-0.0042886
-0.0093474
-0.0054117
0.0093255
0.016572
-0.12045
-0.40628
-0.4246
-0.25452
-0.090837
0.13233
-0.23733
-0.50951
-0.5364
-0.34259
-0.11458
0.10376
-0.34997
-0.51922
-0.54945
-0.3452
0.039824
0.25612
-0.48428
-0.57432
-0.40918
0.057418
0.5995
0.6849
-0.61922
-0.64179
-0.11658
0.74239
1.2609
1.0922
-0.525
-0.49749
0.081236
0.86313
1.2275
0.94769
0.37694
0.47258
0.042562
-0.70462
-0.97779
-0.68202
0.099654
-0.073542
-0.77738
-1.2682
-1.1437
-0.53259
-0.65548
-1.1026
-1.2305
-0.79669
0.0036225
0.4453
-0.78834
-0.82137
-0.25622
0.65861
1.1871
1.1283
0.10029
0.66889
1.173
1.1226
0.86245
0.42636
0.69461
1.198
1.0954
0.3071
-0.33377
-0.51444
0.030394
0.027026
0.010583
0.0012811
0.0078779
0.01538
0.022742
0.013542
-0.0025238
-0.0043264
0.0114
0.021976
-0.0020771
-0.016692
-0.024187
-0.01446
0.0068685
0.017799
-0.021561
-0.037772
-0.035329
-0.013496
0.0093224
0.016368
-0.026424
-0.040094
-0.028894
-0.00038026
0.022352
0.024466
-0.016873
-0.024647
-0.013323
0.0079295
0.024863
0.024798
-0.0046278
-0.0010154
0.0057664
0.0060409
-0.00070902
-0.0043406
-0.0084629
-0.0032295
0.0053516
0.0042486
-0.0025933
-0.0052433
-0.0076867
-0.0033931
0.00090457
-0.0011511
-0.0046566
-0.004582
-0.0013903
0.00035408
-0.0011399
-0.0034474
-0.0035735
-0.0028757
0.0051461
0.0066586
0.0029331
-2.7523e-05
0.00036449
-0.00053585
0.0058327
0.0080487
0.0055888
0.0034066
0.0031059
0.00075699
-0.0015062
-0.0001465
0.0014677
0.0011273
0.00010643
5.3063e-06
-0.0015684
0.00041483
0.0017408
0.0009041
-0.00011282
0.00028738
0.001105
0.0021452
0.0016842
-0.0009393
-0.0014865
-0.00063044
0.0035916
0.0035997
0.00066044
-0.0025364
-0.003452
-0.0023
0.00062801
-6.5076e-05
-0.00088901
-0.00075396
-0.0011479
-0.0003802
-0.0028267
-0.0038512
-0.0016765
0.0012251
0.0026249
0.0019038
0.0010404
-0.0033956
-0.0055337
-0.00078423
0.0073737
0.0087268
0.0037355
-0.0027683
-0.0082582
-0.0036584
0.0043726
0.0060871
0.0040868
-0.00094709
-0.0065648
-0.0049238
-0.00025496
0.00096654
0.0021099
0.00091422
-0.0025573
-0.0024411
-0.00011918
0.00095769
0.00016193
0.00076409
-0.0014714
-0.001926
0.0013433
0.0027432
-0.00057442
-0.0009469
-0.003137
-0.0028525
0.00073581
0.0022034
-0.99978
-1.4629
-0.83047
0.46761
1.0152
0.52771
-1.1993
-1.4195
-0.38308
0.96892
1.1112
0.42539
-1.0962
-0.87965
0.33844
1.0778
0.52244
-0.16063
-1.0005
-0.38742
0.83872
1.0147
0.066646
-0.49363
-0.86769
-0.055889
1.0546
1.04
0.065887
-0.39164
-0.4959
0.20344
0.92436
0.80907
0.11978
-0.1975
-0.35749
-0.65102
-0.83123
-0.7366
-0.044228
0.70667
-0.54484
-0.72653
-0.90466
-0.66288
0.39882
1.037
-0.43497
-0.48053
-0.65823
-0.40946
0.64958
1.0109
-0.23498
-0.27333
-0.46935
-0.14226
0.86622
1.0643
-0.19811
-0.35073
-0.46874
0.095748
1.0886
1.1619
-0.1979
-0.38213
-0.44868
0.12325
0.9483
0.90949
0.028212
0.039075
0.019494
-0.015145
-0.035097
-0.029348
0.042466
0.056496
0.028951
-0.019079
-0.044177
-0.034416
0.045226
0.058278
0.028136
-0.02437
-0.053177
-0.043003
0.037227
0.043956
0.018655
-0.025748
-0.055495
-0.048431
0.029798
0.028726
0.0083082
-0.015959
-0.037068
-0.034049
0.021571
0.015789
0.00018698
-0.0048011
-0.009785
-0.012061
0.027286
0.038886
0.021917
-0.0050762
-0.027262
-0.031593
0.040777
0.049953
0.021147
-0.017071
-0.042499
-0.040694
0.049006
0.049006
0.01277
-0.023692
-0.039484
-0.03068
0.055395
0.052561
0.012799
-0.026342
-0.037325
-0.022315
0.05569
0.051578
0.007515
-0.035199
-0.053955
-0.035822
0.038176
0.033083
-0.00064282
-0.034288
-0.054442
-0.043788
0.5571
0.60747
0.40965
-0.21647
-0.7804
-0.59498
1.1054
0.81509
0.046172
-0.78727
-0.96317
-0.3258
0.98495
0.30421
-0.89935
-1.2914
-0.52762
0.50806
0.44541
-0.49903
-1.4041
-1.089
0.38624
1.2092
-0.17139
-1.0045
-1.1472
-0.084207
1.1547
1.3168
-0.42281
-0.8457
-0.32054
0.70558
1.1782
0.93811
-0.001089
-0.00015426
0.0044705
0.0030706
-0.0048469
-0.0074469
-0.005584
-0.0039243
0.0026087
0.0030606
-0.0036812
-0.006196
-0.0073794
-0.0061874
-0.0011282
0.00071582
0.00058059
-0.00011523
-0.0026243
-0.0023401
-0.0026901
-0.0010928
0.0035186
0.0052036
0.0037846
0.0055843
0.0010517
-0.0020196
0.0029229
0.0061404
0.0051368
0.008441
0.0036234
-0.0019884
-0.0002871
0.0027605
-0.0025419
-0.0035503
-0.0022234
0.00017036
0.0025126
0.0023037
-0.0012973
-0.0029517
-0.0043447
-0.0038471
-0.0016125
-0.0011711
0.0021492
0.00090447
-0.0032715
-0.0051577
-0.0036543
-0.0018628
0.0031298
0.002842
-0.00047622
-0.0026301
-0.00047003
0.0021572
0.0030487
0.003552
0.00017831
-0.0020415
0.0017516
0.005186
0.0036197
0.0037897
0.00049837
-0.001491
0.0012625
0.003585
-0.012991
-0.011647
-0.0015326
0.0053197
0.0015005
-0.0065637
-0.006395
0.0026492
0.013356
0.0097899
-0.0070795
-0.01805
3.9855e-05
0.0072624
0.011264
0.0022709
-0.015258
-0.022318
0.0048029
-0.0010518
-0.0035507
-0.0016804
-0.0049277
-0.0090138
0.012337
-0.0016531
-0.0057734
0.0075507
0.011724
0.0026378
0.012825
0.0010546
-0.0017313
0.01088
0.011617
0.00050055
0.49591
0.44833
-0.40536
-0.7122
0.45638
1.2426
0.39783
0.35454
-0.61447
-1.0424
0.50765
1.6143
0.12353
0.10165
-0.6679
-1.1644
0.32993
1.5737
0.021135
-0.090677
-0.71421
-1.1862
0.11205
1.405
0.023004
-0.24479
-0.83471
-1.2303
-0.11927
1.1642
-0.023344
-0.40483
-0.86603
-1.0573
-0.24299
0.82204
-0.00038056
-0.0012795
-0.00022464
0.00033077
-0.00028488
-0.00082533
-0.0012478
-0.0020672
-0.0020207
-0.00034713
0.00045419
0.0005222
-0.00011157
-0.0014017
-0.0024597
-0.0018481
-0.00064606
0.00082039
0.0020037
0.0012084
-0.0011134
-0.0022014
-0.0012399
0.00033442
0.00051399
0.00063813
-1.7984e-06
0.00025647
0.0020011
0.002868
-0.00169
-0.0019139
-0.00050287
0.0021355
0.005138
0.0052227
-0.0040564
-0.0035423
-0.0012743
0.0007211
0.00060301
6.1687e-05
-0.0021216
-0.0011483
0.0010557
0.0020826
0.00050585
-0.00088187
-0.00063186
-0.00011491
0.001668
0.0028467
0.001652
0.00070314
-0.0013485
-0.0012239
-0.00037392
0.0013127
0.0030012
0.0030771
0.0017096
0.0007959
-0.00086841
-0.001724
-0.00046811
0.00060717
0.0044117
0.0039469
-0.00019278
-0.003326
-0.004407
-0.0032722
-0.78159
0.073659
0.89003
0.56269
0.01209
-0.13683
-1.1818
-0.073623
0.95711
0.49839
-0.21347
-0.21181
-1.3953
-0.32134
0.88181
0.50034
-0.22435
-0.2617
-1.4823
-0.51581
0.96162
0.91546
0.21095
-0.042992
-1.5251
-0.78944
0.71237
1.1474
0.70705
0.25183
-1.2031
-0.86245
0.19102
0.79652
0.71196
0.3035
0.00021871
-0.0001671
0.00043396
0.0017114
0.0019436
0.00069297
0.00056843
-0.00065835
0.00031261
0.0018343
0.00088255
-0.00054261
-0.0016319
-0.0022439
-0.0017068
-0.00090098
-0.0018285
-0.0017293
-0.002109
-0.0028366
-0.0029373
-0.002148
-0.0015309
-0.00020269
0.00049192
-0.00017383
-0.0010604
-0.00079051
0.00098821
0.0026832
0.0027166
0.0017831
0.00070253
0.00066355
0.0024044
0.0034292
0.012414
0.00088832
-0.0018332
0.003117
0.0015131
0.0031019
0.003717
-0.011668
-0.013701
-0.0088337
-0.010125
-0.002375
-0.01256
-0.025948
-0.024004
-0.016206
-0.0081155
0.0037216
-0.02175
-0.036492
-0.034069
-0.01209
0.019016
0.033515
-0.016707
-0.034244
-0.033632
0.0045918
0.054954
0.0669
-0.0039716
-0.016654
-0.016213
0.016837
0.060755
0.065941
0.0020036
0.0022943
0.0019894
0.00068139
-0.00031219
-0.00072938
0.00027621
6.8726e-05
0.00035007
2.6246e-05
-0.00071269
0.0004039
-0.002919
-0.0037555
-0.002805
-0.0017899
-0.0015598
-0.00079404
-0.0037411
-0.0031573
-0.0017534
-0.0011889
-0.001279
-0.0019496
-0.00051002
0.0013613
0.0026134
0.0023508
0.0012862
-0.00070313
0.0014142
0.0040526
0.0042496
0.0028956
0.0017414
0.00035422
-0.51334
-0.76816
-0.4616
0.25869
0.66905
0.5194
-0.60261
-0.81624
-0.37626
0.48471
0.79774
0.47908
-0.56055
-0.68008
-0.17477
0.5493
0.62886
0.27522
-0.53251
-0.61128
-0.095748
0.53308
0.56278
0.28633
-0.55431
-0.6533
-0.1706
0.49284
0.63414
0.44733
-0.44232
-0.5731
-0.26177
0.28546
0.53657
0.43959
-0.014204
0.27943
0.56581
0.18818
-0.94066
-1.3394
-0.17635
0.058992
0.78371
0.6998
-0.81719
-1.4989
-0.19763
-0.10841
0.83736
1.0854
-0.36079
-1.3111
-0.1537
-0.010757
0.93799
1.3036
-0.019533
-1.2119
-0.21598
0.1403
1.0529
1.2869
-0.029835
-1.1934
-0.24405
0.15731
0.81352
0.8764
-0.16022
-0.97529
-0.0051758
-0.0056586
-0.0048918
0.0012741
0.013179
0.016818
0.00095963
0.00088846
-0.0033203
-0.005247
0.0021588
0.0074435
0.008901
0.0077268
-0.0030642
-0.011806
-0.01139
-0.0050134
0.0080704
0.0064704
-0.0018648
-0.0077914
-0.0078775
-0.0034582
0.0035943
0.0026834
-0.00095979
-0.0032507
-0.0015254
0.0013085
0.0017323
0.0018113
-0.00091021
-0.0027472
-0.0018488
0.00027948
-0.083933
-0.082748
-0.01699
0.039534
0.034493
0.0039189
-0.092504
-0.087408
-0.014954
0.041518
0.025753
-0.0082579
-0.061471
-0.048673
0.0081374
0.04061
0.016632
-0.014556
-0.030172
-0.0074891
0.034402
0.052013
0.026918
-0.0055279
-0.013069
0.012827
0.045528
0.057584
0.032595
0.0012812
-0.00469
0.015646
0.032426
0.035197
0.021186
0.001583
0.0021033
0.0026688
0.0013131
-0.00044361
-0.00083885
1.5376e-06
0.0019824
0.0030342
0.0017057
-0.00058064
-0.0010578
7.2582e-05
0.0011055
0.0016886
0.00038703
-0.0021391
-0.0027427
-0.0013104
0.0010467
0.00041889
-0.0011445
-0.0024924
-0.0036929
-0.00223
0.0020345
0.00063442
-0.00057316
-0.0016582
-0.0019948
-0.0013116
0.0019521
0.0013178
0.00055815
0.0004196
-3.5239e-05
-0.00022191
-0.0029303
-0.00362
-0.0015723
-0.00023232
-0.00081793
-7.4975e-06
0.00074547
0.00093424
0.00093732
-0.00014669
-0.0014263
0.00052327
0.0045483
0.0051294
0.0016649
-0.0030051
-0.0038134
0.00071194
0.0030708
0.0035838
-0.00073447
-0.0051715
-0.0038255
0.0015691
0.00016835
-0.00028627
-0.002719
-0.0035747
0.00058157
0.0058529
-0.0013262
-0.0026215
-0.0033316
-0.0012993
0.0046819
0.0081893
0.0032664
0.0022511
0.0017101
0.0011241
-0.00033823
-0.0016267
0.001612
0.0016307
0.001895
0.0010121
-0.00095126
-0.0018168
-0.0033872
-0.002484
-0.0011792
-0.001951
-0.003317
-0.0032378
-0.0065499
-0.0043411
-0.0025829
-0.0030012
-0.0033114
-0.0030123
-0.0025848
0.0014198
0.0035262
0.0020114
0.00091093
-0.00022192
0.0015929
0.0067392
0.0076703
0.005397
0.0021735
0.00027404
0.0060597
0.0028784
-0.0019155
-0.0040908
-0.0054561
-0.0049481
0.0072514
0.0018962
-0.002936
-0.0019114
-0.0023065
-0.0039277
0.0018583
-0.003456
-0.001895
0.0048106
0.0065118
0.0032114
-0.0032955
-0.0061222
-0.0017009
0.0066949
0.0097688
0.00738
-0.0012081
-0.0027289
-0.0035155
-0.00093777
0.0025021
0.0034704
0.0024096
0.0015212
-0.0037068
-0.0062381
-0.0040958
-0.00039503
0.010134
0.0044796
-0.00309
-0.0046051
-0.0031685
-0.0019702
0.0093075
0.0021675
-0.0041796
-0.0020094
0.0025754
0.003473
0.0055894
0.00057184
-0.0033034
-0.00025721
0.0041682
0.0057024
0.0018738
7.9477e-05
-0.0012931
-0.00087472
-0.00078089
0.00066203
-0.0037983
-0.0037087
-0.0010205
-0.00039346
-0.001461
-0.0013926
-0.0072202
-0.0067574
-0.0014678
0.0017066
0.002059
0.0017933
0.001197
0.001131
-0.00015326
-0.0017912
-0.0027558
-0.0017707
4.4521e-05
-0.0012189
-0.0021603
-0.0011774
-8.6025e-07
0.00099763
-0.00217
-0.0041713
-0.0038671
-6.6944e-06
0.0034251
0.0038026
-0.00094738
-0.003957
-0.0038065
2.4684e-05
0.0034353
0.0036429
0.0024495
-0.0014414
-0.002819
0.00053714
0.0031894
0.0026981
0.0029888
0.00031272
-0.0013185
0.00086755
0.002701
0.0021205
0.011836
0.015001
0.0092984
-0.0027294
-0.011423
-0.0085208
0.0050299
0.0046597
0.0034936
0.001299
-0.0016977
-0.0015043
-0.0096634
-0.013196
-0.0054335
0.0078909
0.012835
0.0069292
-0.012779
-0.014338
-0.0044874
0.009289
0.013128
0.0041025
-0.0052715
-0.0013537
0.0033295
0.0048214
-0.00027506
-0.0069944
-0.00026694
0.0074497
0.0078938
-0.00048051
-0.010328
-0.012214
0.0021621
0.0013093
-0.002516
-0.0040844
0.00023574
0.0035131
0.0037151
0.0028435
-0.0019101
-0.0030367
0.00070708
0.0034535
0.0046029
0.0031336
0.00040318
0.00012416
0.0015673
0.0016077
0.003211
0.0014886
-0.00060466
0.00057032
0.0014931
0.001006
0.00049478
-0.0018639
-0.004587
-0.0032341
-0.00014897
0.0013011
-0.0010095
-0.0038294
-0.0068509
-0.0055464
-0.0015114
0.0015124
-0.49211
-0.66591
-0.69008
-0.54181
-0.53765
-0.53477
0.62359
0.97749
1.1059
1.101
0.76742
0.26069
0.93293
1.3314
1.3818
1.276
0.91939
0.49822
-0.053637
-0.16953
-0.38035
-0.58592
-0.5454
-0.29497
-0.73474
-1.0306
-1.0988
-1.0471
-0.73834
-0.36994
-0.45815
-0.53028
-0.36272
-0.14356
0.16242
0.22147
-0.35657
0.066289
0.8004
0.7373
0.070618
-0.26554
-0.57908
-0.21676
0.82143
1.0944
0.27294
-0.32642
-0.88116
-0.71063
0.30924
1.0552
0.66591
0.023696
-0.88379
-1.1735
-0.53569
0.6151
0.97994
0.57825
-0.67269
-1.1576
-1.0792
0.030022
0.982
0.939
-0.34757
-0.81452
-1.0199
-0.36799
0.60298
0.92813
-0.0006282
0.00091415
0.0028593
0.00082896
-0.003137
-0.0035479
-0.0016535
0.00038238
0.0020901
0.00022867
-0.0029895
-0.0018171
-0.0029233
-0.00083238
-0.00024619
-0.0018258
-0.002532
-0.00084182
-0.00065663
0.0011771
0.00016119
-0.0025724
-0.0027402
-0.0012541
0.0023665
0.0041322
0.0027297
1.5723e-05
0.00012618
-0.00046411
0.0013908
0.0035352
0.0031312
0.0019079
0.002432
0.00057957
-0.71092
-0.91407
-0.95887
-0.50216
0.31067
0.63995
-0.50081
-0.56222
-0.65456
-0.27335
0.52331
0.77114
0.82714
0.96982
0.61627
0.49567
0.7421
0.6618
1.4262
1.5905
0.98069
0.33975
0.14693
0.10233
0.38721
0.2482
-0.25739
-0.73675
-0.89057
-0.68687
-0.60421
-0.80361
-0.89779
-0.87268
-0.79877
-0.58165
-0.0093491
-0.016936
-0.015011
-0.0083421
-0.0037453
-0.0028883
9.2634e-05
-0.0025403
-0.0026511
-0.0038745
-0.0061125
-0.0059367
0.0073584
0.0107
0.0080444
-0.0034693
-0.011482
-0.0079998
0.0038419
0.0068656
0.0026598
-0.0076829
-0.0077207
-5.4841e-05
0.0039794
0.004261
0.0005507
0.00099575
0.0072645
0.011173
0.0054224
0.0050191
0.0039451
0.0094694
0.014302
0.011126
-0.85364
-0.83302
-0.39045
-0.063514
-0.19106
-0.21432
-1.0803
-1.1167
-0.7241
-0.49535
-0.65035
-0.59288
-0.71782
-0.75529
-0.69547
-0.78694
-0.928
-0.75122
0.23437
0.36847
0.25201
0.1014
0.017238
0.063662
0.74155
0.94645
0.93587
1.1158
1.306
1.101
0.30778
0.35858
0.38927
0.78923
1.246
1.0625
0.0011174
0.004029
0.0034346
-0.0020945
-0.0050363
-0.0027293
-0.0019691
0.00046821
0.001129
-0.0027739
-0.0057195
-0.0034252
-0.0062785
-0.0060199
-0.002823
0.00025225
0.0018585
0.0015293
-0.0048534
-0.0073588
-0.0040875
0.004531
0.0089769
0.0059661
0.001799
-0.0011206
-0.0022528
0.0029467
0.0072423
0.0044286
0.0047084
0.0034434
-0.00045212
-0.00021617
0.0010881
0.00027495
0.00023074
0.0047935
0.0088774
0.0056016
-0.0021876
-0.0050215
-0.0033073
0.00015108
0.0062542
0.0037758
-0.0037374
-0.0063685
-0.0047331
-0.0036131
-0.00019567
-0.0011439
-0.0044512
-0.0047187
-0.0014564
-0.0013528
-0.00084496
-0.0016208
-0.0022599
-0.0021126
0.0018889
0.0030209
0.0016519
0.00020809
0.00055008
0.00071806
0.0026486
0.0039192
0.0026209
0.0013053
0.0016889
0.00070744
-0.0010641
-0.00044784
-0.00032411
0.00053253
0.0012845
0.00012584
-0.0018373
-0.0010008
0.00076225
0.0025746
0.0025087
0.00031254
-0.00046679
0.0011333
0.0026736
0.002725
0.00047817
-0.0021458
0.00096512
0.0044095
0.0051815
0.0020654
-0.00243
-0.0040268
-0.0025423
0.0014618
0.0043127
0.0018723
-0.0026271
-0.0033835
-0.0064762
-0.0032453
0.00052781
0.00065253
-0.0019757
-0.0026854
-0.0013361
0.002009
0.0051574
0.0041018
0.0012777
-0.00067808
-0.0047911
-0.0011014
0.0033778
0.0029994
0.00121
6.4775e-05
-0.0061785
-0.0033872
-0.00023446
-0.00027566
-0.0010357
-0.0013225
-0.002949
-0.0013852
-0.0014786
-0.0024105
-0.0020333
-0.0026251
0.0021107
0.0022371
0.00013809
-0.00020627
-1.768e-05
-0.0013885
0.00331
0.0037584
0.0022569
0.0024021
0.0019228
-4.7485e-05
0.0062983
0.0049918
0.00091387
0.00039836
0.00086355
0.0014315
0.0051945
0.0026401
0.00014585
0.00083862
0.0015729
0.0012267
-0.0021808
-0.0049752
-0.0028357
0.0014439
0.0021928
0.00099076
-0.0066383
-0.008262
-0.0034237
0.0013074
0.0022489
0.00050247
-0.0018866
-0.0014327
0.00060638
0.00047608
-0.0020928
-0.0022332
0.0033319
0.0058259
0.0038847
-0.0009331
-0.0057455
-0.0049549
0.0015076
-0.00034576
0.00017268
0.001818
-0.00067921
-0.0030004
0.00069903
-0.0025747
-0.00097539
0.0024651
0.00077795
-0.0012803
-0.003204
-0.0068899
-0.0042875
0.00034636
0.0027415
0.0027978
-0.0038236
-0.0067902
-0.005238
-0.0010409
0.0032513
0.0050033
0.0008661
0.00016007
-0.00061562
-0.00018189
0.0027623
0.00455
0.0039122
0.0044419
0.0019711
0.00010458
0.00029273
0.0020808
0.0004279
-0.006736
-0.012052
-0.014762
-0.01552
-0.0098768
-0.00076983
-0.0079358
-0.010554
-0.010005
-0.0076321
-0.0036438
0.0044446
0.0007527
-0.0012625
0.00035336
0.002788
0.0048246
0.0095503
0.0065253
0.0024732
0.0030242
0.0069127
0.0065304
0.005917
0.0026302
-0.00050615
0.0048593
0.010284
0.0088811
0.00097854
-0.0025166
-0.0028773
0.0050187
0.011966
0.010647
-0.024063
-0.020513
-0.0057083
0.0068483
0.01643
0.017398
-0.021975
-0.016334
-0.0028729
0.0059146
0.014628
0.01871
-0.014733
-0.0089209
-0.0028133
-0.0011616
0.0051047
0.01227
-0.016941
-0.013416
-0.0077055
-0.0014901
0.010563
0.016756
-0.024082
-0.023741
-0.0097385
0.0093156
0.029662
0.030031
-0.021931
-0.022747
-0.0091487
0.013341
0.032994
0.029267
0.0051679
-6.6661e-05
-0.006344
-0.0019094
0.0071741
0.0078369
0.01233
0.0046372
-0.0077821
-0.007264
0.0019028
0.00468
0.011782
0.0059142
-0.0060704
-0.0076845
-0.00072401
0.0027063
0.0022173
0.00028517
-0.0045856
-0.0042674
0.0010921
0.004139
-0.0032425
-0.0030122
-0.0041065
-0.003449
-0.00018981
0.0022636
-0.0020255
-0.0018268
-0.0026155
-0.0039938
-0.0027887
-0.00088855
-0.48488
-0.86661
-1.0023
-0.85967
-0.73207
-0.62589
0.38549
0.05721
-0.59749
-1.0899
-1.4122
-1.3246
1.1718
1.2589
0.71163
-0.12374
-0.82158
-1.0024
0.58467
0.98209
1.152
1.0562
0.72088
0.3911
-0.15938
-0.035731
0.30579
0.81945
1.0608
0.95824
-0.18472
-0.49576
-0.53171
-0.2381
0.1816
0.36952
0.73356
1.1638
1.4867
1.7589
1.6977
1.3497
-0.18806
-0.39139
-0.23359
0.24204
0.57981
0.54699
-0.82643
-1.2134
-1.3432
-1.1868
-0.86052
-0.60208
-0.45382
-0.41783
-0.50274
-0.54765
-0.64298
-0.70822
-0.058049
0.081205
0.22617
0.29255
0.030137
-0.32086
-0.14805
-0.16876
0.0317
0.22394
-0.0077004
-0.29946
0.025665
0.02196
0.0064877
-0.0062683
-0.019855
-0.023811
0.028721
0.019347
-0.00013598
-0.0076432
-0.013191
-0.016936
0.02221
0.0055566
-0.012564
-0.0073461
0.00081736
-0.0025865
0.022282
0.00075904
-0.017059
-0.0063467
0.0029345
-0.0028416
0.025547
0.0054586
-0.010661
-0.0028345
-0.005821
-0.015221
0.018395
0.006951
-0.0019317
-0.00046487
-0.010826
-0.019501
0.0014755
0.0013458
0.00088241
-0.00022367
-0.00080675
-0.00067039
0.00084828
0.00061149
0.00017036
0.0001006
-0.00024795
-0.00045489
-0.00025493
-0.00056305
-0.00046528
0.00021557
-0.00011558
-0.00047384
0.00030267
-0.00024931
-0.00016367
-2.7213e-05
-0.00061532
-0.0011317
0.0014378
0.0012541
0.00030499
1.7632e-05
-0.00047493
-0.0011387
0.00092829
0.0003887
0.00054207
0.00026045
-0.00086516
-0.00084902
-6.5388e-05
-0.0007527
0.00045399
0.0023519
0.0025752
0.0021488
-0.0025567
-0.0041499
-0.0025432
-0.0015192
-0.001655
-0.00061018
-0.0040852
-0.0058289
-0.0040399
-0.003058
-0.0032621
-0.0019425
-0.003587
-0.0034098
0.00025991
0.00069643
0.00014826
0.0011168
0.00079011
0.0032832
0.0057719
0.0039951
0.001198
0.00078343
0.0041622
0.007256
0.0075188
0.002624
-0.002152
-0.0025014
-0.69599
-1.0308
-0.40232
0.86875
1.028
0.47386
-0.57118
-1.1789
-0.6668
0.81193
1.2618
0.63802
-0.14982
-0.85243
-0.85412
0.36257
1.0962
0.72281
0.27298
-0.47114
-0.96913
-0.24275
0.83076
0.8588
0.45847
-0.2197
-1.0423
-0.76295
0.34447
0.78418
0.40231
-0.073414
-0.86389
-0.82185
-0.035671
0.52996
0.083067
0.10988
0.085227
0.030098
-0.04254
-0.070533
0.10766
0.13338
0.09325
0.021105
-0.056844
-0.081136
0.10194
0.10669
0.053199
-0.009253
-0.057756
-0.064449
0.091278
0.074477
0.0042843
-0.053094
-0.084633
-0.076371
0.08027
0.053909
-0.027574
-0.097423
-0.1318
-0.11219
0.053025
0.032436
-0.029896
-0.090895
-0.12041
-0.098703
0.538
0.69387
0.47421
-0.12711
-0.60936
-0.63324
0.67448
0.80951
0.47898
-0.15861
-0.66349
-0.70043
0.67734
0.73651
0.37048
-0.15367
-0.53448
-0.60124
0.71569
0.71502
0.26265
-0.25825
-0.54191
-0.55402
0.74625
0.64847
0.060136
-0.4965
-0.71775
-0.62286
0.50669
0.34356
-0.14827
-0.57672
-0.72388
-0.60059
0.0017288
0.0007116
0.0016069
0.0016003
-0.00065357
-0.0016668
0.00057211
-0.00048307
6.9954e-05
0.00071922
0.00026304
0.00012754
-0.0016686
-0.0024166
-0.001905
-0.0019572
-0.0010509
0.00032242
-0.0024154
-0.0022973
-0.0028275
-0.0031398
-0.0011846
0.00094776
0.00010463
0.0006749
-0.0004626
-0.0013514
0.0010439
0.0033159
0.0020754
0.0034005
0.001829
0.00024761
0.0016882
0.0026386
0.80718
0.86736
-0.023835
-0.92207
-0.61654
0.024779
0.63215
1.1725
0.36815
-1.0287
-0.93344
-0.084988
0.17484
1.0653
0.71771
-0.72501
-1.0507
-0.37669
-0.3554
0.83154
1.137
-0.11978
-1.0319
-0.77663
-0.66906
0.5384
1.3364
0.43702
-0.81638
-0.9596
-0.58368
0.33413
1.0367
0.57141
-0.44344
-0.80058
-0.00054797
0.0012886
0.0013219
0.0004858
-0.00059105
-0.0025542
-0.0027191
-0.0022281
-0.00084239
0.0025104
0.0044579
0.0021041
-0.00345
-0.0052668
-0.0038351
0.0014882
0.0056112
0.0035513
-0.0026144
-0.0038632
-0.0022241
0.00041617
0.00089906
-0.0012672
-0.0020428
0.0014646
0.0045046
0.0027251
-0.0026656
-0.0043775
-0.0018926
0.0040801
0.0076107
0.0034226
-0.0025961
-0.0040872
-4.6056
-4.6057
-4.6053
-4.6
-4.605
-5.1263
-4.6054
-5.3225
-5.2318
-5.2042
-4.6054
-5.1883
-5.1558
-5.4791
-4.6872
-5.1282
-5.1286
-4.6041
-4.6153
-4.605
-4.6049
-4.5989
-5.1842
-4.9979
-4.5952
-5.1073
-4.6058
-4.6059
-5.0655
-4.6031
-4.6007
-4.603
-4.6061
-4.606
-5.3543
-4.6058
-4.606
-4.6059
-4.6056
-4.606
-5.0492
-4.6049
-4.6057
-4.6035
-4.6045
-5.0117
-4.6057
-4.604
-4.6061
-4.606
-4.6057
-4.9961
-4.6051
-4.5927
-4.6054
-4.6047
-4.8858
-5.1065
-4.6013
-4.605
-4.6058
-4.6053
-5.4219
-5.1324
-4.6029
-4.5926
-5.177
-4.6054
-4.6057
-4.5996
-5.1523
-4.6062
-4.606
-5.2369
-4.6061
-4.5998
-4.6057
-5.01
-5.2584
-4.604
-4.6044
-4.6059
-4.6051
-4.6056
-4.6055
-4.6055
-4.6061
-4.6052
-4.6057
-4.9468
-5.2705
-4.6043
-5.108
-4.605
-5.229
-4.606
-4.6055
-4.6057
-4.6056
-4.6058
-4.606
-4.6053
-4.5927
-4.6052
-5.2701
-4.8862
-4.602
-4.6061
-4.6057
-5.4076
-4.6915
-5.1735
-4.6059
-5.1626
-4.6056
0.017651
-0.00034001
-0.0079701
-0.0051064
-0.00183
-0.010013
0.0097575
-0.0039511
-0.0071185
-0.0020855
0.0022348
-0.0020081
0.0089241
0.0015898
9.4495e-05
0.0036449
0.0070032
0.0045914
0.010181
0.0034944
-0.0013443
0.00020429
0.0040424
0.00019908
0.014149
0.0060273
-0.0042511
-0.0092389
-0.0056244
-0.0035129
0.01232
0.0089026
0.0038085
-0.0056564
-0.0079257
-0.0038068
