0.14599
-0.12808
-0.17183
-0.036418
-0.08621
-0.089801
-0.00027618
-0.037703
-0.08867
0.22624
-0.59242
0.16743
-0.2966
0.031968
-0.069909
0.33059
-0.34074
-0.20765
-0.0646
-0.10167
-0.073393
0.013171
-0.021218
-0.056387
0.23979
-0.8561
0.30696
-0.19975
2.2924e-05
0.067808
0.46847
-0.61683
-0.20934
0.054477
-0.11155
-0.018315
0.12028
0.022514
-0.19385
0.051299
-0.82825
0.27885
0.07791
-0.13518
0.20297
0.45961
-0.83524
-0.29495
0.2021
-0.15127
0.074538
0.29159
0.13651
-0.33678
-0.29716
-0.45849
0.28035
0.36882
-0.32594
0.29867
0.36881
-0.72663
-0.38496
0.21984
-0.16334
0.16199
0.34758
0.27555
-0.45565
-0.545
0.0029668
0.2676
0.43675
-0.35254
0.27894
0.24006
-0.28337
-0.35543
0.16567
-0.32964
0.33257
0.22768
0.48918
-0.4648
-0.54123
0.24637
0.2356
0.27433
-0.38986
0.22957
-0.07642
0.22541
-0.13945
0.12464
-0.43941
0.42064
-0.025283
0.69515
-0.42385
-0.41381
0.16759
0.19666
0.036808
-0.47802
0.15792
-0.37699
0.39881
0.12752
-0.051326
-0.35537
0.28807
-0.22275
0.82777
-0.34605
-0.19554
0.0025161
0.10589
-0.13227
-0.39073
0.091946
-0.51166
0.3197
0.24464
-0.26288
-0.083671
-0.0039752
-0.3304
0.76467
-0.1526
0.029263
-0.015001
-0.080016
-0.15204
-0.16939
0.045816
-0.50302
0.15432
0.21808
-0.38841
0.28705
-0.28241
-0.35417
0.57208
-0.0057341
0.099715
-0.039438
-0.3761
-0.16699
0.037048
0.017178
-0.39423
0.024627
0.19584
-0.27092
0.47712
-0.35751
-0.2892
0.40074
0.0028487
0.015101
-0.086353
-0.47855
-0.14344
0.059811
-0.019756
-0.14274
-0.003063
0.060301
-0.074282
0.44885
-0.22551
-0.22378
0.21086
-0.028825
-0.10589
-0.082179
-0.3646
-0.083975
0.026686
-0.062953
0.39855
-0.13272
-0.13655
0.021595
-0.13809
-0.13641
-0.11757
-0.026569
-0.082276
0.31645
-0.89953
0.28357
-0.36159
0.013092
-0.063484
0.67058
-0.45953
-0.2162
0.0069891
-0.11363
-0.13413
-0.049845
0.024874
-0.030004
0.31192
-1.3157
0.47191
-0.23752
-0.007663
0.11083
0.78855
-0.88171
-0.32063
0.09137
-0.12127
-0.073162
0.14719
0.04691
-0.20977
0.033366
-1.1371
0.46832
0.21354
-0.089839
0.2238
0.8141
-1.1553
-0.45414
0.26278
-0.17392
0.10849
0.3607
0.18063
-0.41938
-0.43065
-0.45403
0.46936
0.68767
-0.2953
0.27325
0.69849
-0.96259
-0.55015
0.29462
-0.23041
0.29306
0.41731
0.40309
-0.60786
-0.73095
0.24107
0.43653
0.82945
-0.41937
0.19442
0.32144
-0.32082
-0.49079
0.27142
-0.48387
0.52615
0.21477
0.71839
-0.7176
-0.71691
0.4958
0.45304
0.53543
-0.55469
0.10363
-0.15739
0.3658
-0.25935
0.18689
-0.62804
0.67067
-0.058229
1.1106
-0.68336
-0.48488
0.27213
0.43846
0.19355
-0.62312
0.019319
-0.53316
0.54668
0.060695
-0.10593
-0.5469
0.50568
-0.28539
1.373
-0.52951
-0.19637
-0.012254
0.23709
-0.072173
-0.35243
-0.085282
-0.71284
0.32455
0.24618
-0.3825
-0.14969
0.16362
-0.42667
1.3802
-0.27257
0.074311
-0.065753
-0.093012
-0.15993
0.021358
-0.12417
-0.66105
0.14775
0.23141
-0.47598
0.52484
-0.16587
-0.44524
1.1409
-0.034688
0.1577
-0.071283
-0.51353
-0.16508
0.24684
-0.11897
-0.38429
0.021843
0.2033
-0.37876
0.85872
-0.36874
-0.35691
0.7883
0.054037
0.074901
-0.074569
-0.69622
-0.095976
0.24505
-0.11532
-0.044689
-0.065716
0.092798
-0.13453
0.77471
-0.29252
-0.22323
0.37882
0.097032
-0.088639
-0.060838
-0.53053
-0.02933
0.10601
-0.14359
0.54449
-0.18805
-0.16438
-0.0033059
-0.11258
-0.10679
-0.26267
-0.018469
0.052699
0.27235
-1.0178
0.2923
-0.43323
0.10558
-0.12397
0.85193
-0.57708
-0.21383
0.044936
-0.039559
-0.17119
-0.2121
-0.06523
0.17235
0.27579
-1.3771
0.50012
-0.3163
0.11657
-0.014466
0.92414
-1.0543
-0.32538
0.11366
-0.020868
-0.17257
-0.064021
-0.066065
0.049069
-0.0097181
-0.88633
0.51327
0.24613
0.0033435
-0.064583
0.91274
-1.2372
-0.44159
0.21022
-0.045809
0.0062054
0.1734
0.04344
-0.21729
-0.49387
-0.014756
0.49917
0.85229
-0.24043
-0.13508
0.6636
-0.83086
-0.54312
0.24493
-0.16369
0.28258
0.23541
0.19097
-0.48722
-0.75654
0.69022
0.50194
1.006
-0.51761
-0.1759
0.17807
-0.060614
-0.52037
0.28657
-0.49935
0.61889
0.055999
0.44609
-0.70772
-0.73727
0.78167
0.5684
0.61374
-0.69225
-0.241
-0.31067
0.54719
-0.32341
0.16185
-0.70392
0.85322
-0.222
0.81587
-0.73972
-0.41594
0.3283
0.57668
0.16808
-0.5173
-0.3064
-0.64835
0.58796
-0.077506
-0.17072
-0.62705
0.79088
-0.42571
1.1894
-0.6139
-0.026544
-0.022921
0.33309
-0.11848
-0.024232
-0.34457
-0.74489
0.31141
0.094516
-0.49285
-0.050942
0.47395
-0.47172
1.3529
-0.38259
0.19935
-0.092302
-0.08512
-0.20974
0.35251
-0.28725
-0.55315
0.14118
0.12599
-0.57549
0.84124
0.12589
-0.43375
1.1878
-0.098232
0.20285
-0.097802
-0.57143
-0.15784
0.4875
-0.2208
-0.2163
-0.0070347
0.13742
-0.36916
1.2623
-0.13657
-0.31727
0.83725
0.086794
0.069836
-0.054712
-0.83262
-0.091645
0.35563
-0.24649
0.042012
-0.050066
0.091118
-0.049992
0.9892
-0.20648
-0.1848
0.45236
0.12368
-0.08358
-0.043935
-0.66186
0.0035645
0.12292
-0.20802
0.46749
-0.22233
-0.2735
-0.0050081
-0.077482
-0.071858
-0.41777
-0.10963
0.27575
0.35627
-0.95389
0.30526
-0.57239
0.17186
-0.22649
0.86289
-0.64722
-0.30108
0.019913
-0.01366
-0.15704
-0.41909
-0.15682
0.4301
0.40147
-1.0379
0.49187
-0.4661
0.23454
-0.23929
0.95158
-1.1214
-0.33914
-0.001006
0.066289
-0.24459
-0.38012
-0.22095
0.38013
0.066188
-0.3291
0.42533
0.10854
0.048432
-0.36886
0.76287
-1.0949
-0.39191
0.059904
0.078434
-0.15027
-0.21176
-0.22912
0.13646
-0.39002
0.5919
0.34439
0.75637
-0.33542
-0.45756
0.38788
-0.41053
-0.42889
0.19865
-0.099533
0.089041
-0.13657
-0.20564
-0.1844
-0.65371
1.0301
0.43516
1.0066
-0.69743
-0.54131
-0.0731
0.4551
-0.47134
0.28019
-0.4159
0.50077
-0.23409
-0.076405
-0.5124
-0.62178
0.73998
0.6437
0.65727
-0.72476
-0.57122
-0.47457
0.79931
-0.41419
0.13838
-0.67912
0.97348
-0.39923
0.19906
-0.69777
-0.30568
0.195
0.68389
0.19834
-0.29263
-0.5765
-0.68658
0.5334
-0.23799
-0.24292
-0.5457
1.1063
-0.4743
0.4913
-0.73532
0.12531
-0.037603
0.39418
-0.12476
0.34248
-0.53177
-0.619
0.20576
-0.041994
-0.60633
0.074381
0.82094
-0.45514
0.66464
-0.617
0.24417
-0.10362
-0.015947
-0.22453
0.66208
-0.40452
-0.34962
0.063555
0.097241
-0.65845
1.0451
0.36455
-0.34539
0.58078
-0.34455
0.11454
-0.052132
-0.56888
-0.17904
0.51342
-0.30313
-0.077102
-0.02066
0.14522
-0.32337
1.4645
0.07349
-0.24951
0.44853
-0.094931
-0.05946
-0.015313
-0.91112
-0.14211
0.21405
-0.34308
0.068744
0.020033
0.097892
0.036283
1.0331
-0.034081
-0.1251
0.28951
-0.00013515
-0.14599
-0.035715
-0.7341
-0.049976
0.030108
-0.30038
0.43713
-0.23511
-0.27204
0.03563
-0.1326
-0.071066
-0.53623
-0.14438
0.33953
0.50607
-0.7321
0.254
-0.73431
0.13909
-0.31204
0.8353
-0.6394
-0.27037
-0.030738
-0.092732
-0.12728
-0.70316
-0.11912
0.56571
0.59381
-0.5404
0.35191
-0.67328
0.24107
-0.35484
0.77809
-1.0288
-0.28163
-0.12356
0.047539
-0.30314
-0.6935
-0.25922
0.64643
0.27176
0.32158
0.28724
-0.13725
-0.039972
-0.41032
0.47707
-0.81144
-0.3289
-0.02865
0.062907
-0.36927
-0.61072
-0.41983
0.49998
-0.19303
1.0709
0.20099
0.51227
-0.53111
-0.47452
0.053304
0.055262
-0.33058
0.2202
-0.075729
-0.2104
-0.48798
-0.48957
0.16681
-0.50173
1.0814
0.35128
0.84336
-0.88383
-0.55241
-0.41718
0.84839
-0.41963
0.28235
-0.33236
0.19471
-0.4166
-0.49624
-0.27276
-0.52099
0.43025
0.66804
0.65041
-0.70669
-0.53871
-0.66145
0.92757
-0.47892
0.081964
-0.64187
0.79463
-0.40307
-0.42538
-0.61626
-0.29282
-0.069301
0.72135
0.2745
-0.033568
-0.47239
-0.62849
0.44439
-0.35388
-0.3475
-0.51349
1.1696
-0.41326
-0.34931
-0.85369
0.070223
-0.14707
0.43594
-0.069258
0.70262
-0.4525
-0.40332
0.10697
-0.071454
-0.78092
0.079276
1.0862
-0.29025
-0.25603
-0.86833
0.14615
-0.065273
0.014113
-0.21426
0.92446
-0.37532
-0.10654
0.0017502
0.13396
-0.73946
0.94677
0.65484
-0.12389
-0.18701
-0.66043
-0.025537
0.03081
-0.56812
-0.18065
0.47655
-0.29529
0.04958
0.019236
0.19408
-0.214
1.44
0.26825
-0.094084
-0.084595
-0.3494
-0.20087
0.038534
-0.9212
-0.14586
0.022676
-0.28752
0.070404
0.078363
0.15251
0.17007
1.0076
0.10213
-0.067744
-0.036066
-0.20358
-0.20032
-0.050739
-0.71472
-0.11767
-0.13531
-0.22961
0.5322
-0.2797
-0.26254
-0.051934
-0.17926
-0.10452
-0.51979
-0.091083
0.15959
0.62812
-0.4556
0.11473
-0.81497
0.1298
-0.21713
0.78771
-0.67779
-0.22875
-0.15943
-0.18068
-0.14134
-0.85219
-0.017695
0.48379
0.80041
-0.0036289
0.15795
-0.93762
0.091997
-0.16728
0.5159
-0.84782
-0.19466
-0.20305
-0.025257
-0.34491
-0.9196
-0.17667
0.72168
0.53445
0.86485
0.13317
-0.47497
-0.28044
-0.15387
0.098889
-0.39844
-0.20402
0.025802
0.027101
-0.54159
-0.8913
-0.38075
0.80099
0.027506
1.2523
0.14914
0.15512
-0.75684
-0.0708
-0.38588
0.48614
-0.2769
0.28953
-0.011813
-0.54506
-0.73648
-0.47473
0.59265
-0.37124
0.80798
0.31555
0.57606
-1.0053
0.015715
-0.76346
1.0601
-0.47696
0.31096
-0.18212
-0.23447
-0.58085
-0.57488
0.15822
-0.52044
0.04453
0.63697
0.57151
-0.54235
0.16281
-0.78304
0.91708
-0.53084
-0.019613
-0.4941
0.38707
-0.49746
-0.69665
-0.33597
-0.37233
-0.35839
0.71824
0.32323
0.3317
0.26832
-0.47892
0.37915
-0.30096
-0.57483
-0.50285
0.89083
-0.41953
-0.80089
-0.72658
-0.098908
-0.25868
0.39882
0.039467
0.97503
0.23986
-0.14713
0.041946
0.085938
-0.9517
-0.058504
0.97645
-0.18508
-0.80325
-0.90298
-0.026229
-0.015675
-0.094361
-0.099782
0.90333
0.16746
0.11816
-0.029034
0.30149
-0.72727
0.68816
0.77215
-0.019587
-0.71999
-0.86983
-0.15177
0.069574
-0.68464
-0.10522
0.2766
0.090569
0.19419
0.038635
0.29825
-0.053852
1.2541
0.4814
-0.046666
-0.55973
-0.63408
-0.25324
0.0076244
-0.96981
-0.13204
-0.1896
0.027554
0.085485
0.048809
0.18636
0.31916
0.99241
0.24382
0.010688
-0.39228
-0.41166
-0.17632
-0.07446
-0.73173
-0.16522
-0.2039
0.0074937
0.55652
-0.34901
-0.21342
-0.068731
-0.14351
-0.11395
-0.43188
-0.087104
-0.038859
0.71002
-0.21418
0.10152
-0.74492
0.13037
0.18607
0.62996
-0.63162
-0.19522
-0.13203
-0.1622
-0.19751
-0.63543
0.045571
0.25304
1.0102
0.38117
0.091162
-1.0614
-0.031758
0.3025
0.2174
-0.61645
-0.12638
-0.11103
-0.050663
-0.40721
-0.70794
-0.0036168
0.58245
0.69195
1.0619
0.08675
-0.79563
-0.46663
0.38916
-0.31301
-0.014364
-0.092654
0.12116
0.0091234
-0.64479
-0.68711
-0.20254
0.88238
0.1893
1.103
0.12674
-0.19824
-0.88386
0.56972
-0.74203
0.69673
-0.22245
0.3362
0.041272
-0.75311
-0.6607
-0.29423
0.88744
-0.2761
0.43363
0.2566
0.33485
-0.87218
0.81398
-0.881
0.96811
-0.50237
0.23923
-0.084
-0.54989
-0.6176
-0.41393
0.53162
-0.5329
-0.23549
0.49627
0.50319
-0.16476
1.0376
-0.59817
0.63907
-0.48934
-0.24294
-0.40185
-0.079037
-0.52346
-0.60498
0.074837
-0.45539
-0.47561
0.50904
0.40018
0.7728
1.129
-0.18079
0.15363
-0.072193
-0.83223
-0.5495
0.43298
-0.31479
-0.80507
-0.32942
-0.18098
-0.29822
0.20294
0.24607
1.1036
1.0671
0.080933
-0.06627
0.40658
-0.99896
-0.25968
0.69728
-0.051204
-0.92585
-0.6295
-0.103
-0.010637
-0.26785
0.11137
0.64202
0.88125
0.22941
-0.073139
0.59075
-0.49682
0.41217
0.72569
-0.018944
-0.87809
-0.7682
-0.23947
0.085749
-0.77521
0.044624
0.062815
0.66628
0.21934
0.012781
0.44434
0.22332
0.89428
0.57627
-0.07803
-0.76774
-0.68649
-0.32552
0.038085
-1.0039
-0.041412
-0.25735
0.41272
0.12208
0.018433
0.13781
0.48236
0.80609
0.29146
0.041258
-0.52158
-0.48236
-0.15014
-0.041612
-0.69759
-0.11847
-0.22516
0.2107
0.40356
-0.37778
-0.11926
0.033544
-0.20614
-0.061235
-0.19234
-0.065946
-0.22203
0.78739
0.018384
0.16431
-0.73827
0.050294
0.43093
0.32457
-0.52876
-0.1282
0.024585
-0.22665
-0.17469
-0.14819
-0.004392
-0.060659
1.1945
0.51915
0.10432
-1.0915
-0.17849
0.58248
-0.11559
-0.34103
-0.095539
0.056711
-0.1262
-0.37802
-0.022615
0.016009
0.31822
0.87876
0.92519
0.078281
-0.93185
-0.5115
0.669
-0.59408
0.24815
-0.098639
0.20348
-0.021292
-0.67143
-0.048574
-0.13028
0.78917
0.31904
0.7593
0.096513
-0.43728
-0.74413
0.76099
-0.86802
0.71776
-0.33197
0.25322
0.050919
-0.86272
-0.12397
-0.1963
1.0053
-0.1819
0.15588
0.18971
0.10257
-0.50068
0.90181
-0.74327
0.66294
-0.64136
0.099702
-0.052479
-0.72112
-0.19578
-0.22609
0.83579
-0.49839
-0.30737
0.33121
0.40842
0.27662
1.126
-0.32089
0.29194
-0.46615
-0.43344
-0.33478
-0.40023
-0.21274
-0.32979
0.49179
-0.51627
-0.37132
0.30816
0.48638
1.026
1.2527
0.012781
-0.038695
0.1984
-0.96937
-0.59492
-0.023778
-0.12605
-0.5101
0.094895
-0.2883
-0.22898
0.022613
0.45003
1.0163
1.2005
0.12706
-0.13767
0.78678
-0.85993
-0.46763
0.27713
-0.016637
-0.72137
-0.26211
-0.17551
-0.059948
-0.39143
0.29768
0.45326
1.0183
0.17334
-0.10604
0.95576
-0.12202
0.044794
0.4536
-0.064498
-0.75573
-0.48186
-0.26569
-0.039434
-0.79964
0.16578
-0.05617
0.84458
0.11946
-0.026356
0.60448
0.61105
0.44905
0.45724
-0.15871
-0.60746
-0.50903
-0.28619
-0.07499
-0.95903
0.035011
-0.2753
0.63238
-0.018078
0.011413
0.2014
0.78418
0.44893
0.25521
-0.10806
-0.36796
-0.41327
-0.11183
-0.15155
-0.65285
-0.054066
-0.22954
0.37565
0.27186
-0.34981
-0.052667
0.04854
-0.25277
-0.0043254
0.16736
-0.077854
-0.34616
0.82016
0.15239
0.17292
-0.67962
-0.096494
0.19338
0.017189
-0.38795
-0.059457
0.10222
-0.29949
-0.056243
0.42072
-0.075811
-0.29494
1.2975
0.50936
0.12062
-1.0293
-0.3183
0.31863
-0.41323
-0.1289
-0.020753
0.1633
-0.2202
-0.27381
0.73676
-0.078007
0.063174
1.0483
0.66328
0.10438
-0.92955
-0.47369
0.32441
-0.76154
0.34573
-0.16275
0.20207
-0.045834
-0.57537
0.7734
-0.11686
0.50428
0.41429
0.39744
0.10463
-0.57055
-0.51837
0.21944
-0.81714
0.63064
-0.5197
0.14852
0.1281
-0.83238
0.61155
-0.12754
0.86378
-0.14968
-0.049305
0.13496
-0.10155
-0.10459
0.1863
-0.53835
0.44238
-0.7607
-0.092603
0.068853
-0.8461
0.42819
-0.096237
0.93106
-0.51086
-0.27356
0.20723
0.33141
0.64081
0.31919
-0.12057
0.12338
-0.38144
-0.64495
-0.22939
-0.65456
0.23609
-0.055253
0.74095
-0.58039
-0.23609
0.12313
0.5503
1.0591
0.39624
0.083438
-0.053454
0.43479
-1.037
-0.56991
-0.43213
0.059775
-0.09439
0.43655
-0.4334
-0.12816
-0.16391
0.5392
0.8327
0.43403
0.1036
-0.14741
1.1607
-0.61717
-0.63414
-0.1828
-0.041219
-0.27876
0.11636
-0.3206
-0.11975
-0.5431
0.35362
0.27374
0.4338
0.095802
-0.13364
1.2488
0.34857
-0.30673
0.058921
-0.15832
-0.37002
-0.10591
-0.25557
-0.22738
-0.8591
0.20421
-0.18508
0.46043
0.062689
-0.032685
0.73248
1.094
0.13148
0.22766
-0.20221
-0.34413
-0.21436
-0.17547
-0.28349
-0.91608
0.041979
-0.32968
0.44112
-0.079796
0.036947
0.26344
1.036
0.28091
0.21296
-0.16112
-0.24607
-0.22412
-0.067721
-0.24799
-0.62604
-0.078643
-0.20637
0.30381
0.085909
-0.30203
-0.044329
0.044277
-0.24459
0.032885
0.34223
-0.30964
-0.36069
0.78037
0.087509
0.095714
-0.55521
-0.16595
-0.066247
-0.19988
-0.18303
-0.0092915
0.15914
-0.28198
-0.0032835
0.76849
-0.352
-0.40163
1.1903
0.33219
0.095951
-0.86515
-0.37513
-0.033742
-0.53759
0.071253
0.010541
0.18684
-0.2091
-0.15194
1.2191
-0.24685
-0.15752
0.99226
0.43053
0.2095
-0.82726
-0.47569
-0.13705
-0.78958
0.37122
-0.24216
0.15166
-0.066225
-0.35279
1.3721
-0.14401
0.16336
0.44079
0.20728
0.23922
-0.62209
-0.41189
-0.30428
-0.70284
0.55773
-0.65872
0.015626
0.12256
-0.59378
1.1831
-0.12967
0.54395
-0.094963
-0.12688
0.17612
-0.23478
0.038859
-0.43897
-0.32226
0.36658
-0.8065
-0.33211
0.12887
-0.77763
0.89632
-0.075387
0.76281
-0.51581
-0.25778
0.074363
0.19967
0.64357
-0.46335
0.09564
0.06754
-0.31321
-0.88882
-0.15168
-0.77145
0.64059
0.069046
0.77287
-0.6604
-0.18315
-0.064941
0.48011
0.89035
-0.48838
0.24237
-0.090315
0.61964
-1.0716
-0.52259
-0.64186
0.32262
0.094774
0.66458
-0.53795
-0.084891
-0.2927
0.52054
0.62236
-0.4398
0.12196
-0.14702
1.3243
-0.41671
-0.68781
-0.46907
0.087423
0.034825
0.45359
-0.41442
-0.14756
-0.60575
0.39281
0.13095
-0.34941
0.061036
-0.074522
1.2972
0.7088
-0.49331
-0.16097
-0.064396
0.010011
0.21559
-0.30645
-0.33605
-0.82208
0.26302
-0.24181
-0.22109
-0.0052403
-0.011908
0.7467
1.3691
-0.087071
0.043806
-0.16689
-0.040729
0.03862
-0.18358
-0.35708
-0.82703
0.094709
-0.27981
-0.090626
-0.10072
-0.001716
0.28024
1.0812
0.14977
0.057793
-0.13434
-0.14761
-0.052293
-0.12625
-0.2036
-0.6084
-0.07687
-0.16978
-0.054511
-0.07067
-0.24284
-0.11374
0.056165
-0.20635
0.026053
0.35285
-0.40242
-0.30179
0.61994
0.031844
0.011248
-0.54088
-0.19884
-0.23304
-0.30661
-0.051405
-0.049947
0.10081
-0.23558
0.021958
0.73003
-0.45491
-0.36985
0.89421
0.18078
0.049555
-0.72732
-0.35765
-0.25308
-0.52703
0.15135
-0.082183
0.14326
-0.14553
-0.11747
1.0996
-0.37505
-0.26815
0.72754
0.25726
0.16878
-0.74415
-0.406
-0.36391
-0.65542
0.34546
-0.3203
0.046367
-0.023568
-0.28702
1.2404
-0.28895
-0.058474
0.33508
0.074115
0.19828
-0.57573
-0.27657
-0.49982
-0.50084
0.48959
-0.66591
-0.13766
0.10137
-0.42303
1.1751
-0.24851
0.27353
-0.060521
-0.19242
0.12974
-0.26836
0.085422
-0.65534
-0.13616
0.3423
-0.75212
-0.46037
0.11785
-0.60918
0.94861
-0.17871
0.48807
-0.44528
-0.26942
-0.0020858
0.08544
0.50622
-0.78083
0.22759
0.0044438
-0.23607
-0.88131
-0.15004
-0.75449
0.68212
-0.014762
0.57493
-0.61256
-0.15773
-0.1264
0.31789
0.64165
-0.87824
0.33547
-0.14855
0.62744
-0.89886
-0.44215
-0.72178
0.42238
0.11284
0.61715
-0.52896
-0.05387
-0.26955
0.43669
0.46935
-0.8273
0.19544
-0.1264
1.1927
-0.27471
-0.61801
-0.57508
0.18799
0.11836
0.47867
-0.44361
-0.15415
-0.5047
0.45889
0.10468
-0.75202
0.031148
-0.01207
1.1005
0.73738
-0.54508
-0.33894
-0.014294
0.06716
0.22956
-0.35763
-0.36035
-0.71597
0.35456
-0.19041
-0.66472
-0.071099
-0.0035332
0.67712
1.3623
-0.24659
-0.1352
-0.10726
0.044647
0.02931
-0.26666
-0.36642
-0.70235
0.18726
-0.2643
-0.5149
-0.094189
-0.061977
0.32664
0.99764
-0.023712
-0.043646
-0.0829
-0.051879
-0.053501
-0.15953
-0.2033
-0.50735
0.007174
-0.17113
-0.37466
-0.11222
-0.12201
-0.15466
0.039677
-0.079117
-0.007934
0.21955
-0.17555
-0.2107
0.36136
-0.0067068
0.015983
-0.41554
-0.26498
-0.26411
-0.2408
0.014674
-0.098865
0.037348
-0.12981
-0.014998
0.36774
-0.25262
-0.24823
0.512
0.10918
0.063764
-0.50311
-0.31932
-0.34
-0.36213
0.11584
-0.12932
0.083399
-0.090868
-0.099572
0.57292
-0.33391
-0.22336
0.45174
0.12939
0.13
-0.51066
-0.3269
-0.38591
-0.37429
0.21492
-0.24087
-0.017652
-0.041503
-0.21582
0.64778
-0.29804
-0.11582
0.24712
-0.0084556
0.14903
-0.35185
-0.21594
-0.40829
-0.22271
0.31142
-0.44694
-0.17759
0.033678
-0.27127
0.65692
-0.21886
0.11834
-0.040165
-0.20626
0.07294
-0.14802
0.088573
-0.43963
0.004373
0.25133
-0.47309
-0.35553
0.083344
-0.34591
0.56766
-0.15769
0.30349
-0.30097
-0.20754
-0.04223
0.034443
0.38818
-0.54677
0.19519
0.043147
-0.12286
-0.53639
-0.087808
-0.49803
0.45533
-0.063046
0.37378
-0.42832
-0.11743
-0.073624
0.17033
0.39009
-0.65525
0.25738
-0.070322
0.43759
-0.54891
-0.28832
-0.50076
0.35481
0.079517
0.34939
-0.38926
-0.065238
-0.16244
0.23778
0.25252
-0.64244
0.10921
-0.029004
0.77806
-0.13492
-0.41113
-0.43692
0.11459
0.061406
0.23474
-0.38235
-0.12618
-0.34999
0.24916
0.08779
-0.6321
-0.040275
0.051279
0.72341
0.49537
-0.41035
-0.36324
-0.13417
-0.022057
0.080304
-0.35656
-0.24619
-0.49161
0.20834
-0.11754
-0.61232
-0.049879
0.020144
0.43305
0.91896
-0.22426
-0.20701
-0.18981
0.057008
-0.072763
-0.26123
-0.22573
-0.46236
0.17212
-0.23892
-0.50128
-0.023701
-0.062944
0.22382
0.70317
-0.083141
-0.08638
-0.15769
0.071295
-0.083526
-0.15426
-0.088431
-0.34388
0.09114
-0.21714
-0.34053
0.25701
0.51076
0.6437
0.65717
0.5839
0.35161
-0.040883
-0.44402
-0.66801
-0.64849
-0.45688
-0.15066
0.50056
0.85915
1.0006
1.0281
0.84202
0.39524
-0.17621
-0.68153
-0.89344
-0.79407
-0.45463
-0.056539
0.6411
1.0901
1.2558
1.1818
0.82507
0.23279
-0.39932
-0.85101
-0.93829
-0.66501
-0.25909
0.077315
0.66104
1.1193
1.2586
1.0399
0.52848
-0.093677
-0.6296
-0.89234
-0.80134
-0.40805
-0.064043
0.13148
0.69728
1.0865
1.0774
0.65396
0.032924
-0.53788
-0.82469
-0.82065
-0.53542
-0.14069
0.099425
0.158
0.77436
1.057
0.77723
0.14794
-0.51582
-0.90962
-0.89481
-0.58165
-0.18409
0.13593
0.26838
0.20959
0.73132
0.86089
0.39069
-0.35601
-0.91731
-1.0386
-0.71959
-0.25485
0.12384
0.32814
0.29827
0.18115
0.56044
0.47382
-0.11022
-0.78082
-1.1028
-0.91742
-0.41786
0.011664
0.24747
0.30578
0.21378
0.094864
0.34551
0.067163
-0.49744
-0.98054
-1.058
-0.66307
-0.11841
0.21718
0.25624
0.16835
0.057614
0.0054177
0.12378
-0.22704
-0.6764
-0.95235
-0.84801
-0.35556
0.19099
0.39106
0.2869
0.10654
0.019185
-0.035021
-0.049242
-0.36256
-0.69356
-0.80446
-0.55976
-0.073647
0.37249
0.46223
0.25446
0.074609
0.031097
-0.040551
-0.099326
-0.28675
-0.49597
-0.50448
-0.24807
0.080111
0.34963
0.39113
0.19983
0.049738
-0.021115
-0.039226
-0.10675
-0.36148
-0.76514
-1.0614
-0.93248
-0.37849
0.2879
0.58224
0.4709
0.24411
0.12479
0.032375
-0.20176
-0.48764
-1.055
-1.4827
-1.1914
-0.26885
0.56935
0.75126
0.50595
0.21486
0.047925
-0.017337
-0.29065
-0.64994
-1.2604
-1.5974
-1.003
0.15241
0.8182
0.77559
0.43976
0.17998
0.042599
-0.017136
-0.26194
-0.75508
-1.3697
-1.4535
-0.49807
0.72228
1.0673
0.73891
0.32959
0.10613
0.054104
0.076139
-0.26977
-0.82553
-1.3458
-1.0642
0.13745
1.1963
1.183
0.64862
0.2637
0.091306
0.091431
0.1486
-0.38895
-0.91146
-1.1892
-0.56125
0.7014
1.3957
1.0876
0.4807
0.13667
0.042572
0.088785
0.14382
-0.50797
-0.88629
-0.86396
-0.064465
0.97087
1.247
0.78144
0.25591
-0.0024019
-0.027017
0.053891
0.09212
-0.56252
-0.75194
-0.47376
0.26069
0.95744
0.9552
0.47325
0.080947
-0.074241
-0.059749
0.027982
0.10292
-0.52609
-0.47814
-0.1391
0.40747
0.84683
0.70128
0.27222
-0.0061792
-0.092268
-0.062982
0.0081606
0.065378
-0.40529
-0.22909
0.079605
0.44809
0.7335
0.54498
0.15605
-0.052756
-0.083365
-0.052757
-0.01469
0.0051556
-0.27487
-0.057885
0.17864
0.46881
0.66333
0.46589
0.13782
-0.023527
-0.048026
0.0075767
0.030358
0.0062855
-0.096426
0.037115
0.16239
0.36858
0.48451
0.32871
0.14265
-0.0043524
-0.034474
0.079689
0.095877
-0.002483
-0.10929
-0.17608
-0.28376
-0.39424
-0.47752
-0.39975
-0.19788
0.064946
0.34024
0.41115
0.27787
0.13873
-0.13875
-0.23781
-0.36885
-0.50899
-0.64294
-0.56347
-0.29335
0.032659
0.34498
0.41748
0.29819
0.14894
-0.18077
-0.28689
-0.37404
-0.48791
-0.64914
-0.64638
-0.41507
-0.076644
0.2313
0.31706
0.23878
0.14459
-0.20611
-0.35417
-0.40763
-0.46399
-0.60589
-0.67325
-0.55076
-0.23651
0.069558
0.24701
0.26896
0.18861
-0.25392
-0.38817
-0.40548
-0.43507
-0.53269
-0.67898
-0.69642
-0.38353
0.031646
0.29924
0.36358
0.29016
-0.25993
-0.32056
-0.28506
-0.29127
-0.41585
-0.67561
-0.73763
-0.29834
0.26809
0.5531
0.51641
0.29169
-0.22661
-0.22642
-0.17854
-0.19354
-0.3808
-0.74026
-0.73052
-0.043184
0.71191
0.95334
0.69687
0.34616
-0.11616
-0.10558
-0.096472
-0.1884
-0.50495
-0.88308
-0.67582
0.31317
1.2409
1.356
0.87233
0.39198
-0.058261
-0.010082
-0.034181
-0.25971
-0.74131
-1.0932
-0.60704
0.65366
1.6417
1.6092
1.0111
0.44696
-0.056673
0.0058489
-0.042404
-0.37154
-0.90251
-1.169
-0.46783
0.91681
1.7934
1.6583
1.0467
0.50789
-0.067876
-0.035916
-0.10746
-0.4331
-0.89232
-1.0338
-0.33939
0.89256
1.6355
1.4776
0.97058
0.51496
-0.072211
-0.086516
-0.14826
-0.35082
-0.64252
-0.71931
-0.22535
0.62225
1.1172
1.0211
0.74727
0.43775
0.0046135
0.020713
0.13089
0.26607
0.29814
0.23763
0.14535
-0.020392
-0.28106
-0.44567
-0.31601
-0.10473
0.057379
0.10414
0.20103
0.3181
0.38792
0.35968
0.20585
-0.068418
-0.39144
-0.59309
-0.41627
-0.12203
0.052434
0.11517
0.19367
0.27854
0.36842
0.37743
0.17807
-0.14951
-0.55097
-0.73187
-0.49079
-0.12102
0.059024
0.099872
0.10013
0.15175
0.27976
0.33423
0.15555
-0.28093
-0.78593
-0.90052
-0.47671
0.028032
0.093756
0.010619
-0.060494
0.04987
0.27979
0.35236
0.11312
-0.46414
-1.0174
-0.98662
-0.27455
0.33473
0.076818
-0.076183
-0.13217
0.10492
0.38771
0.37617
-0.0095888
-0.67353
-1.2142
-0.95208
-0.023147
0.53573
0.053689
-0.0079569
-0.022849
0.19782
0.42136
0.26286
-0.27188
-0.97631
-1.3084
-0.67429
0.37545
0.78009
0.06186
0.096241
0.11555
0.26411
0.35053
0.066006
-0.52542
-1.1727
-1.1335
-0.096005
0.97068
1.0778
0.11755
0.16189
0.18285
0.2573
0.20279
-0.15387
-0.75909
-1.2607
-0.80801
0.51808
1.4995
1.3062
0.13931
0.18118
0.19538
0.20134
0.047558
-0.40468
-1.0225
-1.303
-0.50161
0.95545
1.7987
1.3556
0.11118
0.15235
0.15607
0.090964
-0.14289
-0.56188
-1.0503
-1.1516
-0.2701
1.09
1.7324
1.251
0.11723
0.12446
0.047112
-0.071661
-0.2524
-0.47137
-0.71742
-0.74147
-0.10273
0.85316
1.262
0.91815
-0.095189
-0.13095
-0.12274
-0.15447
-0.25017
-0.42597
-0.5467
-0.40261
-0.0086238
0.46008
0.75918
0.65768
-0.11348
-0.12604
-0.057256
-0.078585
-0.2724
-0.58845
-0.80782
-0.66932
-0.053348
0.7672
1.2296
1.0067
-0.070449
-0.066572
0.032743
0.00092917
-0.26132
-0.66476
-0.97334
-0.84156
0.029792
1.1715
1.6933
1.2596
-0.073757
-0.015782
0.10839
0.082117
-0.18247
-0.58175
-0.94965
-0.80026
0.17674
1.4623
1.9297
1.3552
-0.11404
-0.058021
0.096756
0.10887
-0.083747
-0.42727
-0.78647
-0.74417
0.1737
1.4202
1.9192
1.3895
-0.1585
-0.13501
0.019256
0.076217
-0.017204
-0.26949
-0.62758
-0.72337
-0.052158
1.0934
1.7183
1.3279
-0.17296
-0.1654
-0.02648
0.062489
0.026534
-0.16419
-0.52506
-0.74975
-0.37257
0.56595
1.2765
1.1024
-0.25126
-0.24149
-0.11033
0.014079
0.072454
-0.064068
-0.41322
-0.7467
-0.61731
0.057786
0.69884
0.76016
-0.31582
-0.35152
-0.20888
-0.029488
0.14228
0.071
-0.33011
-0.76489
-0.77954
-0.34464
0.18244
0.44653
-0.29088
-0.32234
-0.19688
-0.042226
0.16255
0.17933
-0.21908
-0.7292
-0.86847
-0.58774
-0.14205
0.22204
-0.20012
-0.21469
-0.098911
0.0022992
0.1174
0.17277
-0.12061
-0.57052
-0.76962
-0.63703
-0.31329
0.034636
-0.072952
-0.066814
-0.0044505
0.021001
0.041056
0.065072
-0.10784
-0.38292
-0.50969
-0.44023
-0.24157
-0.030935
-0.11877
-0.093887
0.019398
0.10565
0.23293
0.42558
0.50859
0.35248
0.017806
-0.27648
-0.37538
-0.29618
-0.13214
-0.15589
-0.075443
0.077208
0.35829
0.65775
0.80955
0.67787
0.28468
-0.12425
-0.35907
-0.33125
-0.11161
-0.20284
-0.21973
-0.063803
0.30818
0.78234
1.0898
1.0716
0.65063
0.16676
-0.18028
-0.22966
-0.11919
-0.20033
-0.31384
-0.27493
0.095762
0.68627
1.2284
1.4079
1.0706
0.52407
0.082342
-0.055632
-0.084275
-0.15028
-0.33876
-0.4988
-0.28974
0.32878
1.0473
1.4751
1.3673
0.88536
0.38384
0.10899
-0.081848
-0.16034
-0.40321
-0.7256
-0.69784
-0.18143
0.60498
1.1742
1.2954
1.0388
0.59686
0.28552
-0.1128
-0.20688
-0.47889
-0.83532
-0.9864
-0.65732
0.030037
0.65
0.97299
0.95167
0.64757
0.33136
-0.10739
-0.21068
-0.44497
-0.81408
-1.0968
-0.98007
-0.50064
0.023179
0.44822
0.64991
0.56724
0.35006
-0.039165
-0.11692
-0.32782
-0.65382
-0.95414
-1.0435
-0.83267
-0.50481
-0.13963
0.20628
0.38928
0.33773
0.052839
-0.0065312
-0.19407
-0.42885
-0.70853
-0.9193
-0.91141
-0.77757
-0.5074
-0.14131
0.14025
0.19082
0.076766
0.03605
-0.10837
-0.28174
-0.50091
-0.71835
-0.8066
-0.78
-0.6303
-0.36316
-0.10277
0.0032474
0.015613
-0.026016
-0.13439
-0.22501
-0.31161
-0.43685
-0.55169
-0.59196
-0.52347
-0.35157
-0.18505
-0.063505
0.032517
0.062181
0.16353
0.32844
0.38408
0.24952
-0.03593
-0.23714
-0.34009
-0.35422
-0.33363
-0.19324
-0.096162
-0.0038058
0.23295
0.43526
0.46529
0.28321
-0.084325
-0.38894
-0.51372
-0.48261
-0.38977
-0.24757
-0.25578
-0.21355
0.013199
0.20884
0.22644
0.073478
-0.21041
-0.49698
-0.5921
-0.51826
-0.35944
-0.21856
-0.43556
-0.55137
-0.44808
-0.2694
-0.18405
-0.2146
-0.37977
-0.55617
-0.52121
-0.387
-0.25566
-0.14826
-0.66047
-0.88007
-0.89909
-0.79196
-0.62273
-0.51014
-0.53497
-0.51676
-0.34307
-0.17464
-0.091345
-0.061244
-0.71592
-0.99033
-1.1183
-1.1094
-0.94107
-0.75982
-0.65386
-0.45798
-0.17673
-0.074432
-0.063446
-0.012391
-0.5644
-0.77734
-0.84394
-0.89051
-0.85712
-0.76583
-0.64
-0.40203
-0.12947
-0.10213
-0.14205
-0.07923
-0.20994
-0.13216
0.0040528
0.0084324
-0.11545
-0.24136
-0.29131
-0.20872
-0.084186
-0.15173
-0.21915
-0.13025
0.28854
0.66175
1.0159
1.1003
0.92152
0.61734
0.31647
0.13244
0.017277
-0.17307
-0.23446
-0.14967
0.58434
1.1248
1.585
1.7612
1.5567
1.2258
0.84497
0.48357
0.17712
-0.10508
-0.1805
-0.13795
0.51013
1.0227
1.4531
1.6163
1.4962
1.2814
0.97652
0.62956
0.2824
0.0072724
-0.095961
-0.12685
0.22466
0.50696
0.76777
0.90356
0.90661
0.80653
0.65122
0.48454
0.23949
-0.0014156
-0.12037
-0.11203
-0.017207
-0.010523
0.048137
0.17624
0.40896
0.69058
0.96047
1.0666
0.9514
0.75702
0.53638
0.27233
0.0064911
0.034148
0.086446
0.24761
0.57177
0.9879
1.411
1.7086
1.7259
1.4632
1.0289
0.562
-0.05571
-0.043842
-0.039904
0.021877
0.2574
0.63264
1.1301
1.6026
1.7447
1.5558
1.1632
0.67505
-0.11908
-0.15093
-0.25456
-0.33632
-0.29601
-0.11911
0.25604
0.66431
0.87464
0.86339
0.7164
0.46379
-0.11163
-0.14649
-0.30808
-0.53119
-0.64381
-0.66962
-0.55819
-0.38062
-0.20739
-0.12382
-0.087841
-0.052643
-0.048649
-0.039591
-0.1953
-0.44847
-0.62034
-0.76053
-0.87536
-0.96337
-0.9746
-0.86553
-0.70858
-0.47748
0.021208
0.05927
-0.052268
-0.24924
-0.41254
-0.55132
-0.7236
-0.94217
-1.1396
-1.095
-0.89329
-0.59561
-0.0043567
0.056782
0.029141
-0.10525
-0.2109
-0.26597
-0.35996
-0.58457
-0.83019
-0.87909
-0.74049
-0.50622
-0.15509
-0.095005
-0.061981
-0.084563
-0.09989
-0.06308
-0.019802
-0.12768
-0.34799
-0.47584
-0.44262
-0.29448
-0.33766
-0.33294
-0.23915
-0.18972
-0.15394
-0.059573
0.093058
0.1397
0.030323
-0.059067
-0.10949
-0.11896
-0.34309
-0.45807
-0.41045
-0.33967
-0.27204
-0.14531
0.0062987
0.12506
0.15175
0.12653
0.034185
-0.040621
-0.20773
-0.33862
-0.36119
-0.33171
-0.25744
-0.10968
0.023324
0.095115
0.10084
0.056891
0.02129
0.0029024
-0.0079279
-0.084862
-0.21329
-0.35054
-0.46426
-0.56304
-0.51625
-0.4144
-0.26799
-0.10634
-0.0072034
-0.0099731
0.01778
-0.011871
-0.21314
-0.48782
-0.70082
-0.82793
-0.75149
-0.5731
-0.31173
-0.095112
0.032067
0.054912
0.18845
0.27587
0.096329
-0.23327
-0.58737
-0.82314
-0.88845
-0.71986
-0.43869
-0.18385
0.014228
0.081765
0.40961
0.64053
0.56864
0.22682
-0.21999
-0.61564
-0.85996
-0.87468
-0.73128
-0.46231
-0.17036
-0.013617
0.40786
0.78256
0.8942
0.66251
0.2254
-0.26195
-0.69563
-0.96301
-1.0004
-0.78361
-0.43089
-0.17567
0.20905
0.62214
0.96207
1.0014
0.72578
0.24231
-0.33635
-0.83549
-1.0939
-1.05
-0.76273
-0.44443
-0.024738
0.31477
0.80487
1.1175
1.1065
0.74082
0.20084
-0.36621
-0.80679
-1.0056
-0.89612
-0.59087
-0.22551
-0.0097278
0.48527
1.0018
1.24
1.0821
0.69476
0.19936
-0.27515
-0.58271
-0.64595
-0.50339
-0.3802
-0.29904
0.095493
0.64685
1.0557
1.1219
0.93819
0.6075
0.18956
-0.10574
-0.22465
-0.25412
-0.38644
-0.42219
-0.1881
0.22151
0.67122
0.94582
0.96846
0.82915
0.57407
0.24287
0.018944
-0.1171
-0.33674
-0.39535
-0.27148
-0.037225
0.32629
0.65381
0.78312
0.74915
0.59949
0.32702
0.06287
-0.084933
-0.22948
-0.26752
-0.17494
-0.078145
0.12323
0.37251
0.50091
0.46132
0.36231
0.2248
0.072711
-0.039798
0.30321
0.43474
0.17431
-0.3064
-0.66157
-0.73661
-0.50008
-0.18572
0.037903
0.15442
0.091745
-0.020237
0.39603
0.44177
0.10975
-0.47453
-0.91411
-0.96586
-0.65693
-0.20107
0.12485
0.23815
0.089271
-0.068463
0.45259
0.46632
0.083486
-0.48924
-0.91107
-0.89149
-0.53156
-0.051984
0.22203
0.2151
0.012603
-0.14495
0.53809
0.59456
0.18626
-0.37321
-0.78856
-0.75692
-0.39159
0.046304
0.2143
0.081686
-0.10968
-0.19425
0.73333
0.85145
0.47583
-0.1241
-0.60172
-0.66137
-0.34577
-0.014608
0.072145
-0.051275
-0.19846
-0.23442
0.90451
1.0968
0.76344
0.15381
-0.44494
-0.64778
-0.42569
-0.11017
-0.070964
-0.19046
-0.27138
-0.23838
0.99633
1.2765
0.97309
0.37131
-0.33848
-0.70517
-0.55655
-0.24551
-0.1843
-0.26745
-0.30128
-0.21372
1.0742
1.4528
1.1821
0.54058
-0.24452
-0.71057
-0.6689
-0.3953
-0.25278
-0.26124
-0.28767
-0.21647
1.1431
1.6033
1.3601
0.66275
-0.14766
-0.67955
-0.7689
-0.57028
-0.36383
-0.23948
-0.22985
-0.18513
1.0943
1.5016
1.2879
0.65286
-0.088521
-0.64037
-0.83228
-0.69692
-0.50095
-0.31287
-0.22624
-0.17758
0.90661
1.2102
1.0224
0.56365
-0.01769
-0.50875
-0.72563
-0.68303
-0.57036
-0.42965
-0.32402
-0.20985
0.57379
0.77051
0.68587
0.42853
0.026101
-0.31411
-0.51275
-0.50734
-0.4527
-0.38868
-0.30644
-0.21135
-0.71937
-1.068
-1.0437
-0.54067
0.0032982
0.27043
0.27059
0.12454
-0.025691
-0.071728
-0.10741
-0.15749
-1.0303
-1.551
-1.3919
-0.56023
0.30648
0.65353
0.4194
0.077121
-0.10865
-0.10073
-0.069539
-0.11861
-1.2024
-1.6466
-1.1608
-0.042822
0.88467
0.98078
0.50096
0.013566
-0.16859
-0.083499
-0.012959
-0.025711
-1.1745
-1.3156
-0.42237
0.78117
1.3392
0.96143
0.31763
-0.0599
-0.099318
-0.029753
-0.017297
-0.015603
-0.96068
-0.6806
0.49228
1.461
1.3901
0.60315
-0.032609
-0.14151
-0.012736
0.028432
-0.023643
-0.030292
-0.68543
-0.054854
1.1239
1.6425
1.0664
0.14142
-0.34996
-0.25743
0.015403
0.10412
0.048666
0.012245
-0.33276
0.4123
1.3502
1.3876
0.60904
-0.17635
-0.45866
-0.26921
0.015825
0.097127
0.062113
0.014762
0.017373
0.66078
1.2157
0.9801
0.2583
-0.27164
-0.38112
-0.19953
-0.056067
-0.043658
-0.061952
-0.10217
0.18562
0.66093
0.92712
0.61513
0.0094971
-0.31034
-0.26398
-0.12313
-0.11552
-0.19682
-0.26512
-0.26868
0.15733
0.46555
0.609
0.3142
-0.15902
-0.33
-0.18498
-0.053164
-0.14164
-0.33692
-0.40204
-0.32171
0.088808
0.30949
0.32249
0.096798
-0.20824
-0.30886
-0.1599
-0.053079
-0.18873
-0.38335
-0.37336
-0.18714
0.10153
0.2041
0.14732
-0.0002486
-0.16787
-0.23656
-0.12431
-0.044779
-0.15323
-0.28928
-0.24065
-0.069658
0.23986
0.40628
0.46746
0.46356
0.39388
0.35128
0.3722
0.27049
-0.095531
-0.54648
-0.73205
-0.53739
0.3684
0.5844
0.62902
0.63724
0.63112
0.6335
0.58855
0.38262
-0.094777
-0.67413
-0.94995
-0.692
0.44867
0.67553
0.7027
0.68185
0.70863
0.79476
0.74338
0.45661
-0.07154
-0.70846
-1.0613
-0.81967
0.46008
0.63159
0.63014
0.55694
0.62403
0.83075
0.86699
0.55677
-0.031317
-0.75229
-1.1523
-0.90696
0.35841
0.46519
0.44599
0.44215
0.61009
0.89146
0.97872
0.6263
-0.065958
-0.83054
-1.2175
-0.94455
0.23251
0.29779
0.28514
0.34896
0.54239
0.85783
0.94666
0.55099
-0.18338
-0.9136
-1.2322
-0.93516
0.16869
0.21454
0.18446
0.28133
0.48152
0.666
0.70508
0.34434
-0.31578
-0.97937
-1.2628
-0.92049
0.20784
0.2471
0.17458
0.25509
0.3776
0.45175
0.39395
0.072375
-0.4943
-1.0401
-1.2502
-0.84999
0.22624
0.28006
0.20863
0.21457
0.25304
0.2744
0.18021
-0.12788
-0.62297
-1.0614
-1.1892
-0.79203
0.10815
0.23913
0.29886
0.29533
0.22507
0.15329
0.042407
-0.24467
-0.69822
-1.0442
-1.1393
-0.77814
-0.006883
0.12572
0.3292
0.36703
0.20858
0.039936
-0.069067
-0.2588
-0.6316
-0.88658
-0.94635
-0.68583
0.011183
0.10475
0.24557
0.26672
0.15277
0.0082449
-0.060152
-0.1859
-0.43352
-0.61998
-0.6334
-0.46472
-0.38079
-0.22316
0.17447
0.59001
0.65652
0.40298
0.13313
-0.088719
-0.19025
-0.17211
-0.15921
-0.080762
-0.51754
-0.28713
0.3269
0.94372
1.0226
0.63691
0.22398
-0.076665
-0.20302
-0.1651
-0.13111
-0.059837
-0.64898
-0.42915
0.33997
1.1274
1.2676
0.79516
0.25914
-0.059267
-0.18585
-0.1602
-0.11269
-0.050999
-0.81995
-0.64479
0.14247
1.0138
1.2857
0.8906
0.33523
-0.043508
-0.20877
-0.22606
-0.17721
-0.095279
-0.93766
-0.87785
-0.21068
0.65932
1.1131
0.94109
0.45788
0.053876
-0.14311
-0.22762
-0.17674
-0.13779
-0.98403
-1.1522
-0.64284
0.21932
0.83571
0.90424
0.5271
0.19433
0.05164
-0.077871
-0.094719
-0.12455
-0.93956
-1.3176
-1.0266
-0.21766
0.51516
0.80247
0.62291
0.35894
0.26038
0.11426
-0.019743
-0.10227
-0.83318
-1.2947
-1.1889
-0.5688
0.20339
0.67904
0.73593
0.58305
0.43433
0.22851
0.041506
-0.075984
-0.75729
-1.1828
-1.1925
-0.74155
-0.045074
0.50949
0.72216
0.69672
0.54664
0.30523
0.10859
-0.022906
-0.70857
-1.1021
-1.1406
-0.80148
-0.23397
0.28625
0.576
0.666
0.6106
0.38614
0.17051
0.018771
-0.6021
-0.90243
-0.97189
-0.70356
-0.2903
0.12078
0.42229
0.57635
0.57144
0.44371
0.23045
0.02506
-0.38147
-0.59865
-0.68598
-0.52737
-0.23598
0.025085
0.25845
0.4021
0.41344
0.36776
0.22206
0.039943
0.015371
-0.03695
-0.13658
-0.27529
-0.41681
-0.54356
-0.59709
-0.44624
-0.11918
0.15188
0.19557
0.14316
0.022491
-0.0043823
-0.11046
-0.31336
-0.58572
-0.77599
-0.74485
-0.41358
0.12625
0.43123
0.33981
0.16588
0.10611
0.11186
-0.014928
-0.2979
-0.68998
-0.90073
-0.66628
-0.097237
0.51021
0.70931
0.47739
0.20828
0.19791
0.2274
-0.0030163
-0.44798
-0.91602
-0.96765
-0.36556
0.48596
0.94687
0.80007
0.36358
0.080387
0.26016
0.23924
-0.13024
-0.71754
-1.184
-0.95087
0.06809
1.0946
1.2518
0.68089
0.089132
-0.1517
0.16987
0.055883
-0.36191
-0.96083
-1.2853
-0.70254
0.55054
1.4335
1.214
0.46279
-0.12003
-0.2418
0.066853
-0.13437
-0.59514
-1.107
-1.1079
-0.18868
1.0377
1.5128
0.94591
0.20651
-0.23522
-0.23422
0.014396
-0.26033
-0.73015
-1.0467
-0.68154
0.413
1.38
1.3788
0.65449
-0.0080269
-0.29058
-0.20423
-0.10128
-0.38524
-0.72928
-0.80462
-0.16047
0.86065
1.4341
1.1414
0.44976
-0.11497
-0.30382
-0.17608
-0.22539
-0.48092
-0.69813
-0.57837
0.1315
0.91569
1.1967
0.83301
0.26048
-0.15804
-0.27681
-0.17731
-0.28198
-0.5154
-0.61156
-0.36505
0.22856
0.78693
0.92426
0.59886
0.14637
-0.12751
-0.22054
-0.18038
-0.29665
-0.40534
-0.39011
-0.18083
0.16294
0.53938
0.62684
0.41131
0.11505
-0.08309
-0.1649
-0.13556
0.018636
0.11278
0.24134
0.30837
0.29697
0.25276
0.15561
0.074661
0.045786
0.029948
-0.0050629
-0.0073909
0.014676
0.1155
0.24834
0.30807
0.24575
0.12005
0.00064613
-0.093415
-0.11811
-0.1112
-0.11932
-0.11863
-0.090215
-0.013697
-0.01189
-0.10487
-0.19986
-0.30409
-0.3913
-0.38704
-0.29735
-0.26397
-0.29073
-0.24866
-0.23102
-0.25032
-0.38191
-0.53939
-0.62707
-0.67238
-0.68094
-0.61819
-0.4664
-0.41093
-0.43394
-0.32293
-0.28174
-0.38024
-0.491
-0.5502
-0.59226
-0.60222
-0.53839
-0.46922
-0.41066
-0.40622
-0.39053
-0.25736
-0.1417
-0.15076
-0.10304
0.014395
0.13148
0.27377
0.36253
0.32478
0.24053
0.069179
0.0018555
0.00058715
0.25673
0.41742
0.60541
0.79562
1.0181
1.2962
1.4218
1.3516
1.1422
0.82649
0.56425
0.32484
0.47577
0.70559
0.86258
0.97537
1.1639
1.4189
1.5471
1.4726
1.3049
1.0569
0.81324
0.50294
0.33628
0.40755
0.37498
0.29396
0.26818
0.37767
0.4903
0.55509
0.58973
0.58642
0.55364
0.39069
-0.0044666
-0.069672
-0.19716
-0.40365
-0.58216
-0.61926
-0.61994
-0.53199
-0.36033
-0.17888
-0.074173
-0.037245
-0.28707
-0.38892
-0.46635
-0.6285
-0.82296
-0.94631
-1.0361
-1.0194
-0.88253
-0.70682
-0.54777
-0.43277
-0.32667
-0.43133
-0.42667
-0.44503
-0.5702
-0.69251
-0.74551
-0.7313
-0.71677
-0.6334
-0.53739
-0.45116
-3.5961
-3.7325
-3.8907
-3.5716
-3.7418
-3.7463
-3.5675
-3.4942
-3.7107
-3.846
-3.7138
-3.7463
-3.758
-3.9273
-3.5466
0.0066911
0.0087356
0.0073144
-0.0015452
-0.0057052
-0.00513
-0.0066048
-0.0072064
-0.0055901
-0.00083965
0.003031
-0.00031614
0.01117
0.01103
0.005637
-0.0061585
-0.011633
-0.012366
-0.011563
-0.011316
-0.011156
-0.0074135
-0.003156
-0.0045659
0.013547
0.014872
0.0072458
-0.0039227
-0.0085484
-0.0094423
-0.0068392
-0.0071834
-0.010751
-0.012982
-0.011825
-0.0095338
0.013249
0.014642
0.0086958
0.00073321
-0.00028913
0.0034961
0.00652
0.0050591
-0.0015967
-0.010066
-0.010902
-0.008647
0.012923
0.0087115
0.0038158
0.0012606
0.0030531
0.009738
0.0132
0.012989
0.0041557
-0.0048458
-0.0086554
-0.0093354
0.012109
0.0068719
0.0012619
-0.00039959
0.0012989
0.0046302
0.0055976
0.0056114
0.0035361
-0.0016108
-0.0085789
-0.010846
0.0054773
0.0023778
-0.0021864
-0.003787
-0.0013909
-0.00096523
-0.0057356
-0.0059365
-0.00092162
-0.0031547
-0.010555
-0.0097906
-0.0017109
-0.0075503
-0.0096929
-0.0091946
-0.0082885
-0.0097176
-0.013311
-0.010451
-0.006346
-0.0098935
-0.01595
-0.013388
-0.00023062
-0.0086882
-0.010194
-0.0092554
-0.0095372
-0.010831
-0.010033
-0.0066892
-0.0072777
-0.011597
-0.015737
-0.015798
0.0052179
0.0002529
-0.0020242
-0.0015843
-0.0002503
-0.00026126
0.0015889
0.001518
-0.0032697
-0.0056808
-0.01002
-0.012705
0.0081507
0.0074806
0.0059104
0.0048531
0.0062087
0.0058872
0.0062631
0.0042912
-0.00060911
-0.0040647
-0.0049753
-0.0045139
0.0067199
0.0086129
0.0089241
0.008613
0.008398
0.0050508
0.0031126
0.0027202
-0.0014552
-0.0067809
-0.0048989
0.00071891
