0.0020419
0.00060665
0.41567
-0.7536
0.028165
-0.31462
-0.30716
0.75825
0.047797
0.0016294
-0.54887
-0.39767
1.0784
0.0038432
-0.54446
-0.20747
-0.62334
-0.0043818
-0.64703
-0.38907
-0.0024685
0.5602
-0.1371
1.5656
-0.62814
0.21913
-0.012053
0.15818
-0.22512
0.0058897
-0.20257
-1.3632
0.72526
-0.072943
0.014956
-0.18226
-1.3053
-0.47974
1.2165
0.88421
0.015128
0.0016055
0.93494
-0.20466
0.39758
-0.60058
-0.68936
1.31
0.19533
0.0039782
-0.97203
-0.45081
1.5965
0.0030312
-0.98047
-0.16054
-0.58147
-0.007438
-0.63091
-0.50244
0.0016828
-0.22262
0.29732
1.2877
-0.58218
-0.36851
-0.070997
0.041363
0.1784
0.010481
-0.46484
-1.0927
0.84738
-0.33146
0.018157
-0.59954
-1.6002
-0.61677
1.2188
0.99072
0.023829
-0.005094
0.86034
0.85162
0.49451
-0.61018
-0.60208
0.57761
0.4804
0.0093707
-1.1947
-0.43525
1.7785
0.002203
-0.97871
-0.23785
0.089415
-0.0036572
-0.37505
0.13552
0.0016882
-1.1034
0.84191
-0.09261
-0.33117
-0.77021
-0.57069
0.082529
0.78256
0.010913
-0.57857
0.4396
0.80987
-0.74212
0.012661
-1.0164
-1.2286
-0.56861
0.36978
0.86588
0.0091353
-0.010813
0.24159
1.0786
0.21502
-0.16478
0.15489
-0.82436
0.47915
0.0062674
-1.1613
-0.59883
1.7992
0.0037319
-0.69421
-0.42169
1.1908
0.0042734
0.15846
0.97919
-0.0026279
-0.65774
0.71969
-0.94882
0.055213
-0.32158
-0.91852
0.059513
0.63005
0.0039931
-0.42483
1.3022
0.47256
-0.95982
0.0068404
-1.133
-0.48823
-0.57381
-0.38381
0.66268
-0.015185
-0.010164
-0.24141
0.25097
-0.086942
0.45527
0.87607
-1.5729
-0.061527
-0.0013425
-1.1518
-0.73992
1.5507
0.0045028
-0.4852
-0.49184
2.0251
0.010415
0.73663
1.0557
-0.014397
0.42313
0.20777
-0.68771
0.46107
0.54798
-0.014127
-0.10807
-0.11253
-0.0051898
-0.1176
0.73802
-0.24554
-0.94297
0.0063215
-0.90042
0.15757
-0.68812
-0.69425
0.32658
-0.021062
-0.0033259
-0.30107
-0.61763
-0.10089
0.55858
0.76267
-1.2635
-0.51661
-0.007816
-0.93381
-0.5226
0.98456
0.0012202
-0.31239
-0.39852
1.6958
0.010397
0.71252
0.4677
-0.014731
0.73204
-0.17115
-0.11047
0.55769
0.80659
1.0865
-0.18997
-0.46968
-0.010072
0.13108
-0.23104
-0.60084
-0.76518
0.0016402
-0.33079
0.29253
-0.60676
-0.46131
-0.10884
0.0044934
0.013119
-0.032455
-0.79259
-0.50297
-0.39069
-0.37815
0.74013
0.067416
-0.0033285
0.36338
-0.39475
0.24621
-0.0032399
-0.99972
-0.77049
-0.79402
-0.013879
0.2882
-0.60224
-0.0046769
0.38513
-0.55662
2.032
-0.86033
0.44146
0.037498
0.68623
0.096733
0.0070757
0.13619
-1.5245
0.39057
0.2646
0.023764
0.53927
-1.3832
-0.49354
1.556
1.0469
0.024227
0.01435
0.82862
0.17243
-0.23611
-0.73982
-0.85723
1.5533
0.28221
0.0027164
0.20657
-0.4494
0.51348
-0.0030907
-1.3253
-1.1086
-0.92448
-0.017158
0.65429
-0.80247
0.0015217
-0.59122
-0.1393
1.1794
-0.96451
-0.46043
-0.12029
0.98306
0.7245
0.012501
-0.26868
-0.79885
0.16709
0.13603
0.02511
0.049968
-1.2236
-0.59341
1.4113
1.3175
0.029875
0.0031854
1.1346
1.252
-0.11298
-0.81492
-0.8749
1.1546
0.68121
0.006428
-0.14
-0.55203
0.65144
-0.00046934
-0.79574
-1.2517
-0.50902
-0.0098356
0.56611
-0.13227
0.0053187
-1.1238
0.7056
-0.78226
-0.64473
-1.056
-0.75924
1.2865
1.0437
0.010705
-0.61618
1.0266
-0.097948
-0.13216
0.0097913
-0.75924
-0.29555
-0.58537
0.29705
1.1522
0.011197
-0.0019129
0.58488
0.92026
-0.27467
-0.17904
0.080485
-0.3669
0.82685
0.0042294
-0.62557
-0.63987
0.66874
0.00090512
-0.049273
-1.3644
0.6286
0.002674
0.57378
0.8867
-0.005766
-0.069569
1.3031
-1.2518
-0.17994
-0.38861
-1.2634
1.2836
0.2431
-0.0010325
-0.73544
1.5901
-0.47121
-0.1153
-0.00019708
-1.1923
0.54406
-0.62439
-0.6437
0.79107
-0.019556
0.0036514
-0.0629
-0.46203
-0.4536
0.71081
1.0071
-1.4684
-0.0011838
-0.0075741
-1.1881
-0.36878
0.41433
0.0033268
0.31472
-1.2117
1.8106
0.011266
0.86169
0.87152
-0.022001
1.0891
1.3901
-0.35339
0.26373
0.81489
-0.031294
0.88559
-0.95611
-0.017392
-0.63281
0.62763
-0.98414
0.0711
-0.0079886
-1.0186
0.74208
-0.60636
-0.83745
0.33271
-0.027264
0.0069787
-0.35063
-1.0842
-0.38857
0.85817
0.9405
-1.3411
-0.76013
-0.011639
-1.1907
0.084629
0.0060941
0.00012438
0.33373
-0.77037
1.742
0.011544
0.6861
0.21706
-0.018701
1.0151
0.82018
0.284
0.44123
1.0614
1.4422
0.4497
-1.1039
-0.019157
-0.3477
-0.37434
-0.93116
0.12013
-0.0099545
-0.39419
0.35951
-0.37215
-0.50666
-0.13432
-0.0015674
0.014878
-0.88876
-0.18424
-0.65782
-0.26063
-0.25456
0.048319
0.037382
-0.0091408
0.91741
-0.40265
-0.58747
-0.008865
-1.4148
-0.41568
-0.49065
-0.017148
1.5841
-0.63403
0.0013294
-0.067492
-0.74895
1.3883
-0.42424
0.7441
0.13526
0.27051
0.41824
0.0097301
0.41768
-1.4363
-0.88825
0.63978
0.018114
1.2143
-0.44422
-0.46885
1.3489
0.38582
0.0094989
0.017075
-0.11851
0.83229
-0.71242
-0.54518
-0.65682
0.87645
0.21069
-0.0057701
1.1916
-0.51073
-0.76003
-0.01111
-1.248
-0.64769
-0.55787
-0.024512
1.8763
-0.80509
0.007209
-0.82864
-0.85724
0.12967
-0.80174
-0.19856
0.12573
0.45075
0.63933
0.012346
0.51399
-0.43132
-1.2682
0.80843
0.019142
1.0933
0.45168
-0.53283
0.93223
0.78881
0.015177
0.012875
0.76838
1.2702
-0.77874
-0.69304
-0.8006
1.1794
0.69489
1.0514e-05
1.2477
-0.56693
-0.8817
-0.0074172
-0.093756
-0.73574
-0.65598
-0.015263
1.0143
-0.26466
0.0032245
-0.50499
-0.3239
-1.3425
-0.94359
-1.0027
-0.55455
0.69766
0.29286
0.006162
0.21482
1.1787
-1.1803
0.91746
0.0022857
0.1334
1.3587
-0.42381
-0.2027
0.8358
0.0061814
0.0097955
0.86436
0.17746
-0.78745
-0.071551
-0.0096587
0.32609
0.85882
-0.003277
0.86121
-0.22472
-0.95845
-0.0060517
0.80761
-0.70797
-0.41946
-0.002927
0.20674
0.55355
-0.0087145
0.85618
0.8233
-0.90762
-1.0131
-0.51997
-1.3037
0.64935
-0.75623
-0.012567
-0.54407
1.2994
-0.93479
1.3029
-0.015916
-0.8061
1.3084
-0.21716
-0.82472
0.50415
-0.014231
0.013804
0.57686
-1.187
-0.74746
0.83166
0.85428
-0.71931
-0.28527
-0.011844
0.095012
0.60072
-1.118
-0.0020892
0.92767
-0.45785
0.29195
0.0091031
0.041478
0.40512
-0.019826
1.2972
1.7181
0.34693
-0.90523
0.44016
-0.0088984
0.42941
-1.3165
-0.024233
-1.1954
0.26161
-0.82332
1.7026
-0.03056
-0.86095
0.51668
0.12823
-0.70105
0.13354
-0.016473
0.011666
0.16477
-1.1682
-0.52495
0.92552
0.80471
-0.9872
-1.2503
-0.013288
-0.54096
1.0278
-1.0883
-0.00051618
0.55146
-0.10521
0.60868
0.011272
-0.06451
-0.22565
-0.017962
0.47181
1.5258
0.67403
-0.58441
0.63925
1.6583
0.12799
-0.81363
-0.023857
-1.0932
-0.57163
-0.49068
1.4227
-0.028398
-0.31829
-0.20218
0.38104
-0.29699
-0.20899
-0.013442
0.0031362
-1.3262
0.61602
0.21912
-0.089162
-0.11837
-0.52533
0.0018564
-0.0096442
0.31679
-0.42496
-0.49509
-0.010252
-1.0723
1.0396
-0.13069
-0.015436
1.1727
-0.65588
0.011071
-0.70414
-0.31244
0.24391
0.2408
1.2071
0.1345
-1.0164
0.32673
0.011662
-0.067968
-1.2491
-1.3244
0.56484
0.014287
1.1428
0.52727
-0.38705
1.1818
-0.35306
-0.0079079
0.0038612
-0.99626
1.1838
0.17542
-0.42138
-0.51898
0.0020711
0.34364
-0.0070617
0.55006
-0.58566
-0.66448
-0.013598
-0.3471
1.301
-0.011878
-0.018826
0.95997
-0.84326
0.014403
-1.0169
-0.84904
-0.85741
-0.20778
0.49737
0.25331
-1.3227
-0.13693
0.007541
0.62718
-0.32335
-1.3904
0.77454
0.010008
1.3833
1.3391
-0.43324
0.56344
-0.011224
-0.0026877
0.00046419
-0.002349
0.67816
-0.21774
-0.65159
-0.75688
0.73348
0.96053
-0.0014522
0.90889
-0.39096
-0.83864
-0.0075071
0.64434
1.2299
-0.28754
-0.012487
0.041483
-0.3327
0.0087572
0.15774
-1.0968
-1.2253
-0.78308
-0.69247
-0.43149
-1.353
-0.92556
-0.00039917
1.2037
0.90415
-0.78697
0.84888
-0.0049464
0.66822
1.4644
-0.16847
-0.66967
0.23491
-0.0011677
0.00028379
0.8934
-0.653
-0.56129
-0.037995
-0.079914
0.62057
0.85606
-0.0026712
1.2465
0.36665
-0.93867
-0.0012071
0.87846
1.1306
-0.74614
0.0034739
-0.58427
0.53078
-0.0036846
1.3457
-0.5509
-0.24762
-1.1664
-0.91894
-1.2521
-1.4147
-1.1595
-0.015662
0.69278
0.9053
0.09319
1.0616
-0.025238
-0.42825
0.568
0.38929
-1.0131
0.088731
-0.0069899
0.0029656
1.13
-1.246
-0.77507
0.90531
0.82273
-0.25671
-0.711
-0.0072031
1.1415
1.2708
-1.0834
0.00063016
0.60523
1.1862
-0.796
0.013153
-0.73348
0.51271
-0.012084
0.73266
0.49498
0.72628
-1.2266
-0.51419
0.065564
-1.3296
-0.32758
-0.024123
-0.50122
0.095843
0.43212
1.2197
-0.036609
-0.71112
-0.42424
0.96562
-0.58066
-0.2322
-0.012406
-0.00084476
0.70168
-0.75665
-0.67235
0.956
0.83597
-0.78106
-1.6536
-0.0073195
0.49634
1.3312
-1.0103
-0.0022714
0.15849
0.91176
-0.38034
0.011952
-0.66398
0.039253
-0.011463
-0.40456
0.94785
0.62286
-0.93523
-0.21996
1.8051
-0.99987
0.59332
-0.022084
-1.1038
-0.45944
0.34972
0.91038
-0.028405
-0.33965
-0.73306
0.9895
-0.10229
-0.45737
-0.014688
-0.006891
-1.2063
1.0453
1.2636
-0.11613
-0.16986
-0.3826
0.046744
-0.0086778
-0.46326
-0.42925
-0.25006
-0.0081206
0.12315
1.2062
0.015504
-0.012553
-0.53171
-0.83294
0.016217
-1.2077
0.15182
-0.58961
0.69848
1.6591
0.010104
-0.79137
-0.20924
0.017121
-1.0143
-1.0672
-0.41195
-0.13245
0.013705
0.81047
0.71642
-0.1706
1.0652
-0.65001
-0.01025
-0.010461
-1.4734
0.89243
1.5822
-0.51315
-0.60032
-0.13385
0.62965
-0.0011907
-0.52123
-0.49151
-0.2964
-0.005221
1.0698
1.2785
0.10282
-0.017569
-0.91597
-1.122
0.018981
-0.91812
-0.35391
-1.1374
0.69694
1.191
0.058941
-0.80162
-0.86204
0.017417
-0.31699
-0.30178
-0.10274
-0.14625
0.010187
1.2874
0.94673
-0.084935
0.50063
-0.58946
-0.0066542
-0.010663
-1.0227
-0.32037
1.1377
-0.73624
-0.84261
0.47579
1.217
0.00666
-0.22189
-0.026315
-0.37039
0.00029818
1.2258
0.99837
-0.06264
-0.0048283
-0.98635
-0.54379
0.0096378
0.76674
-0.99631
-0.67394
0.41028
-0.38154
-0.59847
-0.77771
-1.273
0.0021427
1.1044
0.58785
0.5801
-0.45918
-0.003208
1.012
0.45684
0.30054
-0.74587
-0.52035
-0.0017963
-0.012839
0.012674
-1.2265
0.28186
-0.10874
-0.19069
0.61137
0.70285
0.0058722
0.49283
0.76336
-0.2644
0.0028801
0.53599
0.78488
-0.49053
0.0065145
-0.77042
0.59682
1.7007e-05
1.3412
-1.2818
0.2682
0.42572
-1.1537
-1.2216
-1.0134
-0.42459
-0.00949
1.7321
0.62534
1.1751
-0.79585
-0.019429
0.10722
-0.35379
0.8571
-1.145
-0.69532
-0.004576
-0.013383
0.82471
-0.75196
-0.63364
0.81729
0.74785
-0.052498
-1.0843
0.0038928
0.92621
1.2082
-0.25491
0.0044686
-0.003048
0.78877
-0.87354
0.016231
-0.68065
0.96227
-0.0076619
0.082275
-0.89856
0.60477
0.4941
-1.1146
0.14339
-1.1369
1.2615
-0.014889
1.0568
0.14344
1.1904
-0.87211
-0.026247
-0.45654
-0.67197
1.1921
-0.68201
-0.98487
-0.0052957
-0.015839
0.66216
0.11086
-0.9296
0.90749
0.87171
-0.56613
-1.8246
0.00013611
0.76345
0.9628
-0.1966
0.0017895
-0.17623
0.59282
-0.70076
0.012792
-0.57018
0.62692
-0.0079678
-0.88256
-0.25667
0.29751
0.32012
-0.7466
1.7307
-0.88075
1.7179
-0.012284
0.022155
-0.24965
0.72507
-0.69121
-0.014875
-0.41875
-0.54146
1.0223
-0.091399
-0.94583
-0.00785
-0.011884
-0.64507
0.99289
1.2426
-0.15311
-0.19702
-0.11225
0.083629
-0.0035111
-0.40384
-0.29821
-0.042912
-0.0026461
0.88173
0.08979
0.075166
-0.0087273
-1.2095
-0.79721
0.012514
-1.158
0.2391
-0.71989
0.69671
1.4001
-0.073542
0.14774
-0.46639
0.014446
-1.1681
-0.81728
0.56355
-0.49336
0.0091683
0.51501
0.33846
0.027998
0.69024
-0.52961
-0.0049156
-0.014768
-1.1365
0.45214
1.6473
-0.44422
-0.49363
0.039173
0.55997
-0.00055198
-0.54353
-0.21612
-0.11175
-0.00064316
1.4929
-0.2209
0.10713
-0.0076125
-1.4081
-1.0608
0.015548
-0.51914
0.010387
-0.84411
0.96689
1.1733
-0.15824
0.81739
-0.7649
0.01514
-0.91074
-0.22631
0.86777
-0.66021
0.010147
0.90028
0.051354
0.2057
0.24158
-0.72699
-0.0034058
-0.01179
-1.2819
-0.791
1.4438
-0.57298
-0.647
0.32579
0.86707
0.0075644
-0.50941
0.23729
-0.16973
0.0037365
1.1112
-0.43029
0.048029
-0.0031499
-1.0169
-0.50344
0.0096607
0.87149
-0.50752
-0.19255
1.2147
-0.11181
-0.58143
1.1147
-0.72239
0.0036036
0.26698
0.39713
1.0658
-1.038
-0.0040801
0.99744
-0.42876
0.50644
-0.65266
-0.88089
0.00073849
-0.0119
-0.72962
-1.1467
0.69193
-0.098088
-0.19392
0.43499
0.24708
0.007765
-0.11307
0.75374
0.0018051
0.0050083
0.25097
-0.49398
-0.2031
0.006531
-0.45622
0.45523
-0.0018884
0.9532
-0.98717
0.46174
1.527
-0.87933
-0.91839
0.85023
0.33592
-0.004672
1.3364
0.4488
1.0826
-1.3489
-0.010841
0.46347
-0.60833
0.80366
-1.0081
-1.1023
-0.000569
-0.016918
0.10247
-0.1094
-0.37315
0.60568
0.54126
-0.0065865
-1.164
0.008948
0.29375
0.77176
0.15905
0.0045389
-0.22355
-0.39785
-0.59782
0.013075
-0.18342
0.92108
-0.0047672
-0.2921
-1.0074
0.42846
1.7266
-0.87546
0.12222
0.55762
1.5667
-0.0089918
1.4303
0.10959
0.7502
-1.3421
-0.012131
-0.12727
-0.42042
0.83989
-0.66195
-1.1911
-0.0076101
-0.013546
0.29003
0.66351
-0.83734
0.68786
0.69099
-0.32436
-1.6679
0.0044283
0.32879
0.4199
0.24735
0.0014811
-0.27397
-0.23739
-0.59586
0.0077212
-0.077813
0.67896
-0.0045036
-0.89451
-0.55615
0.11429
1.3946
-0.60337
1.344
0.38254
1.4934
-0.004305
0.78943
-0.21135
0.38676
-1.1028
-0.0035895
-0.34737
-0.27135
0.59634
-0.14743
-0.97597
0.0028196
0.017159
0.022845
0.0099648
-0.012983
-0.0161
0.010434
0.02353
0.029532
0.010625
-0.016369
-0.021605
0.0029164
0.01455
0.017813
0.0071987
-0.012213
-0.018813
-0.0067658
-0.0011242
0.0031014
-0.0011946
-0.0051595
-0.0088571
-0.0089077
-0.010302
-0.0030962
-0.0033134
-0.0031474
-0.0033007
-0.0064624
-0.00069003
-0.0018832
0.0019963
0.00045141
-0.00033903
0.0029066
0.0068158
-0.00052803
-0.0051063
-0.0035394
0.00096984
0.014787
0.016986
0.0097268
0.0018242
0.0073816
0.011071
0.01396
0.017126
0.012232
0.011434
0.013831
0.010307
0.0029761
0.0036964
0.0011694
0.0016578
0.0023099
-0.00035005
-0.006954
-0.013121
-0.012135
-0.012224
-0.015852
-0.01101
-0.0093724
-0.014929
-0.012958
-0.011872
-0.010905
-0.010315
0.3437
0.93275
0.8422
0.27523
-0.1518
-0.25448
-0.069178
0.78121
1.1054
0.61751
-0.018306
-0.29103
-0.8653
-0.18969
0.71435
0.89053
0.58466
0.22684
-1.3059
-1.0369
-0.042411
0.89384
1.0818
0.68936
-1.1864
-1.4396
-0.99971
0.063181
0.79134
0.66092
-0.61918
-1.1116
-1.2733
-0.73247
0.11231
0.36754
-0.68041
-0.23869
0.86339
1.0785
0.22745
-0.63113
-0.6658
0.14308
1.2513
0.93779
-0.50176
-1.1296
-0.083661
0.82662
1.21
0.16605
-1.1745
-1.173
0.73125
1.222
0.68938
-0.63405
-1.2271
-0.74503
1.0575
0.96023
-0.25788
-1.2403
-0.78884
0.10711
1.0119
0.45417
-0.80163
-1.1605
-0.17279
0.57225
0.037257
0.36518
0.44055
0.1658
-0.13343
-0.10279
-0.44571
-0.23851
-0.19566
-0.36846
-0.54154
-0.46518
-0.60463
-0.67489
-0.74494
-0.79029
-0.76387
-0.53358
0.30481
0.27543
-0.13744
-0.5092
-0.75511
-0.65995
1.3032
1.5334
1.1434
0.3029
-0.63199
-0.90498
1.2216
1.551
1.3772
0.72661
-0.33881
-0.83111
-0.33012
-0.59156
-0.62034
-0.16087
0.46301
0.5753
-0.3684
-0.70817
-0.77224
-0.12284
0.72347
0.80065
-0.24575
-0.53526
-0.688
-0.039917
0.84993
0.86693
-0.14111
-0.44161
-0.65531
-0.031577
0.90813
0.90202
-0.15362
-0.50417
-0.69366
-0.088201
0.8334
0.87866
-0.174
-0.41464
-0.5273
-0.12131
0.5948
0.70199
-0.33064
-0.68062
-0.63484
0.1342
0.87669
0.79623
-0.34768
-0.82681
-0.82905
0.14638
1.0139
0.87827
-0.23194
-0.64048
-0.77941
0.048457
0.88957
0.76061
-0.17505
-0.53343
-0.76349
-0.074115
0.84251
0.8026
-0.20128
-0.58712
-0.79343
-0.16817
0.77653
0.85677
-0.21847
-0.46595
-0.59847
-0.22015
0.53625
0.72265
0.81578
1.2895
0.56071
-0.83322
-1.6005
-1.2421
0.79202
1.5042
1.1488
-0.32458
-1.4676
-1.3269
0.029422
0.8624
1.1745
0.37686
-0.7373
-0.98958
-0.53259
0.046661
0.78003
0.62095
-0.31002
-0.81924
-0.36371
-0.097711
0.52659
0.57344
-0.081408
-0.61354
-0.10436
0.028534
0.28519
0.3809
-0.028667
-0.32507
0.074723
0.16215
0.49171
0.45751
-0.18613
-0.5637
0.052327
0.26096
0.723
0.79471
-0.090614
-0.78539
0.080095
0.24262
0.74114
0.83069
-0.31035
-1.2163
0.093686
0.44315
1.0104
0.83169
-0.7131
-1.5687
0.090616
0.68625
1.2008
0.6437
-1.0649
-1.7704
0.10501
0.5707
0.75734
0.16887
-1.1616
-1.6868
0.00024051
0.0034903
0.011355
0.0070717
-0.0019277
-0.0088122
-0.0028278
0.00045235
0.0079269
0.0051414
-0.0066764
-0.013737
-0.0073347
-0.0040162
0.0016232
-0.0017111
-0.010094
-0.011939
-0.010102
-0.0061598
-0.00049597
-0.001504
-0.0059129
-0.0044864
-0.0064738
0.00092827
0.004165
0.0081156
0.0059781
0.0018922
-0.0038811
0.0030325
0.0079485
0.0085876
0.0083215
0.0041462
-0.46062
-0.8754
-1.1596
-1.1367
-1.0976
-0.94176
0.36928
0.21985
-0.16793
-0.65154
-1.1584
-1.1961
0.88136
1.145
1.1477
0.80486
0.033231
-0.62732
0.26504
0.51037
0.84224
1.1597
1.1019
0.46197
-0.42186
-0.48076
-0.19233
0.45132
0.88508
0.75347
-0.43489
-0.53448
-0.43734
-0.12278
0.25467
0.37046
-0.40372
-0.4527
-0.43221
-0.58902
-0.69546
-0.48349
-0.4138
-0.48135
-0.55016
-0.6086
-0.32347
0.087387
-0.41775
-0.53186
-0.56866
-0.20202
0.63725
0.99083
-0.42864
-0.58046
-0.36779
0.39043
1.2415
1.2585
-0.45423
-0.48107
-0.0058052
0.75521
1.1814
0.90913
-0.32681
-0.17807
0.26558
0.71307
0.76669
0.43646
1.0878
1.5917
1.7246
1.6971
1.5046
0.99418
0.30541
0.51141
0.69264
0.70219
0.41431
0.047362
-0.55062
-0.74581
-0.82877
-0.90095
-1.0617
-1.0574
-0.51283
-0.67211
-0.80964
-0.89948
-1.0945
-1.0495
-0.27284
-0.27514
-0.29386
-0.22571
-0.29312
-0.20221
-0.086545
-0.09913
-0.14174
-0.016488
0.12948
0.22057
0.0050136
0.0043954
0.0057838
0.0043985
0.0074009
0.0019972
-0.00082032
-0.0035355
-0.00099436
0.0023172
0.0051407
0.0019909
-0.0095661
-0.011579
-0.0074845
-0.0011652
-0.0011031
0.00015981
-0.012094
-0.012909
-0.007037
-0.0024523
0.0015584
0.00041319
-0.0074038
-0.0043515
-0.00064051
0.007336
0.0062898
0.0029235
-0.0034839
0.0015649
0.0039453
0.0059393
0.0068005
0.0039376
-0.60025
-0.958
-0.9386
-0.70124
-0.54272
-0.23484
-1.0008
-1.2713
-0.80864
-0.16659
0.20316
0.34427
-1.3724
-1.252
-0.14832
0.75439
0.94183
0.56637
-1.1099
-0.37024
0.66383
0.90139
0.63767
0.14773
0.025263
1.0789
1.2111
0.57091
0.047601
-0.1744
0.8523
1.4894
1.1428
0.24312
-0.16775
-0.21991
-0.19719
-0.17205
-0.24493
-0.43206
-0.48193
-0.4357
-0.82803
-1.0461
-1.1893
-1.2946
-1.178
-0.79945
-0.39023
-0.56888
-0.70535
-0.64812
-0.46503
-0.24956
0.99155
1.2248
1.166
1.0932
1.125
0.86659
1.1955
1.2491
1.0192
0.8065
0.78794
0.57558
0.085866
-0.14813
-0.31501
-0.40444
-0.36674
-0.20663
-0.65895
-0.59924
0.058812
1.202
1.9493
1.6605
-0.79313
-0.93165
-0.44177
0.71516
1.7393
1.727
-0.47491
-0.60957
-0.67813
-0.33654
0.36436
0.65196
-0.15039
-0.071936
-0.36431
-0.75099
-0.71674
-0.32038
-0.016455
0.077538
-0.081399
-0.52401
-0.84582
-0.66954
0.055571
0.13683
0.050976
-0.22713
-0.6038
-0.58512
-0.001941
-0.0046581
0.0017369
0.0087679
0.011108
0.011059
-0.0092517
-0.01314
-0.0088846
0.0046853
0.013639
0.012555
-0.013532
-0.021525
-0.014622
-0.0020303
0.010702
0.013276
-0.012991
-0.019336
-0.014712
-0.00084801
0.012712
0.013024
-0.012153
-0.013349
-0.0050337
0.0069585
0.016001
0.011772
-0.0073455
-0.0084988
-0.0028968
0.0080832
0.0092802
0.0074029
-0.53162
-0.57247
-0.3664
0.15911
0.68217
0.64456
0.36884
0.66965
0.5755
0.62701
0.90054
0.69711
1.5086
1.7621
1.0174
0.29482
0.076892
-0.091997
1.099
0.90194
0.0099327
-0.59057
-0.73381
-0.66405
-0.4762
-0.89079
-0.99732
-0.78235
-0.69874
-0.57979
-1.2228
-1.3908
-0.98761
-0.45351
-0.24805
-0.14694
-0.44415
-0.46111
0.12035
0.87569
1.0358
0.53586
-0.59479
-0.77401
-0.097186
0.86924
0.86303
0.20629
-0.60357
-0.81686
-0.28162
0.58227
0.4454
-0.1409
-0.63817
-0.84547
-0.33732
0.53513
0.5307
0.082962
-0.79255
-1.0844
-0.4824
0.60769
0.91744
0.59925
-0.77669
-1.0751
-0.51302
0.44434
0.9064
0.71768
-0.0025966
0.0034634
0.0058241
-0.0034496
-0.012808
-0.014581
-0.001618
0.0044946
0.0032742
-0.0079308
-0.020533
-0.019739
0.004496
0.0076957
0.0067596
-0.0085851
-0.020137
-0.016648
0.013965
0.013694
0.0095508
-0.0010486
-0.011909
-0.009435
0.018519
0.022631
0.011221
0.00072387
-0.0027871
-0.0075833
0.012036
0.013232
0.010096
1.4273e-05
-0.0042642
-0.0039748
0.50072
-0.22646
-1.0787
-0.65257
0.45923
0.77212
0.32485
-0.61525
-1.0758
-0.054677
1.0654
0.97145
-0.1107
-0.89582
-0.55657
0.82418
1.2774
0.50656
-0.71031
-1.0217
0.1121
1.3312
0.75447
-0.33153
-1.1918
-0.87127
0.74773
1.3032
0.088027
-0.79876
-1.1614
-0.53412
0.89664
0.94706
-0.24053
-0.76246
-0.21137
0.30093
0.7969
0.71095
0.26991
-0.057722
-0.54195
-0.10004
0.70842
1.2907
1.3178
0.85506
-0.72491
-0.81212
-0.29731
0.82863
1.6532
1.4896
-0.37644
-0.83746
-1.058
-0.55418
0.43695
0.98539
0.08069
-0.38342
-0.95404
-1.2325
-0.90361
-0.22954
0.21991
0.025433
-0.51687
-0.95338
-1.0194
-0.55671
1.5505
1.2207
-0.04674
-0.91578
-0.72568
-0.12057
1.9691
1.1594
-0.65605
-1.1685
-0.39696
0.34824
1.3718
0.18054
-1.316
-0.90671
0.31504
0.72303
0.24782
-0.78886
-1.2292
-0.33252
0.72301
0.63724
-0.57853
-1.1207
-0.70464
0.26427
0.68187
0.35047
-0.66094
-0.82623
-0.24191
0.46563
0.50018
0.15722
-0.65652
-0.58549
-0.32961
0.090369
0.43283
0.44822
-0.84429
-0.97406
-0.68065
-0.19044
0.21131
0.3353
-0.40124
-0.83431
-0.97696
-1.0014
-0.86645
-0.56521
0.26556
-0.16483
-0.72897
-1.0819
-1.1437
-0.89364
0.78243
0.73403
0.50196
0.48619
0.52088
0.34857
0.63688
0.89063
1.1471
1.4412
1.6548
1.3412
0.24382
-0.41972
-0.83172
-0.31704
0.59156
0.80741
0.41259
-0.46633
-1.0235
-0.40935
0.71936
1.0009
0.72293
-0.19949
-0.98159
-0.55601
0.33222
0.64267
1.2375
0.53709
-0.61432
-0.89745
-0.53764
-0.18631
1.619
1.1831
-0.23296
-1.1078
-1.0809
-0.66739
1.3714
1.1918
-0.002804
-0.84485
-0.86314
-0.55307
-0.016675
-0.068209
-0.55578
-0.90551
0.052353
1.1309
0.063199
-0.06737
-0.69926
-1.185
0.07826
1.4181
0.10036
0.10625
-0.59627
-1.2546
0.087912
1.5608
0.057168
0.18818
-0.492
-1.2232
0.17278
1.6947
-0.031289
0.060068
-0.57502
-1.1529
0.2565
1.6519
-0.096465
-0.122
-0.55098
-0.92483
0.18454
1.299
0.24197
0.12666
0.075085
-0.030467
-0.15137
-0.19397
0.68574
0.99564
1.2193
1.1876
0.83123
0.49524
0.25635
0.4379
0.61606
0.60226
0.43881
0.17378
-0.95159
-1.2273
-1.2932
-1.3172
-1.2388
-0.92569
-0.82816
-0.79277
-0.73552
-0.9462
-1.0738
-0.8046
0.042849
0.75193
1.0643
0.78733
0.47436
0.32164
-0.2499
0.17851
0.78403
0.61356
-0.10575
-0.47176
0.061977
0.74338
1.026
0.25665
-0.93515
-1.0855
0.43965
0.65704
0.26465
-0.76899
-1.2424
-0.76843
0.33748
-0.12777
-0.92937
-1.1351
-0.30085
0.64788
-0.11459
-0.83129
-1.1966
-0.38064
1.2148
1.6822
-0.45585
-0.75621
-0.67951
0.42148
1.5175
1.4317
0.0063368
0.013819
0.011545
0.0037477
-0.0059813
-0.0098413
0.011985
0.013566
0.010588
-0.00044386
-0.015023
-0.017818
0.0096573
0.012116
0.0076894
-0.0089652
-0.026967
-0.025009
0.012033
0.015967
0.0017571
-0.013461
-0.023393
-0.019039
0.021387
0.01731
0.0077124
-0.0090302
-0.014521
-0.010886
0.017735
0.01703
0.0071935
-0.0041687
-0.00516
-0.0016098
-0.20444
-0.44483
-0.57463
-0.45561
-0.14397
0.079998
0.10792
-0.27726
-0.63163
-0.71817
-0.56812
-0.35966
0.37591
0.48452
0.17156
-0.49723
-1.0874
-1.075
-0.089963
0.58
1.1141
0.67163
-0.45106
-1.0375
-0.9008
-0.19645
1.0893
1.6136
1.04
0.040235
-1.0989
-0.82584
0.29459
1.2448
1.3359
0.81496
-1.4199
-1.0326
0.4708
1.2875
0.73338
-0.1463
-1.5225
-0.82199
1.0285
1.5887
0.63417
-0.30418
-1.4401
-0.5424
1.1111
1.3101
0.31557
-0.45204
-1.2856
-0.41125
0.87107
0.95773
0.17742
-0.38282
-1.1452
-0.33271
0.63512
0.70189
0.20843
-0.21688
-0.89431
-0.24912
0.38579
0.46323
0.16336
-0.15586
0.68671
0.78335
0.80917
0.52752
-0.22073
-0.5914
0.36925
0.12214
-0.13415
-0.46857
-0.98261
-0.97991
-0.89123
-1.2348
-1.136
-0.92158
-0.78797
-0.43468
-1.2946
-1.3454
-0.73353
0.094236
0.43938
0.43288
-0.30939
-0.069926
0.62253
1.1966
1.1757
0.72277
0.55437
0.82944
1.0035
1.0016
0.72666
0.29711
-0.030695
-0.26729
-0.70475
-0.93748
-0.9342
-0.79011
0.23166
0.097912
-0.14043
-0.11419
0.070561
0.031666
0.68472
0.82276
0.96573
1.3399
1.6228
1.3022
0.55111
0.77218
0.85546
1.0511
1.2048
0.88732
-0.17297
-0.19045
-0.53943
-0.82966
-0.87576
-0.68552
-0.50814
-0.67804
-1.054
-1.3426
-1.3065
-1.0827
0.020955
0.021155
0.013247
0.0076563
0.0089809
0.0033986
0.029568
0.026491
0.01021
0.00047771
-0.005416
-0.0085432
0.023108
0.016283
0.0013861
-0.017489
-0.026782
-0.024432
0.016152
0.011087
-0.0048195
-0.022505
-0.034264
-0.024797
0.014189
0.011607
-0.0025812
-0.016694
-0.021389
-0.014375
0.010037
0.010876
0.0009555
-0.0086574
-0.010205
-0.0021113
-0.17972
-0.64259
-1.0384
-1.1408
-0.87482
-0.40768
0.50846
0.030857
-0.79541
-1.1858
-1.0289
-0.50518
1.2077
1.0787
0.095413
-0.82826
-0.87946
-0.3938
1.1688
1.3707
0.71547
-0.39274
-0.76671
-0.3956
0.86357
1.2592
1.0726
0.14411
-0.47846
-0.36407
0.58545
0.91562
1.0433
0.53389
-0.11008
-0.27428
-1.2318
-1.5178
-1.1598
-0.46735
0.10828
0.25019
-1.3408
-1.1987
-0.30079
0.52771
0.69274
0.32778
-0.44489
0.4029
1.2873
1.2478
0.47511
-0.23327
0.50479
1.3228
1.4007
0.55573
-0.4102
-0.73672
0.71111
1.0061
0.4716
-0.33277
-0.66551
-0.5312
0.32561
0.050019
-0.44387
-0.65094
-0.43326
-0.22661
-0.46285
-0.59134
-0.54349
-0.54906
-0.65206
-0.58376
-0.51071
-0.59877
-0.5788
-0.59869
-0.57474
-0.35982
-0.47927
-0.53393
-0.42899
-0.20066
0.17525
0.37467
-0.38558
-0.42147
-0.14059
0.40716
0.94578
0.95985
-0.18464
-0.07185
0.31574
0.83756
1.1572
0.98321
0.013217
0.24241
0.53264
0.76334
0.80747
0.5899
1.2324
1.2625
0.4176
-0.34781
-0.69921
-0.56296
1.5696
1.4457
0.30851
-0.64193
-0.87287
-0.59672
1.3832
1.0308
-0.16146
-0.83654
-0.77792
-0.32584
1.2538
0.65938
-0.56871
-1.0545
-0.68861
-0.14195
1.1343
0.51921
-0.67355
-1.1546
-0.7423
-0.12029
0.69725
0.20294
-0.63875
-0.98383
-0.67775
-0.20821
0.93696
0.99849
0.83735
0.66557
0.30049
-0.12676
1.0586
1.2988
1.1234
0.80532
0.32459
-0.11383
0.40077
0.80607
0.86549
0.59494
0.1739
-0.1975
-0.38977
-0.042227
0.20623
0.049885
-0.28902
-0.45626
-0.64911
-0.62923
-0.54457
-0.71872
-1.0039
-0.9425
-0.56074
-0.75079
-0.86433
-1.0679
-1.2056
-0.99672
-4.5585
-4.5707
-5.351
-5.3624
-4.9671
-5.0092
-5.0246
-5.3769
-5.491
-4.5732
-5.2186
-4.9329
-4.9971
-4.5717
-5.2566
-4.9311
-4.787
-4.5675
-5.0651
-5.0889
-4.572
-5.225
-5.1481
-5.1627
-5.0074
-5.0582
-4.9173
-4.8914
-4.9358
-4.5697
-4.871
-5.3256
-5.1293
-5.1466
-4.5674
-5.3759
-5.0189
-4.7846
-5.176
-5.3036
0.020606
0.022518
0.015716
0.00059294
-0.0094425
-0.001073
0.018246
0.017254
0.0071
-0.010095
-0.011651
-0.002153
0.0091317
0.0067692
0.0051194
-0.0073881
-0.012799
-0.007178
0.014047
0.004851
0.000354
-0.0053929
-0.012074
-0.0073154
0.02076
0.0078031
-0.0079693
-0.012462
-0.018874
-0.012704
0.012236
0.0035169
-0.0038604
-0.0082906
-0.018209
-0.014225
