-0.011773
-0.67528
-0.55143
-0.36983
1.0217
-0.9689
-0.26911
0.0076099
0.0007351
0.63625
-0.5228
-0.0050408
-0.0068195
-0.0060675
0.29659
-5.2863e-05
-0.018877
-0.58381
0.0022118
0.0097225
-0.48943
-0.0042047
0.68393
-0.29321
-0.12552
-0.021595
-0.0028599
-0.16352
0.25823
0.07016
-0.0019509
0.018484
-0.74818
-0.85535
-0.0026843
-0.64218
-0.75599
-1.1586
1.6392
0.75875
0.61618
-0.0025457
0.15288
-0.17027
-0.00022805
-0.072403
-0.24326
1.028
-0.13827
0.94893
-0.15857
-0.0067078
-0.0014861
-0.75936
0.43213
-0.01396
0.032761
-0.67459
-0.21353
0.89873
-1.0664
-0.37666
-0.55008
-0.0020891
1.3797
-0.75352
-0.00092703
-0.0069271
-0.0044333
0.48653
-0.00043662
-0.025006
-0.93508
-0.0016687
-0.00073331
-0.64726
-0.002617
0.35463
0.046071
0.63866
-0.020273
-0.0034429
-0.04531
0.45105
-0.35899
-0.0041479
0.02962
-0.40641
-1.1656
-0.0011256
-0.85499
-0.91835
-0.91069
1.9821
0.99375
0.10042
1.127e-05
0.34309
-0.47155
0.0016242
-0.091933
0.5404
0.89815
-0.21001
0.39682
-0.15203
-0.0159
-0.0035571
-0.93897
0.52906
-0.010858
0.86352
-0.71116
0.27823
0.3785
-0.96573
-0.28324
-1.0989
-0.0084895
1.246
-0.44212
0.00037451
-0.0025514
-0.0047525
0.6465
-6.0724e-05
-0.019557
-0.81682
-0.0074512
-0.015137
-0.63964
0.00033575
-0.36592
0.77328
0.70699
-0.011985
-0.0034668
0.50839
0.070791
-0.75367
-0.0042144
0.018678
0.79228
-0.80386
-0.0003915
-0.92616
-0.96648
0.33721
1.827
0.55052
-0.76103
0.00043772
0.37999
-0.77635
0.00063774
-0.061602
1.0768
-0.23247
-0.45599
-0.50293
-0.080862
-0.022068
-0.0077444
-0.5243
0.32006
-0.0077704
0.71717
-0.70338
0.31361
0.26659
-0.88577
-0.046988
-0.68617
-0.009427
0.21553
0.40916
-0.0016703
0.0032559
-0.0052366
0.33686
0.00043708
-0.0050678
-0.061452
-0.009213
-0.016177
-0.66488
0.0020373
-0.7811
1.3357
0.072373
-0.0079916
-0.0027953
1.3868
-0.43728
-0.093172
-0.002038
-0.0036747
1.4493
0.037031
0.00050294
-1.0384
-0.81977
0.93789
1.4706
-0.18311
-1.2592
-0.00032136
-0.17623
-0.79383
-0.0037709
-0.0099111
0.69781
-1.0208
-0.73708
-0.71294
0.014295
-0.019617
-0.011256
0.18177
0.24805
-0.0061523
-0.069868
-0.66127
0.085919
0.58755
-0.6906
0.27128
0.285
-0.0052144
-0.75508
0.86288
-0.0037345
0.0053325
0.0012931
-0.74382
-0.00097652
0.012292
0.78609
-0.0066186
-0.0068743
-0.77494
-0.00028116
-0.40664
1.1391
-0.39352
-0.00443
-0.0029819
2.0727
-0.76445
1.155
-0.0024557
-0.021591
1.1477
0.61457
-0.00070798
-1.1204
-0.20777
0.4642
0.9451
-0.7524
-1.0589
-0.00015396
-0.59376
-0.15106
-0.0062409
0.022582
-0.21052
-0.66975
-0.69763
-0.49909
0.014753
-0.011062
-0.011661
0.80571
0.45955
-0.0055289
-0.5661
-0.44446
0.096559
0.67062
-0.49019
0.32194
0.79529
-0.0030821
-0.91992
0.53874
-0.0060738
0.0022294
0.0074546
-1.3303
-0.0025598
0.015939
0.74494
-0.0029046
0.00053501
-0.66529
-0.0041025
0.11631
0.34646
-0.45785
-0.00093989
-0.0038014
1.8932
-0.7838
1.2412
-0.0044193
-0.025177
0.57562
0.48049
-0.0039549
-0.97155
0.23092
-0.13125
0.45388
-0.74931
-0.45882
-0.0019827
-0.38891
0.39883
-0.0039138
0.027722
-0.70174
0.18207
-0.36488
-0.22549
-0.082896
-0.0015172
-0.0079448
0.92108
0.4436
-0.013053
-0.6825
-0.73845
-0.82604
0.75097
-0.62755
-0.50764
-0.047669
0.00037664
1.1719
-0.55064
-0.0029104
-0.0067972
-0.0068274
0.33334
-0.0019842
-0.032571
-0.37611
0.0023937
0.0098045
-0.62911
-0.0014909
1.0789
0.28087
-0.43034
-0.02268
-0.0031839
-0.43468
0.20471
0.31033
-0.0015209
0.032333
-0.97037
-1.1688
-0.0048942
-0.081115
-0.2562
-1.3643
0.78194
0.24554
1.2539
0.0091763
0.35154
-0.37654
-0.0010933
-0.094137
-0.78857
1.4169
-0.7488
1.3567
-0.17832
-0.005688
-0.00048631
-0.3886
1.0814
-0.01324
0.33506
-0.93153
-0.95538
0.55255
-0.7149
-0.69864
-0.81956
-0.0014409
1.5355
-0.75865
0.0012082
-0.0048751
-0.0046633
0.4624
0.0013054
-0.038878
-0.76518
-0.00080713
-0.0010376
-0.69592
-0.00076703
0.85218
0.82134
0.69941
-0.019546
-0.0026534
-0.63208
0.64509
-0.24867
-0.0019007
0.041451
-0.74495
-1.0438
-0.0019359
-0.14438
-0.095322
-0.90821
0.9319
0.20506
1.1152
0.01293
0.61769
-0.75836
0.00037774
-0.12212
-0.045633
0.66005
-1.0836
0.38868
-0.12158
-0.014669
-0.0018538
-1.0817
1.2941
-0.0096
1.0991
-0.7465
-0.50852
0.13937
-0.6874
-0.53605
-1.1099
-0.0062001
0.83366
-0.30265
-0.00037794
-0.00088447
-0.0035811
0.78102
0.0058788
-0.026564
-0.76705
-0.005916
-0.013289
-0.68881
-0.00095212
-0.26194
1.3939
0.82465
-0.012757
-0.0011146
-0.43504
0.89254
-1.0068
-0.0008921
0.016425
0.53361
0.077149
-0.00086475
-0.14425
-0.027053
0.667
0.73651
-0.42619
0.085036
0.0096519
0.35172
-0.97048
0.0016597
-0.080475
1.0698
-0.90608
-1.0852
-0.81778
-0.0061576
-0.019222
-0.006842
-1.4024
0.90429
-0.0077785
0.53195
-0.43719
-0.25846
0.33498
-0.66963
-0.058362
-0.14907
-0.0047931
-0.2582
0.69661
-0.0040913
0.0018905
-0.0031764
0.73706
0.0053232
-0.0034434
0.17385
-0.0077302
-0.011094
-0.77868
-0.0013724
-1.0148
1.3742
-0.022026
-0.0087309
0.00087114
0.42097
1.0113
-0.51583
0.00071321
-0.018105
1.5452
1.1215
-0.0015812
-0.38419
0.11631
1.2078
0.29016
-1.2473
-0.95592
0.0051891
-0.5925
-0.74223
-0.00094842
-0.0069111
1.1253
-1.2217
-0.79646
-0.8981
-0.10318
-0.015614
-0.010857
-1.0134
0.41771
-0.0071698
-0.49702
-0.088492
-0.1542
0.93026
-0.6033
0.35307
1.0329
0.00032374
-0.81311
1.0345
-0.0053754
0.00082332
0.0028337
-0.61181
0.0015822
0.021031
1.1047
-0.0038973
0.00041288
-1.0439
-0.0052127
-0.73877
0.57095
-0.53387
-0.00070882
0.0011539
1.4315
0.76458
1.238
-0.00062077
-0.042162
1.4182
0.99854
-0.0049424
-0.83075
0.54137
0.50115
-0.23916
-1.6398
-1.3298
0.0018937
-0.87966
0.22987
-0.0037813
0.047367
0.15882
-0.22492
-0.26081
-0.51552
-0.3505
-0.0060543
-0.0082432
-0.24053
0.21614
-0.0063032
-0.80957
0.12792
0.054146
0.96745
-0.51017
0.35235
1.2223
-2.3417e-05
-0.7673
0.57313
-0.0069606
-0.0014557
0.0079491
-1.5859
-0.00034426
0.025433
0.86887
0.00016911
0.00603
-0.97117
-0.0083083
-0.13706
-0.30139
-0.47003
0.0051444
-0.00055935
1.6256
0.24983
1.7434
-0.0037436
-0.043233
0.78844
0.14698
-0.0085878
-0.96919
0.76371
-0.17818
-0.41726
-1.3307
-1.0161
-0.001161
-0.27594
0.79687
-0.0022352
0.050278
-0.58374
0.65551
0.045064
-0.20728
-0.49661
0.0018473
-0.00388
0.23275
0.13479
-0.0090712
-0.32125
-0.86299
-0.6151
-0.1694
0.3088
-0.63557
-0.44719
0.001388
1.392
-0.44709
-0.0013488
-0.0065867
-0.0078838
0.28034
-0.0066652
-0.031622
0.14294
-0.00025825
0.00325
-0.13116
0.00020428
0.8471
0.68772
-0.71183
-0.0096106
-0.0035436
-0.31842
-0.17996
0.52647
-0.0028128
0.039766
-0.61079
-1.1295
-0.0026243
0.30621
1.0811
-1.356
-0.74683
-0.8484
0.99403
0.019006
0.58066
-0.336
-0.0044727
-0.070432
-1.0413
1.0116
-0.67136
1.4857
-0.42104
-0.00047086
0.0017868
0.80325
0.66415
-0.0058741
0.78777
-0.85513
-1.2463
-0.45764
0.40815
-0.85861
-0.95969
0.0021235
1.0677
-0.56981
0.0022098
-0.0035783
-0.0051895
0.21578
-0.0020343
-0.035672
-0.2117
0.0016024
-0.00082687
-0.067318
0.00070286
0.95039
1.0754
0.72185
-0.0087912
-0.0024768
-0.60254
0.046561
0.20715
-0.0018826
0.045529
-0.80997
-0.36277
0.0015901
0.58612
1.5862
-0.77698
-0.88238
-0.92981
1.4993
0.023543
0.68331
-0.70942
-0.0034683
-0.098847
-0.65553
-0.091721
-0.71137
0.39135
-0.51397
-0.00023971
0.0029497
0.34731
1.0901
-0.001628
0.99439
-0.30177
-1.2367
-0.53317
0.26807
-0.59131
-0.63368
0.00086667
-0.037911
-0.082192
-0.00061128
-0.0014049
-0.0016939
0.7347
0.0033725
-0.025469
-0.51777
0.0021365
-0.0016835
-0.15293
-8.5994e-05
0.050884
1.0202
1.1001
-0.011261
-0.0014581
-0.93456
0.70193
-0.83009
-0.00012862
0.01448
-0.37506
1.004
0.0017855
0.96978
1.4627
0.72336
-0.83078
-0.99799
1.2169
0.016832
-0.063319
-0.90465
0.0017148
-0.071067
0.5764
-1.3437
-0.17222
-0.8574
-0.57132
0.0020946
-0.00063657
-0.70271
1.0636
-0.0013088
-0.14624
0.2737
-0.96937
-0.054011
-0.022226
0.14138
0.62704
0.0031841
-0.63492
0.76024
-0.0032426
-0.0021979
-0.00074032
1.0887
0.00039172
-0.0042511
0.18672
0.0016781
0.0038981
-0.4059
-0.0011139
-1.0025
0.34297
0.048986
-0.011065
0.00039406
-0.94102
1.4774
-1.0618
0.00086171
-0.02191
0.41358
1.3933
-0.000802
1.144
1.1528
1.0144
-0.94335
-0.93652
0.2083
0.005423
-1.1258
-0.46081
0.0033566
-0.0035128
1.1646
-0.90832
0.65119
-0.79949
-0.8382
0.0042191
-0.0037586
-1.2042
0.62677
-0.00022041
-0.94514
0.69016
-0.54378
0.75097
-0.22377
0.51439
1.3595
0.0064885
-0.55138
0.90917
-0.0024753
-0.0035739
0.0034085
-0.20276
-0.0039022
0.020842
1.0977
0.0040532
0.010193
-0.81088
-0.0049449
-1.0255
-0.63426
-0.70537
0.0015384
0.002273
-0.6588
1.7267
0.44504
0.000509
-0.046405
0.73493
0.38176
-0.0050594
0.80355
0.94813
0.28047
-1.0683
-0.70303
-0.77552
-0.0011784
-0.93835
0.63499
0.00031302
0.054304
0.64076
0.53544
1.1805
-0.33295
-1.0564
0.0060226
0.00017035
-1.0847
0.089138
0.00055726
-0.72961
0.65396
-0.11577
0.97353
-0.27441
0.4162
0.92378
0.0031357
-0.3325
0.40823
-0.0037583
-0.0034647
0.0061798
-1.505
-0.0029325
0.025722
0.8743
0.0062
0.0085035
-0.8668
-0.0088036
-0.44543
-0.96504
-0.61558
0.010544
0.0013726
-0.2127
1.3191
1.5296
-0.0012518
-0.043933
0.59895
-0.6729
-0.0086198
0.18819
0.63114
-0.20812
-0.83992
-0.36442
-0.9158
-0.0035665
0.21716
1.056
-0.0010653
0.053311
-0.14057
1.1365
0.96288
-0.06376
-0.96916
0.0064872
0.0032758
-0.69787
-0.11953
-0.0062189
0.46298
-0.85179
0.55069
-0.91169
0.73891
-0.58194
-0.83169
0.0023193
1.1436
-0.42587
-0.0027767
-0.0063116
-0.0071802
0.24345
-0.0099619
-0.018739
0.35717
-0.003572
-0.0061058
0.58207
-0.0031482
0.25308
0.29547
-1.1259
0.00061134
-0.0031339
-0.015583
-0.51049
0.38998
-0.0034251
0.041252
-0.13018
-0.45126
-0.0017465
-0.036978
1.4303
-1.28
-1.0474
-0.75157
0.12417
0.0059996
0.4701
-0.0059196
-0.008473
-0.041307
-0.92797
-0.016489
0.51819
1.6947
-0.92032
0.0018298
0.004454
1.322
-0.66946
-0.0012604
1.3103
-0.36801
-0.1136
-1.0924
0.98395
-0.90492
-0.86409
0.0036752
0.31669
-0.54211
0.00088442
-0.0021663
-0.0050724
0.08835
-0.0071783
-0.022924
-0.1902
0.0023123
-0.0026019
0.7498
-0.0018875
0.95766
0.3077
0.3355
-7.1766e-05
-0.0023096
-0.12792
-0.65942
0.29262
-0.0025819
0.042129
-0.60561
0.47782
0.0024264
0.2215
1.4953
-0.61103
-1.0517
-0.4873
0.72434
0.0067629
0.13674
-0.4337
-0.0061583
-0.052121
-0.94137
-0.97377
0.91121
0.44015
-1.058
0.009243
0.006236
1.6735
-0.30067
0.0020945
0.63197
0.45334
-0.78484
-0.98766
0.81347
-0.56658
0.093719
0.0031238
-0.62305
-0.095787
0.00062678
-0.0010768
-0.005016
0.62987
-0.0052184
-0.019425
-0.8561
0.0078798
0.0062989
0.62547
0.00059883
0.70455
-0.11807
1.4187
-0.0066239
-0.0030393
-0.38021
-0.37901
-0.56625
-0.0018671
0.013498
-0.97444
1.1026
0.0026549
0.78353
0.79217
0.72174
-0.79553
0.18501
1.1205
0.0034819
-0.86325
-0.80585
0.0020021
-0.033417
-0.067019
-1.1992
1.2823
-0.93768
-0.99219
0.01663
0.0040165
1.1576
0.3343
0.0038491
-0.8381
0.7703
-0.93259
-0.54832
0.35178
0.42722
1.0729
0.0033779
-0.62362
0.60753
0.00010606
-0.002805
-0.0062599
1.0417
-0.0082073
-0.0014099
-0.32003
0.006737
0.011179
0.45216
0.0025058
-0.57728
-0.74564
0.74138
-0.0060086
-0.0028837
-0.69488
0.15497
-1.2436
-0.0015896
-0.016162
-0.70786
0.60653
0.00043828
1.3195
0.10299
0.79086
-0.7069
0.90861
0.76825
-0.0039053
-1.3653
-0.32952
0.0044008
0.018002
0.8909
-0.074858
1.4395
-0.78879
-0.97231
0.016783
0.0025405
0.26038
0.47129
0.009544
-1.0555
0.71117
-0.69067
0.23226
-0.064111
0.82364
0.83286
0.0050489
-0.3453
0.72837
0.00033184
-0.003413
-0.00055053
-0.23262
-0.0095155
0.023452
0.96765
0.0054659
0.0093878
0.2084
-0.00097242
-1.1563
-1.2027
-0.3528
0.0095902
-0.0011561
-1.1075
0.57253
-0.49689
-0.00045601
-0.034661
-0.1684
-0.63393
-0.0018794
1.675
-0.21992
0.15707
-0.67589
1.4124
0.0057855
-0.0079222
-0.23784
0.81666
-0.00022151
0.065137
1.0667
0.94986
1.3475
-0.20884
-0.90344
0.011209
0.0047671
-0.37964
0.16796
0.011314
-0.33227
0.45385
-0.31257
0.60933
-0.25493
0.50751
-0.013783
0.002163
-0.25891
0.31027
-0.0024908
-0.0026367
0.0046666
-1.5516
-0.0062259
0.02665
1.0967
0.005232
0.0026954
-0.036209
-0.0063771
-0.73231
-1.0252
-0.64319
0.018338
-0.00072118
-1.0414
0.6155
0.73104
-0.00061419
-0.033278
0.22311
-1.1238
-0.004891
1.3276
-0.34109
-0.09705
-0.53086
1.2923
-0.28428
-0.0073839
1.1098
1.1318
-0.0034557
0.057606
0.51941
0.81924
0.85545
0.030013
-0.62208
0.0050689
0.004904
-0.58298
-0.07498
-0.0063565
1.1832
-0.52355
1.6946
-0.85559
0.75174
-0.53943
-0.79873
0.00010286
0.52372
-0.51007
-0.005394
-0.0028304
-0.002187
0.3652
-0.004581
-0.0099474
0.10979
-0.0060694
-0.012964
0.55701
-0.0056396
-0.014394
-0.33322
-1.7216
-0.0060388
-0.0024547
-0.22375
-0.26367
0.38453
-0.00075442
0.028526
0.26558
0.75853
-0.0046801
-0.61852
0.11476
-1.0322
-0.56961
0.15246
-0.3129
-0.013964
0.051402
0.33967
-0.0076135
-0.031785
-0.73161
-0.82689
1.0813
1.8558
-0.41136
-0.0065507
0.0023476
0.35361
-1.3392
-0.0022065
1.548
0.27281
1.6888
-0.99193
0.99889
-0.99143
-0.39476
1.7791e-05
-0.2823
-0.66291
-0.0022814
0.0014217
-0.0018226
0.33009
-0.0035863
-0.014203
-0.51027
-0.0015518
-0.007606
0.7292
-0.0044511
1.1413
-0.55041
-0.75706
-0.004634
-0.0010444
-0.30031
-0.49091
0.34328
-0.00028329
0.023682
-0.16093
1.1977
-0.0010068
-0.57943
-0.31532
-0.36689
-0.44533
0.62629
-0.227
-0.018776
-0.62581
-0.083765
-0.0026448
-0.019805
-1.1388
-1.2721
1.134
0.52379
-0.058829
6.0038e-07
0.0013171
0.88595
-1.364
-0.00024307
0.054256
1.0847
0.73718
-0.86582
0.90082
-0.47934
0.76425
-0.0027966
-0.72478
-0.28798
7.4174e-05
0.0024849
-0.0078158
0.68856
-0.0036906
-0.012475
-1.2689
0.0032901
0.0024177
0.7455
0.00025893
1.3991
-0.71639
1.1043
-0.0017447
-0.0015364
-0.052438
-0.72321
-0.25565
-0.0011052
0.00096363
-0.73607
0.71005
0.0017366
-0.20565
-0.84503
0.84245
-0.17823
1.0782
0.099083
-0.015894
-1.2476
-0.60481
0.003703
0.014668
-0.87589
-0.4237
0.55519
-0.96905
0.46747
0.010307
-0.00035348
1.1569
-0.77347
0.0036318
-1.3502
1.0634
-0.048994
-0.6777
0.57488
0.82948
1.063
-0.0058152
-0.41993
0.28283
0.0019985
0.00024999
-0.012451
0.82022
-0.0049014
0.007419
-0.85982
-9.6536e-06
0.0037985
1.0001
0.0044405
0.015658
-0.88291
1.3829
0.0066286
-0.0022858
0.12301
-0.98456
-1.0793
-0.0019753
-0.018316
-0.89473
-0.23304
0.0019472
0.35287
-1.0738
0.82403
-0.074326
1.2279
0.23244
-0.01373
-0.79561
-0.13639
0.0017183
0.063057
0.11278
0.799
0.016266
-0.83331
0.86282
0.011933
0.0012638
0.9097
-0.44893
0.013622
-1.0137
0.61927
-0.363
-0.24094
0.09566
1.3026
-0.027319
-0.0054945
-0.35051
0.35238
0.0019138
-0.0019844
-0.0037657
-0.49009
-0.0048131
0.030923
0.62142
-0.0052097
-0.0031905
1.2837
0.0019382
-1.0598
-0.88342
0.42084
0.022345
-0.0022011
-0.19569
-1.1229
-1.082
-0.0024849
-0.028535
-0.61064
-0.96851
-0.0001737
1.0107
-0.93517
0.22959
-0.10398
1.1898
0.18159
-0.012343
1.044
0.96566
-0.0050025
0.09537
0.92397
0.78402
-0.29121
-0.19469
0.9599
0.003785
0.002269
0.38208
-0.3923
0.017095
-0.068073
0.19614
-0.30959
0.091541
-0.28286
0.82231
-0.79137
-0.0043876
-0.49882
0.081978
-0.002008
-0.00386
0.0055916
-1.64
-0.0039176
0.031282
1.2237
-0.0062167
-0.0086209
1.0197
-0.0042546
-0.94017
-0.65582
-0.41327
0.026028
-0.0025924
-0.48211
-0.8668
-0.18472
-0.0035321
-0.025741
-0.18676
-0.92768
-0.0035906
1.1256
-0.59413
0.03375
-0.20123
0.87487
0.12801
-0.0092206
1.9903
1.1819
-0.0071098
0.074519
0.83794
0.058005
-0.33197
0.092095
0.69474
-0.0033686
0.00045882
-0.093232
-0.35593
-0.0062279
0.96977
-0.1101
1.5257
-0.22569
0.53306
-0.49966
-0.46077
-0.0017666
-0.048105
-0.48847
-0.0063206
-8.7749e-05
0.0017131
0.38643
0.0025314
-0.0066722
-0.033935
-0.0055907
-0.009555
0.033974
-0.0040049
-0.088091
-0.57158
-1.6236
-0.016833
-0.0022775
-0.48783
0.034209
0.57596
-0.00073478
0.0094824
0.38207
0.97203
-0.005053
-0.69411
-0.81302
-0.7732
0.036425
0.42331
-0.31338
-0.017702
-0.2106
0.44607
-0.0026957
-0.022033
-0.5243
-0.77582
0.4633
1.4013
0.30356
-0.012766
-0.0023534
-0.60291
-0.87404
-0.003819
0.87075
0.54741
1.8605
-0.35843
0.72362
-0.93699
0.12757
-0.0032653
-0.53433
-0.58997
-0.0047087
0.0028959
0.0013966
0.45032
0.0034375
-0.0099338
-0.46083
-0.0044838
-0.0064238
0.083482
-0.0030302
0.92629
-0.73201
-1.2795
-0.014675
-0.00094311
-0.56966
-0.049895
0.58272
-0.00088591
0.0010786
0.1196
0.94381
-0.0016414
-0.80769
-1.0743
-0.18303
0.1331
0.61611
-0.42919
-0.022396
-0.82321
0.10819
0.0019962
-0.0013452
-1.051
-0.64736
0.070766
0.4325
1.0901
-0.0095347
-0.0065577
-0.45546
-1.1396
-0.0023255
-0.49381
1.0791
1.367
-0.44594
0.71429
-0.39122
0.92545
-0.0065063
-0.61283
-0.33446
-0.0014594
0.0033256
-0.0050363
0.58309
0.0023377
-0.0068596
-1.0415
-0.0030249
-0.0016092
0.15808
0.0009222
1.3094
-0.59949
0.31211
-0.0035287
-0.00012763
-0.1358
-0.3865
0.065975
-0.0010276
-0.014822
-0.24978
0.13082
0.0024558
-0.72841
-0.95763
0.73003
0.13725
0.31005
-0.42307
-0.016555
-0.94151
-0.37255
0.0046346
0.039387
-1.2097
0.39788
-0.72189
-0.69964
1.7253
-0.00072765
-0.0080801
-0.1056
-0.9918
0.00096922
-1.3202
0.94973
0.63677
-0.4952
0.58552
1.0053
0.65244
-0.01095
-0.40123
-0.0019064
0.0022625
0.0014788
-0.0094982
0.3317
0.0024389
0.010471
-0.84854
-0.00706
-0.0040275
0.61984
0.0041128
0.33796
-0.40951
1.1673
0.0093756
-0.00028344
0.41713
-0.89039
-0.72074
-0.0010999
-0.025315
-0.49431
-0.58824
0.0027816
-0.43299
-0.72273
0.70009
0.068659
-0.30998
-0.32144
-0.011444
-0.011053
0.070876
-0.0013636
0.078919
-0.56994
0.9851
-1.1437
-0.67313
1.9896
0.0024883
-0.0046252
0.16892
-0.85961
0.0079573
-0.77728
0.56123
0.11309
-0.31497
0.26815
1.4663
-0.48696
-0.012225
-0.44694
-0.074091
0.0027365
-0.0025919
-0.0015708
-0.71566
0.0017283
0.02652
0.175
-0.013073
-0.011868
1.2141
0.0024106
-0.6454
-0.27749
0.66836
0.020021
-0.00088751
0.35937
-1.207
-1.0768
-0.0025261
-0.028174
-0.51507
-0.75338
-0.00082779
-0.07761
-0.50371
0.19757
0.053893
-0.53752
-0.085292
-0.0098701
1.505
0.96635
-0.007836
0.090281
0.31659
0.45374
-1.2332
-0.16301
1.8614
-0.0029783
-0.0021933
0.19191
-0.74218
0.0099569
0.051312
0.14184
-0.090422
-0.096
-0.16713
0.91589
-0.85089
-0.0091555
-0.51385
-0.19867
-0.00059632
-0.0055103
0.0069531
-1.4014
-0.00083341
0.023028
0.80005
-0.012972
-0.014304
1.0724
-0.0020831
-0.67872
-0.19836
-0.064485
0.018874
-0.0021375
0.11378
-1.0307
-0.59414
-0.0046682
-0.021071
-0.33476
-0.43064
-0.0044769
0.16054
-0.22113
-0.0003575
0.0018759
-0.38588
0.1326
-0.0077217
1.8339
0.99653
-0.0082632
0.059741
0.56384
-0.129
-0.90286
0.10592
1.2136
-0.0079505
-0.0033187
-0.037205
-0.55229
-0.012638
-0.013318
-0.0064529
-0.0015809
-0.0015803
-0.0021976
-0.01351
-0.010993
-0.0038183
-0.0012723
-0.0041103
-0.0030802
-0.0092069
-0.0038301
0.002531
0.00085899
-0.0003295
0.0021722
-0.0064261
-0.00051193
0.0051911
0.0049246
0.010172
0.013868
-0.0058194
-0.0016653
0.0028081
0.0070609
0.015903
0.019346
-0.004417
-0.0017708
0.00064322
0.0033432
0.009733
0.011144
-0.60684
0.08532
0.86773
0.67576
-0.061607
-0.57875
-0.66003
0.38111
1.0937
0.48951
-0.55928
-0.86584
-0.28639
0.79469
0.96063
-0.16857
-0.95439
-0.77526
0.48485
1.2721
0.61153
-0.83725
-1.0465
-0.36168
1.1368
1.48
0.077083
-1.3218
-0.97966
-0.075174
0.91329
0.87782
-0.43007
-1.3191
-0.78548
0.029975
-0.54828
-0.64322
-0.69447
-0.67581
-0.64723
-0.37792
-0.72541
-0.90492
-0.74787
-0.42417
-0.096622
0.17298
-0.82285
-0.82606
-0.30337
0.26934
0.63466
0.63972
-0.79676
-0.37128
0.45191
0.77157
0.6609
0.45434
-0.51532
0.23224
1.0236
1.0181
0.58713
0.23015
-0.12075
0.53232
1.0724
0.9443
0.54825
0.18913
-0.35867
-0.19835
0.23868
0.25576
0.076813
0.11486
-0.82917
-0.91686
-0.50525
-0.25762
-0.15213
0.072007
-0.58279
-1.1087
-1.1695
-0.92512
-0.53144
-0.14585
0.53664
-0.009473
-0.68281
-0.93031
-0.72504
-0.37361
1.608
1.6248
0.74945
-0.024642
-0.34243
-0.28504
1.4969
1.764
1.3443
0.68844
0.14291
-0.099722
0.95229
0.83553
0.36207
0.25236
0.51931
0.62124
0.70322
0.52064
0.13007
0.289
0.83744
0.87088
-0.24861
-0.46965
-0.50604
-0.018244
0.71352
0.86227
-0.88612
-1.0284
-0.93737
-0.51127
0.24394
0.57213
-0.80901
-0.90647
-0.79523
-0.65477
-0.22949
0.15977
-0.21649
-0.31401
-0.37908
-0.45166
-0.29703
-0.095003
-0.85434
-0.9714
-0.8903
-0.81183
-0.63544
-0.42661
-0.56489
-0.66764
-0.6754
-0.64091
-0.56224
-0.43921
0.29737
0.41687
0.22971
-0.060984
-0.23022
-0.25166
0.72661
0.93935
0.75736
0.32462
-0.070951
-0.26741
0.69456
0.91129
0.84252
0.5662
0.10273
-0.25408
0.53464
0.67595
0.70773
0.6125
0.30258
-0.12987
-0.27998
-0.33838
-0.29936
-0.076098
0.23018
0.30446
-0.53992
-0.69761
-0.5636
-0.097098
0.34641
0.42099
-0.61429
-0.83024
-0.58137
0.15451
0.55456
0.43686
-0.53454
-0.88388
-0.54356
0.45814
0.82324
0.49347
-0.51901
-0.98017
-0.48743
0.80441
1.2623
0.80525
-0.48092
-0.91451
-0.32711
0.98318
1.4406
0.95604
-0.046265
-0.5299
-1.0838
-0.61196
0.28692
0.76701
-0.080446
-0.81694
-1.1002
-0.10947
1.0195
1.1772
-0.46775
-0.96375
-0.61053
0.66491
1.2913
0.90721
-0.84031
-0.86748
0.12068
1.0726
0.81208
0.076631
-0.80527
-0.35836
0.76846
1.0341
0.0079945
-0.68099
-0.46383
0.15896
0.95551
0.64531
-0.4619
-0.746
-0.00083555
-0.0025714
-0.0072698
-0.0067698
-0.0013197
0.0017935
0.00096697
0.00040157
-0.003134
-0.00093899
0.0036548
0.0032404
0.002621
0.0035621
0.0026073
0.0061439
0.0092835
0.006244
0.0023756
0.0033361
0.0030558
0.0052385
0.0086003
0.0070449
-0.00052703
0.00019225
-0.0017938
-0.0026546
-0.0016053
-0.00058822
-0.0021452
-0.0017945
-0.004618
-0.009576
-0.011275
-0.0079747
0.6572
1.3629
1.2219
0.21428
-0.7622
-0.89705
1.0987
1.4886
0.85507
-0.27848
-0.84308
-0.76215
1.3261
1.0795
0.0041251
-0.65655
-0.60146
-0.37427
1.1287
0.3902
-0.54051
-0.64576
-0.41516
-0.34799
0.46138
-0.23108
-0.68966
-0.47257
-0.43475
-0.50641
-0.022008
-0.46591
-0.55588
-0.39463
-0.48878
-0.46261
-0.50332
-0.7095
-0.42045
0.40415
0.83755
0.51822
-0.54006
-0.74965
-0.3145
0.66266
0.98748
0.543
-0.43446
-0.56922
-0.093522
0.73445
0.8673
0.39474
-0.39803
-0.51546
-0.073516
0.5987
0.69774
0.32165
-0.51954
-0.63319
-0.27468
0.28296
0.33966
0.077744
-0.48769
-0.55147
-0.30305
-0.031134
-0.098557
-0.17823
-0.0037333
-0.00069209
0.00061342
-0.0002347
-0.0019789
-0.0039116
-0.00018206
0.0023951
0.00059441
-0.0014172
-0.0022851
-0.0043153
0.0015057
0.0032707
0.0004748
-0.00076185
-0.00024227
-0.0025259
0.00048289
0.0018844
0.00063939
0.0013738
0.0018021
-0.0019585
-0.0021498
-0.00082867
0.0011865
0.0041262
0.004083
-0.00066788
-0.0037696
-0.003051
-0.00024695
0.0040337
0.0047958
0.00075202
-0.0046639
-0.0047135
0.00078395
0.0057998
0.0051105
0.0017598
-0.0032611
-0.0025369
0.0017691
0.0027077
0.00091343
-0.0005177
-0.0034893
-0.0016039
0.00087829
-0.0022468
-0.0050454
-0.0026058
-0.0037953
0.00041474
0.0024717
-0.0018378
-0.004473
-0.0024132
0.00034297
0.0054935
0.0070261
0.002363
-0.0027237
-0.003585
0.0034158
0.006737
0.0059988
0.0015337
-0.0031625
-0.0046763
-0.0046217
-0.0041144
-0.0030041
-0.0028807
0.0022486
0.008042
-0.002537
-0.00030102
0.0014135
-0.00012609
0.0037204
0.0096964
-0.0040582
-0.00087956
0.0024171
0.00076836
0.0038513
0.0096295
-0.0060514
-0.0038278
-0.003087
-0.006212
-0.001396
0.0073788
-6.6024e-05
0.00081754
-0.0056872
-0.011267
-0.0043173
0.0066755
0.0049913
0.0051878
-0.00267
-0.0073839
-0.00011069
0.0083031
0.35013
0.52809
0.6664
0.30639
-0.76078
-1.3035
0.33642
0.49986
0.80642
0.67852
-0.63756
-1.5293
0.30166
0.26581
0.70777
0.991
-0.2658
-1.4394
0.25712
0.16063
0.6528
0.94632
-0.31786
-1.4851
0.32284
0.4044
0.68785
0.74102
-0.55378
-1.5484
0.31586
0.46358
0.57725
0.30647
-0.71178
-1.3126
0.00098325
0.00077587
0.0031894
0.0054909
0.0028989
-0.00064813
-0.0021387
0.00013403
0.0064329
0.0071286
0.0025074
0.00062831
-0.0069309
-0.0032552
0.0027537
0.00096196
-0.0030122
-0.0013524
-0.009579
-0.0061971
-0.0018411
-0.0038112
-0.0052682
-0.0018754
-0.0036427
-0.0021399
-0.0006919
-0.0013202
-0.00081628
0.00036478
0.0040199
0.0038287
0.0032548
0.0025057
0.0017517
0.00077866
-0.017572
-0.021578
-0.013794
-2.2157e-05
0.013169
0.01574
-0.031322
-0.035726
-0.021803
-0.00093521
0.02033
0.027481
-0.028355
-0.031674
-0.022437
-0.0057699
0.018523
0.026661
-0.015776
-0.017372
-0.014232
-0.0017361
0.020536
0.025782
-0.0084216
-0.0096862
-0.0057902
0.0088433
0.02978
0.031777
-0.004179
-0.0064403
-0.001167
0.013422
0.027523
0.025652
-0.59015
-0.8951
-0.81454
-0.048998
0.80501
0.74192
-0.42882
-0.79332
-0.80743
0.11622
1.04
0.87364
0.11506
-0.25829
-0.58217
0.14068
1.1011
0.8886
0.35607
-0.18443
-0.8348
-0.27461
0.99679
1.1226
0.071302
-0.51173
-1.2272
-0.77484
0.66121
1.237
-0.043475
-0.43886
-1.0038
-0.8326
0.1616
0.80217
0.0029319
-0.0013346
-0.0066184
-0.0071573
-0.0050185
-0.0018278
0.0055317
0.0020531
-0.0032086
-0.0028935
-0.0004483
0.0020113
0.00285
0.002866
0.0041349
0.0055483
0.0073719
0.0075091
-0.0026226
0.0015813
0.008145
0.0091962
0.0082138
0.0064608
-0.0045447
-0.0010038
0.0036943
0.0026752
-0.001972
-0.0038326
-0.0029625
-0.0024515
-0.0026345
-0.0064901
-0.010926
-0.010496
0.012211
0.0024432
-0.013682
-0.015932
-0.0061726
0.0035682
0.011308
0.0020627
-0.011027
-0.0092311
0.0016224
0.008106
0.003914
0.0027705
0.0018709
0.0055858
0.011846
0.012276
-0.0041955
0.0018301
0.010208
0.011579
0.010227
0.0064046
-0.010582
-0.0039893
0.0050523
0.0048246
-0.0019459
-0.0061566
-0.0083081
-0.0048084
-0.00068078
-0.0039568
-0.010419
-0.011811
-0.45805
-0.62884
-0.64115
-0.64867
-0.71251
-0.58752
-0.64907
-0.71736
-0.72344
-0.76185
-1.0045
-0.91004
-0.11884
-0.067019
-0.17387
-0.42428
-0.8032
-0.82193
0.62571
0.75299
0.6335
0.46439
0.1976
-0.055599
0.51259
0.65704
0.71134
0.96998
1.2137
0.9692
0.05044
0.058733
0.1567
0.62094
1.1729
1.0427
-0.0022738
0.00023563
0.0029032
0.0026397
-0.00037016
-0.0025187
-0.00071131
0.0020639
0.0031493
0.00040673
-0.0035789
-0.0049942
-0.00031753
0.0023631
0.0024441
-7.5496e-05
-0.0041317
-0.0050663
-0.0026174
0.00065577
0.0031257
0.0016025
-0.0021522
-0.0039007
-0.004878
-0.00043706
0.0040206
0.0038515
0.00039938
-0.0012718
-0.0038606
-8.2711e-06
0.0038845
0.0044581
0.0024752
0.00052581
0.76429
0.46472
-0.38298
-0.81396
-0.41853
0.11529
1.0146
0.83922
-0.24359
-1.0137
-0.74613
-0.12088
0.80851
0.98853
0.079169
-0.9869
-0.98714
-0.48416
0.28494
1.0066
0.67165
-0.63096
-1.1631
-0.75208
-0.022172
1.1304
1.3396
-0.023087
-1.0811
-0.92899
-0.051242
0.92516
1.3299
0.37594
-0.68436
-0.66877
-0.28523
-0.0094351
0.7147
1.2764
1.0725
0.3478
0.27616
0.80253
1.3679
1.3545
0.55099
-0.2194
0.6949
1.0109
0.98906
0.37575
-0.60972
-0.92886
0.2887
0.26516
-0.095319
-0.71307
-1.175
-1.039
-0.34666
-0.5924
-0.72089
-0.87356
-0.87188
-0.63905
-0.57288
-0.73094
-0.5716
-0.42013
-0.31998
-0.21227
-0.1429
0.6087
0.74425
0.11125
-0.3539
-0.43457
-0.41795
0.69518
0.80592
-0.0089977
-0.47595
-0.43063
-0.66528
0.65271
1.0898
0.1063
-0.68264
-0.58733
-1.0399
0.22222
1.3391
0.74998
-0.38932
-0.64567
-1.6101
-0.74551
1.038
1.3385
0.34215
-0.42656
-1.5739
-1.1959
0.30797
1.1366
0.65683
-0.03286
-0.020696
-0.017586
-0.0076172
-0.0038626
-0.0027003
-0.00093321
-0.021849
-0.017655
-0.0081449
-0.0028598
0.0042827
0.0089059
-0.0074891
-0.0065916
-0.0080682
-0.0088465
0.0037549
0.011995
0.0027347
0.002706
-0.002899
-0.0035127
0.0095184
0.015507
-0.0053761
-0.0032466
0.0021639
0.011873
0.02413
0.022937
-0.014391
-0.011887
0.0002481
0.014866
0.023488
0.018534
-2.8574e-05
-0.0010984
-0.00062636
0.00098682
0.00097626
0.00018736
-0.0021724
-0.003156
-0.0011824
0.0013181
0.0011659
-0.00029314
-0.0015148
-0.0027414
-0.0010716
0.0013703
0.0019438
0.0008946
0.0010383
-0.00085809
-0.00087918
0.0010188
0.0027389
0.0023718
0.0015871
4.072e-05
-0.00059127
0.00037664
0.00082519
0.00022375
0.00071369
0.0001876
0.00034557
7.8437e-05
-0.0018022
-0.0023839
-0.19037
-0.093376
0.51766
1.3235
1.915
1.7766
-0.41175
-0.61453
-0.41768
0.44524
1.3911
1.5595
-0.36516
-0.62843
-0.93429
-0.89225
-0.57911
-0.15072
-0.039437
-0.15851
-0.41179
-0.67304
-1.0249
-0.9598
-0.15397
-0.29658
-0.11513
0.070545
-0.19995
-0.42184
-0.45018
-0.54074
-0.17432
0.34156
0.34864
0.12144
0.28571
0.4579
0.083845
-0.43458
-0.80124
-0.80759
0.26205
0.66057
0.90777
0.9642
0.71535
0.28961
-0.19786
0.074379
0.68152
1.3755
1.5914
1.2671
-0.53987
-0.61377
-0.38019
0.070035
0.5123
0.59524
-0.32833
-0.46566
-0.67307
-0.9431
-1.0319
-0.7433
-0.014418
-0.050729
-0.36196
-0.84654
-1.1586
-0.99085
-0.0033157
-0.39306
-0.71742
-0.029631
1.1104
1.1595
0.28058
-0.28375
-0.96537
-0.4663
1.1895
1.6414
0.52451
0.15917
-0.81778
-0.97536
0.4371
1.4455
0.40156
0.29198
-0.5254
-1.1755
-0.48424
0.71839
0.37425
0.31953
-0.24314
-1.0255
-1.0424
-0.14368
0.56709
0.56818
0.037466
-0.71012
-1.0406
-0.59754
-0.0011826
-0.00054768
-0.00060456
2.1411e-05
-5.0867e-05
-0.001034
-0.0014745
0.00067271
0.0013656
0.00070625
-0.0008059
-0.0016029
-0.0024555
0.00032594
0.0013149
0.00067862
0.0005664
0.00080695
-0.00092354
0.0019086
0.0022602
0.0007822
0.0014763
0.0029279
0.00072034
0.0022287
0.0015006
-0.00018301
-0.00033506
0.00028593
0.00022359
0.00018333
-0.00049996
-0.0019201
-0.0031564
-0.0034309
0.015925
0.028447
0.020943
-0.0019239
-0.020514
-0.02282
0.034404
0.043478
0.020317
-0.016366
-0.039717
-0.039704
0.043849
0.046914
0.015786
-0.021773
-0.044117
-0.041692
0.041951
0.042573
0.014356
-0.015858
-0.031071
-0.028316
0.028459
0.02772
0.0062537
-0.015558
-0.024246
-0.019933
0.010478
0.0085986
-0.0073968
-0.021703
-0.023968
-0.016606
-0.74038
-0.39278
0.74178
1.3752
1.0806
0.5965
-0.92569
-0.71147
0.49478
1.4577
1.3364
0.76232
-0.63215
-0.82071
-0.3831
0.43254
0.72031
0.57417
-0.12205
-0.60017
-0.9472
-0.68365
-0.1357
0.24801
0.22482
-0.16292
-0.70076
-0.84128
-0.6063
-0.14594
0.34813
0.11573
-0.22268
-0.492
-0.51028
-0.28835
-0.82104
-1.1518
-0.77423
0.062833
0.56831
0.41002
-1.1222
-1.0305
-0.0030533
1.0223
1.0206
0.23512
-1.0896
-0.4063
0.94255
1.367
0.45013
-0.63215
-0.43342
0.44618
1.1026
0.61313
-0.61229
-1.0922
0.76283
1.176
0.72038
-0.25179
-0.90669
-0.85759
0.95351
0.92064
0.11905
-0.60841
-0.72073
-0.39383
-0.0023345
-0.00058692
0.0018309
0.0031124
0.0018082
-0.0013521
-0.0048819
-0.0020028
0.0008269
0.00047531
-0.0031655
-0.0059729
-0.0020626
0.0011211
0.0019374
2.6308e-06
-0.0034464
-0.0056339
0.00036046
0.0029112
0.003137
0.0024029
0.0010493
-0.0014044
-0.0032916
0.00010086
0.0039096
0.0056288
0.0030665
-0.0016875
-0.0054301
-0.0015419
0.0047058
0.0066167
0.001482
-0.0040659
-0.72207
-0.87493
-0.84926
-0.93568
-1.0504
-0.95777
-0.074946
-0.15744
-0.15155
-0.35032
-0.78668
-0.92902
0.37087
0.54736
0.91744
1.0915
0.7609
0.20546
-0.053273
0.19962
0.75599
1.2954
1.6023
1.316
-0.61427
-0.59859
-0.21951
0.35149
0.96552
1.0857
-0.63313
-0.75403
-0.68773
-0.39815
-0.045697
0.23003
-0.6943
-0.9313
-0.95243
-0.75556
-0.31846
0.13649
-0.19763
-0.09078
0.0081135
0.1644
0.52162
0.83904
1.0491
1.4743
1.3973
1.1474
0.93285
0.70605
1.3355
1.4314
0.75583
0.092015
-0.26757
-0.39619
0.077903
-0.33058
-0.86859
-1.1083
-0.99275
-0.67805
-0.85275
-1.0607
-0.9434
-0.69654
-0.55138
-0.20721
-1.1524
-0.92416
0.31151
0.93445
0.51114
-0.12176
-1.2848
-0.88712
0.63579
1.1916
0.51002
-0.20112
-1.2603
-0.80562
0.73763
1.0204
0.26408
-0.21604
-1.215
-0.64657
0.7294
0.83228
0.15275
-0.1053
-1.0194
-0.37823
0.80264
0.83883
0.23335
0.0013112
-0.83189
-0.2115
0.73297
0.64294
0.18811
0.05209
1.5925
1.847
1.6966
1.4137
0.94024
0.41254
0.80383
0.96323
0.79559
0.30493
-0.19848
-0.36116
-0.75368
-0.88256
-0.83548
-0.9122
-1.0268
-0.85748
-1.0048
-1.0202
-0.79542
-0.67237
-0.6307
-0.57019
-0.48256
-0.3981
-0.18839
-0.058958
-0.054041
-0.17292
0.034055
0.10727
0.14466
0.088956
0.036796
0.0017575
0.67928
0.9445
0.5701
-0.15008
-0.75563
-0.74538
0.17903
0.16062
-0.43312
-1.1976
-1.5836
-1.2817
-0.81275
-0.92582
-0.977
-0.91597
-0.70831
-0.35696
-0.67447
-0.46462
0.22393
0.89421
1.3119
1.253
0.195
0.60914
1.0561
1.1997
1.1646
0.87429
0.38974
0.56524
0.28651
-0.27337
-0.53469
-0.3705
0.58658
0.12086
-0.66519
-1.1812
-1.0292
-0.47842
1.2319
1.0959
0.1209
-0.92332
-1.247
-0.9624
0.98157
1.4034
1.1406
0.14828
-0.79718
-0.87763
0.089879
0.65909
1.0516
0.69319
-0.076063
-0.26912
-0.28998
-0.22846
0.085166
0.21904
0.1001
0.14005
-0.21832
-0.31316
-0.337
-0.26675
-0.1149
0.15188
-0.00030064
-0.0016415
-0.0018299
0.00053618
0.0059049
0.0052662
0.01298
0.014297
0.0093964
0.0058412
0.004784
0.0017669
0.02306
0.027369
0.017708
0.008058
0.0010638
-0.0016925
0.0092866
0.010874
0.0058641
0.0002334
-0.0033239
-0.0027829
-0.013408
-0.017238
-0.01373
-0.0093853
-0.0074064
-0.0054834
-0.019038
-0.02369
-0.017657
-0.0095948
-0.006311
-0.0068662
0.097595
0.3227
0.40744
-0.14259
-0.6076
-0.36532
0.35678
0.62685
0.33863
-0.61857
-0.90958
-0.22589
0.58873
0.61932
-0.069445
-1.1004
-0.86965
0.28468
0.44984
0.12695
-0.84581
-1.2681
-0.15835
1.126
0.049656
-0.60544
-1.2331
-0.7636
1.0133
1.8489
-0.18672
-0.81008
-0.92531
0.083183
1.5014
1.7288
-0.18945
-0.44362
-0.77671
-0.78602
-0.1414
0.36702
-0.414
-0.71365
-0.93987
-0.74204
0.19064
0.80943
-0.31869
-0.67165
-0.88713
-0.46728
0.65171
1.0215
0.028501
-0.42058
-0.77609
-0.26518
0.82621
1.0793
0.34299
-0.13312
-0.62348
-0.090179
0.96715
1.1387
0.44527
0.080776
-0.33698
0.099343
0.95966
0.96537
-0.0014588
0.0016338
0.0030846
-0.00038699
-0.0040068
-0.0033336
-0.0020451
0.001571
0.0043269
0.0028741
-0.00015393
0.00030044
-0.00399
-0.0018895
0.0031117
0.0047773
0.0043776
0.0027013
-0.0070561
-0.0037675
0.0026812
0.0047991
0.0031681
-0.0002715
-0.005963
-0.00084968
0.0047433
0.0040397
-0.0016093
-0.0063973
-0.0010084
0.0036513
0.0057666
0.0012982
-0.0056039
-0.0085445
-0.075392
-0.09192
-0.058011
-0.0057893
0.024007
0.024895
-0.09305
-0.11891
-0.073633
0.00041915
0.048934
0.04865
-0.065237
-0.093378
-0.064391
0.0010129
0.053602
0.054693
-0.037831
-0.050526
-0.031845
0.016837
0.062164
0.059042
-0.027802
-0.018093
0.014122
0.062483
0.09499
0.07647
-0.015815
0.0032334
0.039843
0.07984
0.092143
0.062532
-0.18011
0.55247
1.0447
0.68494
-0.22029
-0.68503
-0.78871
-0.097261
1.033
1.0767
0.14101
-0.6072
-1.0642
-0.66415
0.60338
1.1358
0.64589
-0.16036
-0.88923
-0.94615
-0.10957
0.86171
1.0525
0.53756
-0.70361
-1.1098
-0.90747
0.070529
0.89721
0.85213
-0.53166
-1.0239
-1.1417
-0.52295
0.30309
0.5346
0.99272
0.86233
-0.23752
-0.9707
-0.66102
0.17124
1.3241
0.64911
-0.85146
-1.1876
-0.25078
0.64702
0.91095
-0.11589
-1.2567
-0.8568
0.55359
1.0855
-0.010622
-0.93582
-1.1086
-0.056758
0.91503
0.78545
-0.75385
-1.2006
-0.43068
0.73094
0.76363
0.085117
-0.70248
-0.56058
0.37828
0.96832
0.52507
-0.056315
-0.17083
-0.21067
-0.46418
-0.71938
-0.72225
-0.39544
-0.75277
-1.0616
-1.0848
-0.75271
-0.20319
0.10955
-0.62091
-0.69515
-0.20874
0.61968
1.0964
0.97409
0.53893
0.88526
1.1968
1.3276
1.2318
0.7651
1.0295
1.0936
0.53626
-0.0028374
-0.2798
-0.34598
0.4874
0.047388
-0.65606
-1.0742
-1.1655
-0.85321
0.94473
0.42731
-0.51794
-0.69581
-0.50246
-0.24576
1.2756
0.43823
-0.77582
-0.89261
-0.5573
-0.19321
1.3997
0.4199
-0.84086
-0.81478
-0.36977
-0.068161
1.6296
0.49112
-0.90057
-0.83515
-0.27444
-0.014452
1.7842
0.56602
-0.89767
-0.86237
-0.23832
0.056487
1.3803
0.44011
-0.63222
-0.658
-0.17096
0.080103
-0.12447
-0.10468
-0.066838
-0.011203
-0.0044884
-0.070023
-0.19227
-0.13231
-0.00028283
-0.07293
-0.33621
-0.4033
-0.43459
-0.57897
-0.63735
-0.82427
-1.0109
-0.91277
-0.87476
-1.0414
-0.97075
-0.9666
-0.90104
-0.65041
-0.36889
0.020776
0.49979
0.86317
1.0059
0.75749
0.36057
1.0647
1.6282
1.8857
1.7494
1.2263
-0.0041359
-0.014111
-0.020549
-0.016829
-0.0070317
0.00076902
-0.0041227
-0.010821
-0.015379
-0.0097286
-0.001639
0.0047555
-5.2788e-05
0.0021412
0.0052127
0.0065897
0.0076408
0.0082973
6.9474e-05
0.008978
0.018387
0.016004
0.0089546
0.0042677
-0.0080933
-0.0003061
0.012603
0.01554
0.0070361
-0.00031664
-0.011071
-0.0077949
0.0028209
0.0076003
0.0027211
-0.0026831
-0.00065437
-0.0017903
-0.0043826
-0.0071743
-0.0080777
-0.0065078
-0.00044373
-0.0011718
-0.0053875
-0.0072882
-0.0053418
-0.0027349
0.0041384
0.00388
-0.0022399
-0.0035427
0.0018805
0.0045382
0.0083037
0.0073822
0.0025451
0.0027454
0.0072958
0.006949
0.0037683
0.0027367
0.002029
0.0049195
0.0064431
0.0023219
-0.0025879
-0.0047434
-0.0032854
0.00069838
0.00024199
-0.003415
-0.72237
-0.91355
-0.60076
0.14401
0.7411
0.8031
-0.37071
-1.0157
-1.3173
-0.94511
-0.17831
0.2165
0.79092
0.38266
-0.65223
-1.1189
-1.0035
-0.68549
1.3247
1.5856
1.0812
0.23744
-0.36429
-0.59493
0.39295
0.81807
1.0933
0.88553
0.35823
-0.10416
-0.54825
-0.45018
-0.057818
0.24614
0.26134
-0.02644
0.43596
0.48092
0.31997
0.229
0.36905
0.39792
1.081
1.2289
0.8996
0.46918
0.2465
0.21365
0.62866
1.0128
1.025
0.66146
0.11597
-0.078153
-0.65879
-0.31376
0.26909
0.41927
0.16489
-0.079593
-1.2757
-1.3038
-0.78834
-0.48392
-0.39362
-0.27828
-0.81918
-1.0614
-0.93322
-0.83978
-0.7599
-0.55005
-4.5555
-5.1693
-5.1594
-4.97
-4.983
-5.0155
-5.0328
-5.104
-4.5636
-5.107
-4.9206
-4.5641
-4.5644
-4.5591
-5.4531
-4.564
-4.5507
-5.2125
-4.5636
-4.5617
-5.1999
-4.5654
-5.2728
-5.0906
-5.1851
-4.5539
-4.5647
-4.7634
-4.9552
-5.0438
-4.5644
-4.5497
-4.9357
-5.1964
-4.5645
-5.1299
-5.2322
-5.2287
-4.8759
-5.0233
-5.0607
-4.5554
-5.0548
-5.0083
-4.5633
-4.5618
-5.1819
-5.1543
-5.154
-5.0653
-4.8815
-4.5596
-4.5627
-4.9514
-5.1728
0.025718
0.014873
0.0098192
-0.00071541
-0.0064398
-0.0096482
0.016645
0.017448
0.019874
0.0032745
-0.012593
-0.018537
0.0072506
0.011194
0.011782
-0.00052464
-0.011331
-0.014445
0.0090188
0.0044634
-0.0046956
-0.012644
-0.020134
-0.015596
0.012811
0.012277
0.0027443
-0.013929
-0.023558
-0.013862
0.0099058
0.015889
0.0079069
-0.0044121
-0.0076327
-0.0057996
