0.0047006
-0.44198
-0.0025196
-0.31443
0.72427
-0.011123
0.00037167
-0.0041693
0.043786
-0.0054382
-0.0083308
1.262
-0.30185
-0.0037673
0.0055458
0.02325
-0.21872
0.0015214
0.00031262
-1.1594
-0.26217
-0.048193
0.00027361
0.0037768
-0.0012591
0.0016561
-0.0078035
-0.0048929
-0.0045665
-1.4957
0.0033313
-0.86821
-0.0099668
0.0036958
0.53077
-1.1466
0.5961
0.032659
-0.0034963
-0.0034433
-0.54965
-0.0061084
-0.049893
0.005834
0.59511
-0.36928
-0.0080647
-0.0040157
-0.0052741
0.0029324
8.1794e-05
1.7159
-0.0010678
-0.0035016
-0.0053083
-0.02348
0.00014116
0.67849
0.51469
0.88532
-0.027934
-0.001454
-0.0032364
-0.0020662
0.0071719
0.0072441
-0.75791
-0.52363
0.501
-0.0023829
-0.02931
-0.013105
-0.16002
-0.091711
0.0012922
0.00079183
-0.43254
-0.0034967
-0.10963
1.3705
-0.01203
0.00047674
-0.0042929
0.051192
-0.0052375
-0.012569
0.55024
-0.40043
-0.0033101
0.0075919
0.092978
0.36975
0.00087817
0.0020976
-0.49987
-0.81591
-0.059127
0.0017253
0.0025434
0.0011016
0.0046558
-0.010363
-0.0065495
-0.0039801
-1.3923
0.0035867
-1.0659
-0.013944
0.0071869
0.69067
-1.4338
0.19352
0.59689
-0.0038275
-0.0041193
-1.0237
-0.0071148
-0.31089
0.042589
0.78021
-0.17436
-0.0030003
-0.0044554
-0.0043783
0.0037501
-0.0011429
2.0712
-0.0010141
-0.003
-0.0046718
-0.066452
-0.00020163
1.0117
0.2667
0.53405
-0.33372
-0.001326
-0.0031619
7.9293e-05
0.0075991
0.0052946
-0.85174
-0.67708
0.52567
-9.2631e-05
0.51064
-0.015785
-0.21135
-0.59684
0.0024546
-0.0033265
0.16824
-0.003289
0.49291
1.0904
-0.0096272
-0.0029862
-0.0027928
0.022357
-0.004064
-0.0095876
-0.81582
-0.28772
0.00056655
0.0039089
-0.26816
1.0021
-0.002666
0.0015554
0.44877
-1.0683
-0.042722
0.00033266
-0.0025522
0.0017376
0.004724
-0.0088554
-0.0049955
-0.0019394
-0.0099849
0.0010313
-1.0773
-0.0053122
0.0052058
0.44502
-1.3777
-0.93434
1.0893
-0.0047998
-0.0038833
-0.59321
-0.0054467
-0.7719
0.086272
0.16594
0.037994
0.0058731
-0.0039676
-0.0036599
0.0027198
-0.0019472
1.7215
-0.0013584
-0.0028108
-0.003059
-0.017493
-0.0018277
0.884
0.082257
-0.43233
-0.56161
-0.0015199
-0.0027037
0.0015639
0.002835
0.0034556
-0.54523
-0.32497
0.096014
0.0017784
1.1015
-0.011706
-0.074156
-1.0225
0.0013802
-0.0044305
1.1583
-0.0066778
1.0426
-0.078417
-0.0060864
-0.0081158
-0.001988
-0.033165
-0.0066675
0.00019194
-1.0213
0.025127
0.0058053
-0.0011506
-0.89107
0.44048
-0.0029121
-0.0026543
0.58325
-0.23677
-0.0082111
-0.0060289
-0.0062749
0.00016429
0.001699
-0.0016487
-0.0057271
0.00027876
0.98174
-0.0032701
-1.087
0.0061844
-0.0020921
-0.055748
-1.1278
-1.3243
0.87158
-0.0065855
-0.0037238
0.67559
-0.0027141
-0.71512
-0.19114
-0.78647
0.58836
0.00722
-0.0018326
-0.0062984
0.0012589
0.00072006
1.4809
-0.0038901
-0.0024285
-0.0018654
-0.07389
-0.0028025
0.37288
0.28747
-0.94437
-0.53226
-0.0023919
-0.0055172
-0.00099942
-0.00077723
0.00056564
-0.24303
0.40464
-0.5499
0.00066034
1.0627
-0.0058363
0.30664
-0.95416
-0.0023256
-0.0038209
1.7433
-0.011305
1.0941
-0.91658
-0.00077535
-0.0099973
-0.0024571
-0.079648
-0.0094553
0.0084222
-0.30278
0.28154
0.0098144
-0.0054304
-1.0947
-0.75399
-0.0013459
-0.0070139
0.19435
0.77133
0.028569
-0.011215
-0.0057356
-0.00012798
-0.0015968
0.0072561
-0.00803
0.0033056
0.80241
-0.0065241
-1.1335
0.0068473
-0.0067535
-0.47274
-0.58563
-0.46026
-0.10345
-0.0073092
-0.0026617
0.87438
-0.00098308
0.54285
-0.62023
-1.1393
1.0267
0.00035684
0.001628
-0.0095817
0.00053193
0.0038436
1.2441
-0.0065951
-0.00049745
-0.00063142
-0.18607
-0.0023932
-0.22531
0.59787
-0.95804
-0.12387
-0.0024272
-0.0081528
-0.0039873
-6.2872e-06
-0.0050919
-0.050407
0.70215
-0.79827
-0.00058882
0.042236
0.0017694
0.47072
-0.35453
-0.0080951
-0.0022348
1.3944
-0.0096832
0.79788
-0.75569
0.0028417
-0.0067173
-0.0031952
-0.075325
-0.0072676
0.0077627
0.014938
0.27137
0.0089392
-0.0069227
-0.74071
-1.0118
-0.0013565
-0.0072815
-0.11692
0.71188
0.039275
-0.010349
-0.003313
0.00013192
-0.002595
0.0086032
-0.0075467
0.0032051
0.13947
-0.0066766
-0.96307
0.00041116
-0.0060605
-0.47835
-0.191
0.41782
-0.69998
-0.0050746
-0.0016346
0.19393
-0.0012351
1.3048
-0.69424
-0.77779
0.83021
-0.0054052
0.0022265
-0.0086777
7.8872e-05
0.0037952
0.93405
-0.006343
0.0005885
-0.00047835
-0.15238
-0.002456
-0.61485
0.52251
-0.75958
0.25001
-0.0018874
-0.0054396
-0.0043383
0.000745
-0.0061406
-0.019276
0.47239
-0.54176
-0.0013705
-0.94865
0.0041532
0.274
0.033759
-0.0084727
0.0062735
-0.52321
-0.0026043
-0.84322
1.4446
-0.0071423
0.0039316
-0.0049196
0.066274
-0.0050377
-0.010628
1.4407
-0.36068
-0.0083296
-0.00135
-0.70468
-0.76198
-0.00029448
0.0030426
-1.4269
-0.54819
-0.070683
0.002537
0.0087164
-0.0022609
0.00035209
-0.013585
-0.0046079
-0.0056358
-1.7759
0.0060501
-0.38236
-0.017671
0.0060613
0.66827
-0.81832
0.59796
0.16219
-0.0087918
-0.0044399
-0.55753
-0.0069842
0.039068
-0.22996
0.60002
0.43213
-0.0053764
-0.0046474
-0.0048432
0.0011113
-0.0023009
1.0564
-0.0021056
-0.0029545
-0.0034989
0.1718
-0.0010742
0.18318
0.80197
1.0732
0.089869
-0.0010071
-0.0018681
-0.00066386
0.0086
0.0054229
-1.0376
-0.66186
0.63484
-0.0039722
-0.086792
-0.015384
-0.32104
0.45417
0.0028353
0.0027828
-0.75706
-0.0035877
-0.68738
1.7983
-0.01026
0.0040193
-0.0050205
0.067689
-0.0046969
-0.015039
0.50517
-0.45828
-0.010781
0.0038731
-0.96145
-0.07932
-0.001637
0.0048689
-0.3958
-1.1576
-0.079817
0.0039617
0.0041101
-0.00060021
0.00366
-0.016406
-0.0053883
-0.0048635
-1.087
0.0055877
-0.44482
-0.021584
0.010219
0.76738
-0.65268
-0.11978
0.91718
-0.0091796
-0.0051281
-1.1533
-0.0083246
-0.2328
-0.40458
1.0437
1.0552
-0.00029841
-0.0043409
-0.0055008
0.003155
-0.0040943
0.88076
-0.0023529
-0.0019137
-0.0022524
0.23323
-0.0015133
0.67068
0.75476
1.1523
-0.48939
-0.0011163
-0.0022773
0.0022083
0.0072977
0.00023834
-1.2952
-0.8131
0.63611
-0.0017688
0.41742
-0.016169
-0.48083
-0.23423
0.0031626
-0.0029682
-0.46732
-0.0042084
0.19993
0.72449
-0.011788
-0.0026693
-0.0022251
0.020482
-0.0037477
-0.010633
-1.1565
-0.31118
-0.0081231
0.0047555
-1.0795
1.0646
-0.0029485
0.0016446
0.88996
-0.73297
-0.050082
0.0010204
-0.0048998
0.0005453
0.0035932
-0.012148
-0.0038418
-0.0027477
0.68339
0.00088163
-0.49437
-0.0080143
0.0052863
0.39822
-0.13747
-1.241
1.1927
-0.0069509
-0.0037827
-0.74308
-0.005947
-0.78769
-0.46602
0.68475
1.3859
0.0038156
-0.0028877
-0.0068621
0.0033929
-0.003728
0.29225
-0.00096784
-0.0016943
-0.0011441
0.11209
-0.0023516
1.1918
0.42782
0.42743
-0.84365
-0.0015504
-0.0031038
0.0025297
0.00040341
-0.0026953
-1.0465
-0.35908
0.16486
0.0008334
1.2003
-0.0095636
-0.42493
-1.0755
0.002427
-0.005042
0.5528
-0.0065752
1.0131
-0.67608
-0.0078451
-0.01062
0.00031435
-0.047263
-0.0052602
0.00083985
-1.2239
0.05348
0.00098318
0.00027929
-1.07
0.9854
-0.00095396
-0.0037452
0.78673
0.53553
-0.0016948
-0.0049265
-0.0089071
0.00092718
0.00019304
-0.0014911
-0.0031792
-9.7743e-05
1.217
-0.0057034
-0.77689
0.0081738
-0.0046733
-0.16425
0.3189
-1.133
0.56416
-0.0046358
-0.00090349
0.73074
-0.0019266
-0.8937
-0.68991
-0.4199
1.4695
0.0019775
-0.00039583
-0.0099354
0.0011635
-0.00041891
0.070288
5.0027e-05
-0.0015514
-0.00094462
-0.36443
-0.0018379
1.3006
0.3735
-0.32256
-0.69531
-0.0030985
-0.0060933
0.00019583
-0.0039829
-0.0014209
-0.77289
0.46904
-0.51241
0.0011292
1.2506
-0.003232
-0.20236
-1.3249
-0.00081282
-0.0048445
1.7176
-0.0076757
1.1036
-1.067
0.0037813
-0.010114
0.0014321
-0.098207
-0.0055443
0.010308
-0.28169
0.35697
0.011114
-0.0069922
-0.67212
-0.34115
0.00049867
-0.0083228
0.14228
1.1316
0.046636
-0.010593
-0.0044302
0.0027381
-0.0032209
0.010485
-0.0039568
0.003718
0.34078
-0.01077
-1.1472
0.011397
-0.010311
-0.57921
0.66878
0.20835
-0.51543
-0.0025137
0.00029897
1.0742
0.00024483
0.56202
-0.81898
-1.304
1.277
-0.0025406
0.0029955
-0.0084082
-0.00091949
0.0014921
0.081977
-0.0012762
8.8016e-05
0.00068581
-0.86392
-0.00166
0.96123
0.61486
-0.78543
-0.16274
-0.0037637
-0.0080635
-0.0028995
-0.0025732
-0.0014512
-0.66371
0.77877
-0.85874
0.0021477
-0.076504
0.004243
0.0013739
-0.84003
-0.0065992
-0.0030697
1.7869
-0.0050587
0.8074
-0.45266
0.010762
-0.003951
2.8262e-05
-0.091133
-0.0034855
0.0092603
0.11329
0.34477
0.01373
-0.011397
-0.052482
-0.98376
-0.00084958
-0.0079518
-0.15518
0.61146
0.058694
-0.011153
0.0010181
0.0028593
-0.0033946
0.012799
-0.0044396
0.003733
-0.34627
-0.010377
-1.1377
0.0030504
-0.0082445
-0.58167
0.64212
0.95826
-0.87717
-0.00036329
0.00029737
0.27632
-0.00038693
1.5948
-0.6329
-1.1367
0.66689
-0.0042807
0.0043277
-0.0034502
-0.0015338
0.00083127
0.1982
-0.0029406
9.6619e-05
0.00085485
-0.68046
-0.0016762
0.44699
0.60924
-0.81456
0.29217
-0.0028573
-0.0051659
-0.0034026
-0.00075681
-0.0016706
-0.53741
0.51364
-0.6732
0.0023081
-1.2413
0.0068031
0.10239
-0.19564
-0.0077
0.0060116
-0.1417
-0.00041289
-0.85704
1.3803
-0.001096
0.0067877
-0.001339
0.075017
-0.0010483
-0.0092139
1.3067
-0.30997
-0.0040341
-0.0070111
-0.85226
-1.0322
-0.0048205
0.0033454
-1.4055
-1.0982
-0.068396
0.0058582
0.0063638
-0.0043553
-0.0015601
-0.013972
-0.0016194
-0.0046241
-0.98553
0.0059261
0.57936
-0.024301
0.0056597
0.56704
0.44234
0.18852
0.54026
-0.01047
-0.0019045
-0.41092
-0.0055391
0.007288
-0.83895
0.035335
0.55388
0.0019885
-0.0039325
-0.0024211
-0.0028942
-0.0061881
-0.383
-0.00014385
-0.0024782
-0.0012236
0.18808
-0.0032634
-0.72542
0.95637
0.32972
0.53525
-0.0013371
3.9728e-05
-0.0001442
0.0044707
0.00073284
-0.48068
-0.58572
0.66175
-0.0035336
-0.33202
-0.014407
-0.43123
1.2085
0.0030381
0.0037649
-0.47462
-0.00018052
-0.81349
1.0406
-0.0048999
0.0056139
-0.0016414
0.073045
0.00034861
-0.012461
0.32897
-0.37165
-0.012713
-0.0013218
-0.89822
-0.70996
-0.0052752
0.00508
-0.12022
-1.1835
-0.070038
0.0064035
-0.00097449
-0.0026543
0.00021045
-0.016626
-0.00051749
-0.0052116
0.061658
0.0056299
0.80233
-0.025993
0.0079732
0.56712
1.1134
-0.68513
1.0232
-0.010771
-0.0024211
-1.0104
-0.0065019
-0.11745
-1.1992
0.64307
0.81625
0.0035389
-0.0035342
-0.004178
-0.00070436
-0.0088417
-0.95639
0.00031688
-0.001806
-0.00071399
0.1526
-0.0029675
-0.58502
1.1815
0.95548
-0.048117
-0.00083711
-0.00081307
0.0018029
0.0025096
-0.0057478
-0.61708
-0.69706
0.73629
-0.0024331
-0.041617
-0.013035
-0.69118
0.94567
0.0031495
-0.00075148
-0.88917
-0.0014562
-0.01999
-0.35979
-0.011034
-0.0037926
-0.0017677
0.02213
-0.00045614
-0.0094315
-0.98121
-0.23668
-0.01781
0.0041494
-0.41368
0.569
-0.0019811
0.0011001
1.1093
0.12369
-0.037968
0.0032131
-0.0094872
-0.00092196
-7.9637e-05
-0.012325
0.0010544
-0.0035479
1.0584
0.00086266
0.72936
-0.01061
0.0026085
0.22112
1.6153
-1.192
0.74248
-0.0062826
-0.0013299
-0.83434
-0.0045889
-0.68925
-1.199
0.83761
0.7747
-0.00039866
-0.0013832
-0.0089004
9.9283e-05
-0.0063834
-1.22
0.001734
-0.0010786
-0.00062615
-0.30761
-0.0018391
0.20641
1.0242
1.3234
-0.72196
-0.0013895
-0.002284
0.0012514
-0.002848
-0.0094416
-0.52647
-0.27879
0.40224
-0.00094183
0.83303
-0.0051329
-0.87791
0.0077897
0.0028763
-0.0015883
-0.66757
-0.0032032
0.74275
-1.0691
-0.0081099
-0.0095895
0.00031219
-0.041777
-0.0016617
-0.00084575
-0.85904
0.075452
-0.010665
0.0025324
0.35867
1.2951
0.0018345
-0.0047078
0.67642
1.2089
0.010367
9.3585e-05
-0.0099587
0.0019644
-0.0031478
-0.0019561
0.0027443
-0.00074104
0.61013
-0.0064631
0.44344
0.006963
-0.0068239
-0.21489
1.481
-0.2323
-0.17742
-0.0018776
0.0015514
0.46697
-0.0014216
-0.94482
-0.91126
0.11197
0.32784
-0.0047885
0.00069505
-0.010425
-0.0020157
-0.0031814
-1.0894
0.0044324
8.7611e-05
8.7153e-05
-1.0046
-9.4086e-05
1.0249
0.66635
0.98498
-0.76804
-0.0036931
-0.0040439
1.5002e-05
-0.0074166
-0.0046308
-0.53795
0.44398
-0.20808
0.00030546
0.91928
1.374e-05
-1.0726
-0.81931
0.00095321
-0.0016628
0.5305
-0.0023344
0.76683
-0.6776
0.0079616
-0.003695
0.0039207
-0.084938
0.00075806
0.0072672
-0.12648
0.35679
0.0019979
-0.0079908
1.1285
0.61477
0.0015184
-0.007434
-0.16493
0.79701
0.061783
-0.0047659
-0.0027948
0.0042537
-0.004651
0.0096431
0.0037507
0.0023791
-0.47879
-0.012505
0.075386
0.014121
-0.01277
-0.55217
1.1891
1.0348
-0.85235
0.0013851
0.00216
0.99213
0.0012587
0.42256
-0.3716
-1.0945
-0.27563
-0.0068362
0.0041164
-0.0015425
-0.0040312
-0.0032779
-0.9744
0.0045539
0.00076854
0.0014885
-1.2419
0.0005208
1.4943
0.47781
0.24401
-0.29715
-0.0054885
-0.0049015
-0.00027199
-0.0086872
0.00060672
-0.78265
0.68508
-0.67584
0.0029352
-0.41976
0.0054392
-1.1124
-1.0287
-0.0026703
-0.0013662
1.3531
0.0003684
0.37787
0.14978
0.016312
0.0033042
0.0036799
-0.078313
0.0027051
0.0078549
0.10655
0.34904
0.0082844
-0.015206
1.2115
-0.44923
-0.0016958
-0.0061885
-0.27706
-0.085978
0.073092
-0.0072035
0.0027055
0.0035985
-0.0037203
0.012798
0.001532
0.0029008
-0.79947
-0.012605
-0.20818
0.0085205
-0.010557
-0.56317
0.8334
1.0754
-0.76493
0.0018182
2.637e-05
0.38598
0.0012347
1.5747
0.038608
-1.299
-0.62373
-0.0046364
0.0050109
0.0073388
-0.0037374
-0.004413
-0.70422
0.0011571
-0.00024845
0.0011741
-0.52346
-0.0012297
1.2601
0.32486
-0.24934
0.12824
-0.0042733
-0.0037615
-0.00015589
-0.0066793
0.00079812
-0.82199
0.40781
-0.65481
0.0034904
-1.4351
0.0073995
-0.80761
-0.60549
-0.0040664
0.0015526
0.15392
0.0035071
-0.62931
0.66765
-0.0029088
0.0056724
0.00061438
0.077122
0.0013333
-0.0099332
1.3107
-0.28234
0.0095154
-0.0018705
0.15369
-0.74679
-0.0057272
0.0019892
-1.4219
-1.2087
-0.058251
0.0072268
0.0037379
-0.0043047
-0.0020909
-0.0096557
-0.00021449
-0.0043275
0.35775
0.0043711
0.46065
-0.022359
0.0044318
0.49747
0.90923
-0.5096
1.0007
-0.0060258
0.00029481
-0.22474
-0.0039966
-0.069593
-0.9576
-0.38824
-0.39157
0.0054436
-0.0052963
-0.0013696
-0.0041859
-0.0061869
-0.78703
0.00069734
-0.0026937
-0.0014213
-0.18943
-0.0051328
-0.87595
0.32955
-0.79944
1.1385
-0.0014447
0.00078411
-0.0011648
-0.0021759
0.0032087
0.53088
-0.51646
0.67559
-0.0023212
-0.20853
-0.010476
-0.12949
1.1265
0.0033061
0.00074977
-0.074132
0.0049713
-0.66524
-0.055979
-0.005934
0.001917
0.00044024
0.082883
0.0031569
-0.011715
0.3802
-0.32711
0.0011751
0.0023962
0.56603
-1.0363
-0.0051779
0.0043994
-0.2004
-0.50922
-0.057942
0.0065407
-0.0030288
-0.003533
-0.0011676
-0.01259
0.0018234
-0.006132
1.0655
0.0040777
0.65944
-0.022807
0.0044583
0.46941
1.2073
-1.1685
0.93209
-0.0065385
-0.0005087
-0.8201
-0.0045863
-0.1634
-1.0786
0.16091
-0.77374
0.007733
-0.005427
-0.0028879
-0.0024811
-0.0081379
-1.0065
0.0013259
-0.0028664
-0.0025048
-0.475
-0.0043138
-1.0998
0.55716
-0.17708
0.92871
-0.00065884
0.00051363
-0.00033779
-0.0003324
-0.0023149
0.75568
-0.64139
0.86256
-0.0011921
0.056429
-0.010806
-0.26253
1.529
0.0033109
-0.00011537
-0.6667
0.0034866
-0.0062434
-0.99459
-0.0094343
-0.005992
-0.0014895
0.033042
0.0024519
-0.0076641
-0.85207
-0.17737
-0.011675
0.0071362
1.029
-0.34931
-0.0010166
0.0013291
1.1522
0.99514
-0.026969
0.0026472
-0.009296
-0.0016405
-0.00134
-0.0083519
0.0028303
-0.0044049
0.82355
0.00059739
0.82728
-0.0094309
0.00056766
0.12427
1.1733
-0.718
0.030119
-0.0037704
-0.001151
-0.88103
-0.0033546
-0.81189
-0.73202
0.7527
-0.99193
0.003027
-0.0030505
-0.0061006
-0.0016135
-0.0053078
-0.79532
0.0013491
-0.0028071
-0.0027135
-0.96465
-0.0011479
-1.0357
0.74074
0.93587
-0.11006
-0.00027108
-0.00072594
-0.00044465
-0.00059608
-0.0075368
0.85584
-0.23171
0.59951
-0.00084628
0.77286
-0.0047203
-0.60792
1.2693
0.0019665
0.0010144
-1.1181
0.00020921
0.63014
-0.92273
-0.003881
-0.0059891
-0.0015084
-0.031104
0.00066817
-0.00030339
-0.70087
0.13139
-0.014604
0.004528
1.361
1.0225
0.0018504
-0.0033826
0.67542
1.0879
0.025598
0.0015371
-0.0095374
0.00052357
-0.002991
0.0011064
0.0043497
-0.0010948
-0.19141
-0.0040474
1.0737
0.005118
-0.0055197
-0.28998
0.65741
0.60097
-0.81274
-2.5409e-06
0.00025989
0.15397
-0.0011098
-1.0076
-0.01062
0.40242
-1.2485
-0.0039414
0.00065072
-0.0050382
-0.004293
-0.0029249
-0.54634
0.0025262
-0.0013393
-0.0011118
-1.0642
0.001437
-0.54322
0.45165
1.3064
-0.73389
-0.0024638
-0.0013927
-0.0016295
-0.0060504
-0.006615
0.69625
0.4486
-0.048861
-0.0020171
0.66584
0.00019491
-1.1438
0.41297
-0.00061167
0.0004152
-0.77179
-0.0012302
0.62123
-0.18436
0.011501
0.0029625
0.00083506
-0.07086
0.0028545
0.0068536
-0.026686
0.39208
-0.010856
-0.0065256
1.5826
1.2806
-0.00060847
-0.0047177
-0.054248
-0.10416
0.078115
-0.0022944
-0.0054258
0.00081489
-0.0042929
0.010637
0.0053855
0.0012134
-0.77116
-0.0099808
1.3295
0.012127
-0.011746
-0.6081
0.14495
1.1308
-0.95884
0.0017523
-8.0822e-05
0.94901
0.0017558
0.41747
0.82476
-0.7193
-1.58
-0.0089915
0.0036054
0.0064499
-0.0066251
-0.0044209
-0.64239
0.0010582
-0.00018928
0.0010198
-0.20636
0.0011673
0.052507
0.058703
0.93331
-0.68138
-0.0037474
-0.0015961
-0.00047649
-0.012482
-0.005903
0.26477
0.67209
-0.66105
-0.001713
-0.70837
0.0054168
-1.4793
-0.42039
-0.0042206
-0.00068164
0.23754
0.00010975
0.13506
0.45751
0.016974
0.0075797
0.0021011
-0.062268
0.0045156
0.0068613
0.13295
0.34812
-0.0038024
-0.013456
1.2366
0.1986
-0.0033161
-0.0029435
-0.16252
-0.80304
0.079179
-0.005782
-0.0010685
-0.00080507
-0.0036026
0.010947
0.0027329
0.0011601
-0.56055
-0.011741
1.0492
0.0097583
-0.011049
-0.5541
-0.0058626
0.49221
-0.47017
0.0001717
-0.0019758
0.61064
0.003096
1.6099
0.99331
-1.1908
-1.3845
-0.0076988
0.0036614
0.014323
-0.0054799
-0.0051398
-0.6556
-0.0016906
-0.00041189
-0.00013386
0.8728
-0.0010619
0.41867
-0.037023
0.41684
-0.30157
-0.0032461
-0.0014088
0.0011289
-0.011766
-0.0060023
-0.10297
0.34643
-0.6949
-0.0015213
-1.4936
0.0073392
-1.341
-0.6039
-0.0049116
-0.0021162
0.34039
0.0036402
-0.74175
-0.11384
-0.0092936
0.001728
-0.0020362
0.082174
-0.00058005
-0.012778
1.425
-0.28649
0.013063
0.0032139
0.83548
-0.40375
-0.004527
-0.00013898
-1.5993
-0.56435
-0.05614
0.0072764
0.0063249
-0.0065418
-0.004624
-0.011644
-0.0012411
-0.0060265
1.1365
0.0059493
-0.31381
-0.011332
0.0050358
0.559
0.26134
-0.92028
1.0723
-0.0022178
0.00019979
0.0038194
-0.0026288
-0.11227
0.23489
-0.47467
-0.83779
0.0036707
-0.0072915
-0.00034699
-0.0044907
-0.0021395
-0.46524
0.00023167
-0.0017316
-0.002332
-0.40901
-0.0063171
-0.10837
-0.83411
-1.1786
1.5343
-0.0013912
0.0014486
-0.0040821
-0.0032026
0.0090707
0.82232
-0.55324
0.73331
-0.0042022
0.13838
-0.0048451
0.28867
0.16612
0.0017056
-0.0026913
0.1833
0.005366
-0.88013
-0.70501
-0.010659
-0.002235
-0.0024093
0.095307
0.00038389
-0.012571
0.48082
-0.31852
0.0088727
0.0035263
1.0669
-0.96474
-0.0040773
0.0023498
-0.61792
0.62666
-0.056202
0.0044129
0.0049324
-0.0060924
-0.0032421
-0.013467
-0.00017348
-0.0075364
1.1919
0.0057206
-0.18636
-0.0099463
0.003969
0.5325
0.07802
-1.0786
0.51411
-0.00065828
-0.0013903
-0.54283
-0.0024088
-0.2616
0.68171
-0.02074
-1.0831
0.0089827
-0.0078885
7.0217e-05
-0.003199
-0.0032676
-0.38943
-0.0010667
-0.0033796
-0.0040703
-0.78578
-0.0047174
-0.37172
-0.95139
-1.0683
1.7925
-0.00052208
0.0018148
-0.0034802
0.0019484
0.007504
0.89485
-0.69513
0.95412
-0.002504
0.57676
-0.0049606
0.68807
0.68526
0.0010858
-0.0034436
-0.24109
0.0043291
-0.33192
-0.90969
-0.0076427
-0.0061455
-0.0025386
0.045325
0.00084177
-0.0055299
-0.96612
-0.10197
-0.0010888
0.0028699
0.74243
-1.0167
-0.0010126
0.00041623
0.98785
1.5273
-0.018071
-0.001436
1.5635e-05
-0.0036723
-0.0013854
-0.0051393
-3.4603e-05
-0.0048034
0.071935
0.00090085
0.1526
-0.0015626
-0.00062837
0.08624
-0.26678
0.22475
-0.66552
0.0018529
-0.0029108
-0.78373
-0.0016092
-0.90425
0.98787
0.81657
-0.98185
0.0072404
-0.0051756
-0.0013533
-0.0020613
-0.001479
-0.12789
-0.002575
-0.004497
-0.0041533
-0.86799
-0.0012584
-0.9374
-0.79395
-0.35889
0.70838
-0.00012368
0.0016432
-0.0027368
0.0040442
0.00065351
0.9381
-0.22046
0.58126
-0.0018023
0.85189
-0.002562
0.84105
1.0947
-0.0014523
-0.0037031
-0.80694
0.00094108
0.21592
-0.4525
0.0018382
-0.0036527
-0.0028803
-0.023082
0.00023902
0.0045895
-0.9203
0.24538
-0.0081898
0.00090115
0.25976
0.23735
0.0001884
-0.0040083
1.071
0.65198
0.042852
-0.0037482
-0.0053993
-0.0027486
-0.0026411
0.0069838
-7.4722e-06
-0.00083301
-0.85551
-0.0033081
0.7152
0.0069269
-0.0058133
-0.42116
-0.61243
1.431
-1.2424
0.0045044
-0.0022698
0.020548
-0.00012975
-1.028
1.0214
1.0424
-0.81665
-0.00069553
-0.0016036
-0.0007298
-0.0043338
0.0001075
-0.012519
-0.0034216
-0.0035952
-0.0024978
0.05257
0.00072504
-1.2846
-0.74046
0.29953
-0.54565
-0.001332
0.0014746
-0.0037249
-0.0035246
-0.0054155
1.0763
0.48611
-0.18396
-0.0039312
0.28277
0.0013727
0.54683
0.97978
-0.0049557
-0.0040288
-1.2007
-0.0031682
0.19054
0.1132
0.011438
0.0013971
-0.0029204
-0.064348
-1.0777e-05
0.010356
-0.0049713
0.46196
-0.012879
-0.0062825
0.089168
1.3043
-0.0026254
-0.0052532
0.53109
-0.7471
0.08878
-0.007368
-0.008716
-0.0042635
-0.0043736
0.013506
-0.00012313
0.00074769
-0.61255
-0.0077068
1.2776
0.011414
-0.01065
-0.70902
-0.86637
1.0741
-0.89627
0.0058785
-0.0022923
0.99369
0.0028391
0.42399
1.0321
0.21031
-0.73126
-0.012797
0.0006853
0.0074273
-0.0062245
-0.0002006
-0.20443
-0.0055797
-0.0017563
-0.0012373
1.6757
0.00041881
-1.2092
-0.79778
0.46904
-1.1025
-0.0017021
0.00066873
-0.0042322
-0.012299
-0.012302
1.1079
0.68515
-0.83491
-0.0060902
-0.99136
0.0076135
0.067245
0.2667
-0.0079381
-0.0043187
-0.64091
-0.002869
-0.10973
0.36426
0.011791
0.0033154
-0.0023165
-0.056759
0.00050189
0.0080711
0.36646
0.35665
-0.0090076
-0.010008
-0.034313
0.72337
-0.0038225
-0.0032286
0.17925
-0.96555
0.076204
-0.0097611
-0.006418
-0.0054375
-0.0038608
0.0098015
-0.0016874
-0.00023745
0.03558
-0.0091016
1.122
0.0088687
-0.010118
-0.59703
-0.69726
0.063265
-0.20295
0.0027599
-0.0033986
0.88406
0.0036383
1.5739
0.81577
-0.59447
-0.5308
-0.014596
0.00041806
0.011648
-0.0045431
-0.00085742
-0.34578
-0.00674
-0.001202
-0.001667
2.1341
-0.00056673
-0.83716
-0.56773
0.32061
-0.85612
-0.0013237
-0.0012337
-0.0026179
-0.011631
-0.013275
0.7655
0.34505
-0.87031
-0.0054166
-1.4465
0.0096175
-0.24459
-0.38174
-0.0080982
-0.0036552
0.35377
-0.00028646
-0.78428
-0.40246
-0.0090053
-0.0019209
-0.0031617
0.064198
-0.0027496
-0.010782
1.1192
-0.21121
0.0039579
-0.00026251
0.47516
-0.13984
-0.0037914
-0.0028354
-1.4799
0.021707
-0.041421
0.0047124
0.0053168
-0.0080993
-0.0059164
-0.013446
-0.0024316
-0.0058088
1.0791
0.0061929
-0.46466
-0.0022924
0.0039822
0.46617
-0.21206
-0.82925
0.62701
-0.0013709
-0.00084884
0.080309
-0.00097152
-0.10917
1.1789
-0.5167
-0.35408
-0.0013823
-0.0066392
-0.00019234
-0.0051222
0.00056315
-0.25756
-0.001576
-0.00053619
-0.0028254
-0.24295
-0.0056894
0.32853
-1.2041
-0.7123
1.2448
-0.00096796
0.00094728
-0.0061675
-0.0015902
0.0062706
0.42806
-0.47794
0.53712
-0.0060695
-0.053529
0.00034025
0.41153
-0.56928
-0.0015768
-0.0048834
0.25302
0.00026773
-0.94538
-0.72006
-0.0095107
-0.0036005
-0.0043364
0.077527
-0.003298
-0.01014
0.32547
-0.22004
0.0030071
-0.0029538
0.21382
-0.59765
-0.0038379
-0.00071848
-0.77155
1.0166
-0.042373
0.00098741
0.007702
-0.0076439
-0.0049289
-0.013837
-0.0024315
-0.0067242
0.72475
0.0064805
-0.43213
-1.2936e-05
0.0026671
0.49597
-0.45797
-0.66078
-0.040073
0.0016557
-0.0026182
-0.24781
-1.3311e-05
-0.2378
1.6019
-0.13362
-0.20557
0.0044464
-0.0067599
0.0016229
-0.0040001
0.00037992
-0.22065
-0.0040289
-0.0020303
-0.0038749
-0.45067
-0.0047419
0.31417
-1.5153
-0.99887
1.6936
0.00025733
0.0010893
-0.0058557
0.0024211
0.0056572
0.2873
-0.55511
0.77976
-0.0048871
0.45886
0.0019485
1.1224
-0.44685
-0.0025088
-0.0059229
-0.01237
0.00079813
-0.57174
-0.47832
-0.0041518
-0.0039244
-0.0037601
0.039029
-0.0021491
-0.0031388
-0.91858
-0.016555
0.00024863
-0.0069896
-0.43647
-1.0438
-0.001656
-0.0016744
0.64981
1.22
-0.0093128
-0.0045509
0.0044598
-0.0044527
-0.0029651
-0.0047016
-0.0030163
-0.0041447
-0.48559
0.001293
-0.15537
0.0026689
-0.0011605
0.088136
-0.57171
0.6487
-0.93876
0.0043331
-0.0036804
-0.48031
-0.0003536
-0.72564
1.4241
0.68955
0.13313
0.0049741
-0.0050328
-6.2696e-05
-0.0024663
0.00041384
-0.099876
-0.0057891
-0.0039496
-0.0038631
-0.2232
-0.0023361
-0.16324
-1.5642
-0.9896
1.001
-0.00057567
0.0012557
-0.0037888
0.0017714
0.0012174
0.20559
-0.1272
0.42537
-0.0034349
0.58408
0.0013406
1.7211
0.1439
-0.0043242
-0.0074435
-0.41434
-0.00075981
-0.29798
-0.069718
0.0024375
-0.0029058
-0.0034281
-0.013534
-0.0019708
0.0045503
-0.8856
0.23888
-0.00078906
-0.0077572
-0.90741
-0.44648
-0.0010852
-0.0049875
1.0667
0.20068
0.03567
-0.0071888
-0.0026621
-0.00383
-0.0034897
0.0058508
-0.0044382
-0.0007023
-0.97412
-0.0042479
0.16516
0.0060697
-0.0058022
-0.37563
-0.62774
1.4008
-1.1476
0.0071615
-0.0028355
-0.088051
-0.00023467
-0.94315
0.71059
1.2647
0.41447
-0.00080278
-0.0038605
-0.0018789
-0.0029702
0.0017673
-0.087229
-0.0066188
-0.0036029
-0.0035036
0.8642
-0.0011285
-0.73684
-1.4359
-0.67874
-0.16265
-0.0013103
0.0016318
-0.004266
-0.0043663
-0.0032883
0.43321
0.37349
-0.23424
-0.003825
-0.075431
0.0035829
1.8293
0.61526
-0.0060205
-0.008186
-0.87691
-0.0041817
-0.41066
0.17144
0.0039047
-0.0032656
-0.0036926
-0.045408
-0.0030327
0.0086529
0.13536
0.36147
-0.0051296
-0.0098942
-0.93869
0.78394
-0.0021239
-0.0055665
0.75107
-0.76161
0.064916
-0.0096219
-0.0094263
-0.0060814
-0.0045877
0.0090719
-0.00553
0.00063211
-0.20438
-0.007093
0.44492
0.007447
-0.0088879
-0.57445
-0.73718
0.75869
-0.58702
0.00827
-0.0027479
0.77233
0.0018601
0.20442
0.1341
0.89905
0.61699
-0.012976
-0.0032777
-0.00032315
-0.0032933
0.0024884
-0.22288
-0.0079869
-0.0023435
-0.0034138
2.0767
-0.00095456
-0.9577
-1.2817
-0.31438
-0.92764
-0.00088508
0.00046785
-0.0057543
-0.009033
-0.0096465
0.775
0.48377
-0.76438
-0.0055337
-0.97982
0.0085812
1.5945
0.43119
-0.0076754
-0.0061057
-0.7471
-0.0047078
-0.47679
0.15032
0.001527
-0.0023016
-0.0031686
-0.042809
-0.0031672
0.0059597
0.57644
0.26354
-0.0052007
-0.0093177
-0.72842
0.89032
-0.0021677
-0.0041943
0.27432
-0.70258
0.053139
-0.0099403
-0.0081991
-0.0062555
-0.0036103
0.0042455
-0.0051716
-0.00097323
0.43931
-0.0063225
0.36551
0.0052433
-0.0076143
-0.45331
-0.59519
-0.074232
0.039957
0.0049921
-0.0031204
0.81777
0.0023561
1.2544
-0.12401
0.12321
0.52878
-0.016839
-0.0024906
0.0019791
-0.0017823
0.0016949
-0.34712
-0.0070397
-0.0016266
-0.0033849
1.9352
-0.0014945
-0.83142
-0.79704
-0.11092
-0.90722
-0.0013768
-0.0021988
-0.0049256
-0.0078966
-0.011252
0.7504
0.22448
-0.77391
-0.0054275
-1.1527
0.0098124
1.0801
-0.11819
-0.0068081
0.0079375
0.0040974
-0.001871
-0.0037639
-0.0033094
-0.0014745
0.010007
0.0057065
-0.00089184
-0.0038809
-0.0025743
-0.0012188
0.0099429
0.0065591
0.0018687
0.001034
0.0021754
0.0020304
0.0060323
0.0028746
0.001279
0.0017633
0.0022928
0.00090845
0.0025104
-0.00028046
-0.0028166
-0.0043707
-0.0048544
-0.0047149
0.00025112
-0.0024418
-0.0049919
-0.0076269
-0.0085718
-0.0062362
-0.50821
-0.45537
0.20879
1.1766
1.715
1.3778
-0.61131
-0.80551
-0.49119
0.60015
1.7119
1.7558
-0.21044
-0.5738
-0.94439
-0.6323
0.53677
1.3624
0.15908
-0.18099
-0.74897
-1.1006
-0.71362
0.29595
0.31531
0.10975
-0.32017
-0.81706
-1.1327
-0.602
0.32149
0.24945
-0.040024
-0.37623
-0.84317
-0.7055
-0.001089
-0.0030329
-0.0025015
-0.004819
-0.0087429
-0.008035
-0.00072384
-0.0023331
-0.003283
-0.0044736
-0.0059643
-0.0047478
0.002211
0.0021286
0.0010322
-0.00033384
-0.00062741
0.00059842
0.0049026
0.0062181
0.0056437
0.0027633
0.0010337
0.0022565
0.0055427
0.0073938
0.0063873
0.0030945
-0.00063273
-0.00023384
0.0032105
0.0042202
0.0036683
0.00088455
-0.0033263
-0.0032635
-0.4102
-0.24768
0.4103
1.0254
1.0906
0.80471
-0.81122
-0.71922
0.13291
0.98041
1.0609
0.73671
-0.80037
-0.80836
-0.011747
0.74062
0.75532
0.39835
-0.62154
-0.68417
0.022081
0.66625
0.6638
0.24469
-0.72244
-0.88751
-0.31539
0.26749
0.25792
0.0083157
-0.76129
-0.9882
-0.62535
-0.24103
-0.4022
-0.43031
0.80582
1.3366
1.0609
-0.078192
-0.91555
-0.76674
1.431
1.7462
0.75133
-0.64466
-1.0533
-0.45907
1.3801
1.0947
-0.23327
-1.054
-0.68473
0.18968
0.7156
0.015616
-0.95888
-0.9356
-0.19112
0.42614
-0.086136
-0.71675
-0.92842
-0.50663
0.091213
0.32776
-0.39045
-0.73647
-0.50703
-0.050452
0.18247
0.13119
-0.010729
-0.011589
-0.0088016
-0.0045226
0.002814
0.0069735
-0.0074866
-0.0095617
-0.0098118
-0.0046336
0.0075596
0.0146
-0.0017312
-0.0036934
-0.0081865
-0.004497
0.010776
0.019222
-0.0030402
-0.0046132
-0.0069535
-0.00084958
0.013566
0.018649
-0.0086136
-0.0095292
-0.0051461
0.003916
0.013471
0.013772
-0.0076388
-0.0085467
-0.0026087
0.0044097
0.0070015
0.0046481
0.0012538
0.0023209
-0.00027926
-0.0052167
-0.0070861
-0.0050761
0.0052513
0.0054455
-0.00090615
-0.0078422
-0.006542
-0.0014674
0.0089613
0.0076843
-0.0022091
-0.0081389
-0.0010377
0.0071587
0.0069604
0.0042975
-0.0039683
-0.0054872
0.002938
0.010217
0.001814
0.00020128
-0.0019851
-0.0029817
0.00071743
0.0051246
-0.0010635
-0.0013217
-0.00025734
-0.0014266
-0.0025031
-0.00015206
-0.0054541
-0.0039884
6.7153e-05
0.0016232
-8.1657e-05
-0.0020993
-0.0047414
-0.0031755
0.00025747
0.002213
0.0029457
0.00099722
0.0015678
0.0014323
-0.00014363
0.0010392
0.0055994
0.0063579
0.003164
0.0020881
-0.00052247
5.7004e-05
0.0038193
0.005315
-0.00056153
-0.00068506
-4.5149e-06
0.0012598
0.00022135
-0.00092474
-0.002262
-0.0024043
7.7824e-05
-7.6384e-05
-0.0030014
-0.0040499
0.038908
0.050398
0.024904
-0.032828
-0.080314
-0.073583
0.062688
0.068591
0.023112
-0.047395
-0.10072
-0.091142
0.073783
0.074183
0.023598
-0.041722
-0.086725
-0.081112
0.077504
0.082848
0.033366
-0.029132
-0.07008
-0.063665
0.082674
0.094557
0.045607
-0.020858
-0.062665
-0.056282
0.064291
0.077638
0.040852
-0.010836
-0.044652
-0.043334
-0.0019919
-0.0043558
-0.0048931
-0.0053118
-0.0062187
-0.005088
-0.0020607
-0.0038988
-0.0035599
-0.0024295
-0.0032173
-0.0036325
0.0012308
0.0020066
0.0021982
0.0027085
0.0027711
0.001834
0.0028023
0.0042731
0.0047946
0.0042525
0.0049294
0.0051543
0.0014709
0.0017614
0.0022706
0.0022538
0.0021856
0.0033119
0.00078948
-0.00047395
-0.00109
-0.0011364
-0.0011134
0.00012899
-0.0062049
-0.010354
-0.0080387
0.00099654
0.010441
0.012243
-0.009374
-0.01331
-0.0090362
0.0020127
0.011695
0.013166
-0.0086154
-0.011095
-0.0071368
0.0020178
0.0087669
0.0088468
-0.0089865
-0.009969
-0.0053228
0.0036032
0.0087656
0.0071909
-0.010307
-0.011391
-0.0046383
0.0063313
0.012658
0.0099092
-0.0076967
-0.0085688
-0.0029238
0.0061979
0.011151
0.0090637
1.2685
0.55341
-0.77343
-0.99164
-0.33198
-0.02296
1.392
0.50381
-1.0814
-1.1664
-0.30015
0.094162
1.2839
0.38691
-0.92188
-0.85372
-0.14123
0.12993
1.3072
0.41638
-0.80194
-0.7075
-0.044638
0.094931
1.4197
0.45603
-0.96799
-0.94124
-0.021349
0.32764
1.172
0.32381
-0.91177
-0.89977
0.12301
0.58513
-0.30054
-0.39937
-0.28263
0.030332
0.28189
0.26702
-0.3447
-0.44653
-0.3029
0.057695
0.35652
0.33708
-0.29361
-0.36275
-0.22935
0.081773
0.35615
0.34879
-0.27026
-0.32085
-0.171
0.1348
0.38926
0.34966
-0.27472
-0.31561
-0.10433
0.23975
0.44901
0.35121
-0.19588
-0.2241
-0.03024
0.23965
0.3476
0.2529
-0.0031521
-0.0037589
-0.00056077
0.006517
0.012048
0.0094099
-0.0057489
-0.009691
-0.0082136
0.0018143
0.011521
0.011248
-0.00031057
-0.008379
-0.014827
-0.0077748
0.0044158
0.0085547
0.011207
0.0048591
-0.0071713
-0.010537
-0.0058586
0.00061906
0.013506
0.012398
0.0019591
-0.0073068
-0.011362
-0.0064345
0.0046946
0.0058266
0.0028835
-0.0028167
-0.0079797
-0.0065168
0.012825
0.011342
0.0044713
-0.00064918
-0.0044157
-0.006818
0.0053716
0.0058841
0.0038973
0.00053542
-0.0047519
-0.0095506
-0.0025934
-0.00042721
0.004057
0.004217
-0.0047059
-0.012281
0.0016497
0.0053246
0.0089518
0.0062089
-0.0032712
-0.0086113
0.0051192
0.0060757
0.00345
0.00048069
-0.0045961
-0.0042736
0.00094275
-0.0025341
-0.006999
-0.0080406
-0.0077512
-0.0041194
-0.051524
0.012741
-0.26048
-0.82567
-1.0865
-0.7681
-0.71151
-0.92931
-1.0472
-1.0554
-0.63831
-0.022509
-0.84058
-0.83324
-0.38713
0.3225
1.0204
1.153
0.099596
0.5847
0.98994
1.2701
1.4361
1.1231
0.78023
1.0265
0.75017
0.20944
0.029944
0.026019
0.44611
0.19435
-0.36418
-0.78404
-0.8849
-0.63837
-0.26292
0.28259
0.93687
0.48189
-0.64472
-0.98005
-0.70324
-0.1414
1.0033
0.98811
-0.27283
-0.94739
-0.96681
-0.71813
0.5625
1.2488
0.58313
-0.41105
-0.72963
-1.026
-0.29192
1.0426
1.2119
0.18901
-0.37709
-0.96449
-0.93202
0.32135
1.2524
0.7143
-0.12342
-0.65304
-1.0564
-0.35813
0.76131
0.83759
0.0034817
0.002062
-0.0014512
-0.0011916
0.00020844
-0.00066289
0.0025789
0.00032993
-0.0016198
0.0011909
0.0023714
-1.1216e-05
-0.0016169
-0.0027045
-0.00043221
0.003396
0.0028755
-5.1145e-05
-0.0035604
-0.0031079
0.00065876
0.0030608
0.0013447
-0.00043492
-0.0038367
-0.0022782
0.0010821
0.0019405
-0.00045861
-0.00076632
-0.0027117
-0.0015469
0.0006334
0.00077956
-0.0010733
-0.00071611
0.0018342
0.0046424
0.0040641
-0.00072151
-0.0050012
-0.0046339
0.0038224
0.0066389
0.0038461
-0.0022596
-0.0051077
-0.0043991
0.0045401
0.0068831
0.0034871
-0.0018331
-0.0039353
-0.0027042
0.0039064
0.0053543
0.0027849
-0.001168
-0.0021857
-0.00088621
0.0019363
0.0024293
0.00015456
-0.0018683
-0.0027363
-0.0018791
-0.00043407
-0.00027605
-0.0013049
-0.0026778
-0.0025921
-0.0019801
-1.2502
-0.53486
0.46047
0.5641
0.24351
-0.014526
-1.4579
-0.44021
0.88624
0.85266
0.21426
-0.12836
-1.4024
-0.20378
1.0986
0.72742
-0.085272
-0.21355
-1.4345
-0.28142
1.1466
0.75555
0.047124
-0.076482
-1.5631
-0.65444
0.98458
1.1281
0.57861
0.24953
-1.4488
-0.8156
0.559
1.0417
0.68329
0.27066
-0.26481
-0.83376
-1.0556
-0.26123
0.70434
0.69847
-0.60131
-1.1579
-0.7543
0.56658
1.18
0.64681
-1.1516
-1.1492
0.16328
1.2013
0.81941
-0.077077
-1.3082
-0.54252
0.97817
1.1181
-0.088755
-0.83197
-0.60114
0.58035
1.4908
0.69903
-0.71251
-0.94704
0.025255
1.0086
1.1913
0.18864
-0.76057
-0.67442
-0.046705
-0.058889
-0.044776
-0.0096445
0.027361
0.039119
-0.068402
-0.078734
-0.050054
-0.0025267
0.046789
0.05891
-0.067172
-0.068642
-0.035612
0.012249
0.064802
0.074497
-0.057735
-0.057007
-0.023367
0.028116
0.082323
0.083014
-0.056119
-0.055767
-0.016791
0.043835
0.090566
0.079085
-0.04133
-0.042697
-0.0083298
0.035602
0.06394
0.053097
0.0034718
0.0034795
0.0015974
-0.0031146
-0.0082969
-0.0099997
0.0066434
0.0059055
0.0021635
-0.0016425
-0.0072339
-0.010543
0.009153
0.0078808
0.004462
0.0020762
-0.0015633
-0.0045337
0.0093768
0.008297
0.0044684
0.0017745
-0.00073042
-0.002234
0.0082721
0.0073442
0.0018629
-0.0042813
-0.0073323
-0.0067084
0.0051457
0.0041274
-0.0014982
-0.0073219
-0.010163
-0.0077509
0.0065425
0.0028681
-0.0027521
-0.0043775
-0.0029581
-0.0015658
0.011825
0.0056168
-0.0038755
-0.0059539
-0.0015256
0.0019525
0.0090892
0.0020243
-0.0060375
-0.0058378
0.0010807
0.0054
0.0040711
-0.00087079
-0.006003
-0.0074646
-0.0028314
0.001811
0.0057872
0.0068556
0.0021074
-0.0064736
-0.0089978
-0.0043758
0.0062744
0.010017
0.0069246
-0.0033958
-0.0093614
-0.0057173
0.0016111
0.0029277
0.0018679
0.00019559
0.00014785
0.0002148
0.00064934
0.0022962
0.0026478
0.0025859
0.0040641
0.0037285
-0.0015328
0.00069146
0.0025001
0.0039742
0.0053985
0.0042342
-0.0020579
0.00014408
0.0017761
0.002224
0.0021284
0.00087176
-0.0047334
-0.0033489
-0.0014744
-0.0011903
-0.0021145
-0.002258
-0.006908
-0.0054965
-0.0032108
-0.0033738
-0.0045442
-0.0034393
0.0043556
0.0068959
0.0057495
0.002344
-0.00065976
-0.0014156
0.0030988
0.0062527
0.0055167
0.0015779
-0.0011678
-0.0020147
0.001211
0.0023965
0.0017247
-0.00047213
-0.0020866
-0.0025365
0.00033022
0.00044083
0.00041564
-0.00044632
-0.0019962
-0.0024507
-0.0022605
-0.0018333
-0.00089576
-0.00072734
-0.0016429
-0.002089
-0.0036723
-0.0035015
-0.002418
-0.0020649
-0.0019583
-0.0008822
-0.0059419
-0.007408
-0.0056285
-0.00037506
0.0083723
0.011643
-0.010314
-0.011223
-0.0078856
-0.0010994
0.0088042
0.013159
-0.011209
-0.012002
-0.0083332
-5.3892e-05
0.0089388
0.012537
-0.0093012
-0.010313
-0.005735
0.0052099
0.014309
0.013595
-0.010877
-0.012209
-0.0034002
0.0096836
0.016109
0.012215
-0.010782
-0.011468
-0.0032553
0.006063
0.0081644
0.0039401
-0.001344
-0.0036017
-0.0033785
-0.0041893
-0.006632
-0.0064361
-0.0044737
-0.0052764
-0.002875
-0.00098042
-0.00087233
-0.0010832
-0.0029385
-0.00033472
0.0033098
0.005226
0.0067229
0.0051618
0.0010712
0.0041661
0.0053742
0.0051678
0.0053598
0.0038614
0.00074323
0.001953
0.0017918
0.0014793
0.0013779
0.00043243
-0.0015822
-0.0016736
-0.0016407
-0.0014463
-0.001186
-0.00095652
-0.0033325
-0.0031525
-0.0013731
0.0011173
0.0047662
0.0049981
-0.0039093
-0.0027802
-0.0006575
0.0018476
0.0057433
0.0063064
-0.0027626
-0.0024639
-0.0014529
0.0003586
0.0038838
0.0055314
-0.0033783
-0.0032316
-0.0016895
0.00016006
0.0026607
0.0044433
-0.0057489
-0.0049974
-0.001806
0.00049284
0.0025331
0.0031736
-0.0054066
-0.0051029
-0.0018419
0.00061498
0.0021099
0.0018949
-1.431
-1.3794
-0.10215
0.96348
0.7675
0.07247
-1.6731
-1.0721
0.61476
1.1823
0.28826
-0.39661
-0.94373
0.035244
1.027
0.63366
-0.51052
-0.78588
0.33486
1.0631
0.83217
-0.21164
-0.81437
-0.505
1.1332
1.2061
0.084395
-0.81891
-0.61867
0.10669
1.0469
0.61901
-0.52796
-0.92998
-0.16416
0.43131
0.0057263
0.0066213
0.003694
-0.0026451
-0.0070727
-0.0062639
0.0078122
0.0075222
0.0026996
-0.0052337
-0.0099329
-0.0082415
0.0072155
0.0065806
0.0021435
-0.0054914
-0.0095818
-0.008528
0.0073237
0.006647
0.002302
-0.0033671
-0.0079221
-0.0090791
0.0092555
0.0090744
0.0039344
-0.0019222
-0.006772
-0.0077865
0.0079241
0.0085647
0.0037886
-0.00149
-0.0046394
-0.0041959
-0.82477
-1.0696
-1.0057
-0.96994
-1.0486
-0.95954
-0.42211
-0.47622
-0.52416
-0.73798
-1.0825
-1.1589
0.53878
0.7318
0.63939
0.35348
0.034271
-0.24862
0.42539
0.71404
0.84004
1.0453
1.2925
1.0861
-0.42299
-0.23037
0.12104
0.71449
1.2182
1.1354
-0.53966
-0.45948
-0.21795
0.11419
0.38992
0.31477
-0.0083636
-0.011343
-0.0035928
0.007126
0.0096996
0.0053512
-0.019202
-0.02172
-0.006448
0.011149
0.016968
0.010458
-0.026198
-0.025601
-0.0070589
0.011636
0.019521
0.013373
-0.021935
-0.02213
-0.008083
0.0071317
0.014748
0.011269
-0.0097681
-0.010736
-0.0023223
0.0088884
0.013626
0.01093
0.00069185
0.00033459
0.0033359
0.0078753
0.010427
0.0086473
0.0087904
0.010186
0.0060129
-0.00056251
-0.0048591
-0.0051405
0.0097737
0.011179
0.0056091
-0.0023841
-0.0075238
-0.0076283
0.0078455
0.0079543
0.0036031
-0.0035328
-0.0090198
-0.0090638
0.0067549
0.0059289
0.0023492
-0.0038709
-0.0097588
-0.0093323
0.0073311
0.0061117
0.0010249
-0.005476
-0.0096181
-0.0077968
0.0057679
0.0044367
-5.6966e-05
-0.0048873
-0.0061696
-0.0033365
0.51408
0.64909
0.40755
-0.06617
-0.46748
-0.49077
0.66034
0.7668
0.40845
-0.15258
-0.57438
-0.58748
0.56557
0.57659
0.26704
-0.20881
-0.54775
-0.56124
0.49881
0.47656
0.1675
-0.27885
-0.59058
-0.55768
0.5418
0.51496
0.10854
-0.39762
-0.70167
-0.58929
0.44952
0.47414
0.093542
-0.34824
-0.59491
-0.46482
-1.0908
-1.3885
-1.3229
-1.0472
-0.61445
-0.2117
-0.78331
-0.65172
-0.14149
0.32461
0.61794
0.61051
0.43667
1.0389
1.5024
1.4195
1.1707
0.83622
0.89047
1.1486
1.0944
0.6425
0.1277
-0.046598
0.29222
0.072516
-0.23002
-0.59634
-0.86259
-0.71255
-0.17361
-0.48312
-0.58962
-0.6484
-0.72286
-0.60057
0.46534
0.13128
-0.91532
-1.2954
-0.46237
0.35957
0.55444
-0.14893
-1.2577
-1.1234
0.30971
0.95555
0.11831
-0.73338
-1.2352
-0.18645
1.1341
1.0967
-0.51064
-1.1914
-0.7817
0.63107
1.2013
0.55275
-0.88123
-1.1029
0.073448
1.4157
1.0838
0.15012
-0.78169
-0.7377
0.56461
1.4584
0.84563
-0.0013466
0.062216
0.55818
1.0469
0.82714
-0.14666
-0.74322
0.25159
0.94489
1.1864
0.54236
-0.55629
-0.94824
0.62708
1.0856
0.79069
-0.17703
-0.8797
-0.81351
1.0174
0.94333
0.09315
-0.81757
-0.96511
-0.50394
1.0394
0.47918
-0.63347
-1.2169
-0.92461
-0.23285
0.62021
-0.058026
-0.91
-1.0828
-0.62604
-0.0076149
-0.00079478
-0.0027966
-0.0029116
-0.0016121
-0.0026302
-0.0030398
-0.0043614
-0.0067786
-0.0052188
-0.0016704
-0.00067898
-0.00090784
-0.0067074
-0.0077591
-0.0051361
-0.000357
0.0014381
0.0017341
-0.004954
-0.0051193
-0.002389
0.0013703
0.003288
0.0025545
-0.001382
0.0017708
0.0047087
0.0065359
0.0065908
0.0047855
0.001237
0.0055548
0.007802
0.0077638
0.0069938
0.0050686
-0.0019183
-0.002952
-0.0033924
-0.0020208
0.0008354
0.001985
-0.0023247
-0.0025794
-0.0015918
0.0010536
0.0027259
0.0028523
-0.00095916
-0.00059492
0.00089899
0.0030904
0.003329
0.0014454
-7.3428e-05
8.5174e-06
0.00073748
0.001819
0.0010535
-0.0003213
0.0011685
0.00036447
-0.00093385
-0.0010478
-0.0010628
-0.0011031
0.0019555
0.00058894
-0.0012355
-0.0019717
-0.0015428
-0.00071184
-0.63984
-1.0918
-0.62414
0.6884
0.92632
0.18268
-0.5033
-1.1021
-0.79288
0.68569
1.0928
0.25292
-0.32476
-0.99415
-0.83913
0.50884
1.0464
0.44241
-0.19752
-0.85207
-0.84104
0.22276
0.99932
0.66721
0.0056068
-0.60646
-0.81641
0.02877
0.98904
0.89823
0.1459
-0.34238
-0.62228
-0.030715
0.74558
0.81548
-0.0047891
-0.0054957
-0.002574
0.00038056
0.0013351
0.00097477
-0.0053164
-0.0063564
-0.0038563
0.00055405
0.0020651
0.0019832
-0.0041439
-0.0044265
-0.0029139
-0.00017317
0.0024066
0.0034739
-0.0030047
-0.0029337
-0.0021952
0.00026879
0.0031508
0.0052889
-0.0016779
-0.00040284
0.00048124
0.0019511
0.004513
0.0056823
0.00065818
0.0019329
0.0022139
0.0024144
0.0033427
0.0033753
-0.10442
-0.39141
-0.81355
-0.6421
0.61556
1.2901
0.046708
-0.25494
-0.90021
-0.84883
0.65941
1.5634
-0.0039383
-0.1697
-0.77499
-0.88741
0.61115
1.6019
-0.13018
-0.27141
-0.88325
-0.96357
0.58605
1.6009
-0.18321
-0.35024
-1.0109
-1.0491
0.50684
1.563
-0.10066
-0.21615
-0.81948
-0.93049
0.26466
1.3069
-0.065249
-0.0088651
0.10789
-0.16355
-0.62727
-0.66555
-0.28014
-0.4295
-0.48318
-0.68809
-0.79867
-0.64675
-0.87708
-1.1585
-1.1419
-0.90449
-0.37296
-0.025546
-0.97355
-1.008
-0.65437
-0.00084602
0.74943
0.92472
0.26176
0.71161
0.99287
1.0226
1.057
0.85508
1.1485
1.5448
1.3968
0.75802
0.16453
-0.12198
0.63889
0.76478
0.13473
-0.7918
-1.1443
-0.8078
0.56906
1.0603
0.68426
-0.37024
-1.2599
-1.1223
0.064158
0.65232
0.80146
0.1425
-1.06
-1.2567
-0.28254
0.22398
0.74541
0.44147
-0.72082
-1.187
-0.47725
-0.0056671
0.78314
1.0025
0.14308
-0.63633
-0.58924
-0.14003
0.66591
1.1914
0.79121
0.065966
-0.35535
-0.18961
0.063547
0.58347
0.94544
0.8207
0.45809
1.0373
1.3686
1.3914
1.2469
0.64777
0.60425
0.81688
0.67971
0.29422
-0.25092
-0.65375
-0.36248
-0.7423
-0.9778
-1.2191
-1.5005
-1.3671
-0.91718
-1.0902
-0.93937
-0.78043
-0.75056
-0.53286
-0.38319
-0.17419
0.18434
0.41029
0.55423
0.53208
-0.0079079
-0.0038607
0.0047872
0.0081467
0.0025816
-0.0043171
-0.0035258
0.00052951
0.0045019
0.0059709
-0.00051935
-0.0048457
0.0037256
0.0056305
0.0022242
-0.00054564
-0.0035044
-0.004488
0.0049777
0.0090684
0.0054792
-3.5341e-05
-0.0052138
-0.0055933
0.0030829
0.0098808
0.0093542
6.7823e-05
-0.011419
-0.011519
0.00016312
0.0058547
0.0062524
-0.0028649
-0.014912
-0.015801
-0.0029967
-0.0030391
-0.0013827
0.0010149
0.0027557
0.0018638
-0.0043751
-0.0040538
-0.00099461
0.0025355
0.0053417
0.0058703
-0.0016773
-0.0014768
-0.00093813
0.0018849
0.0065218
0.0081652
-0.0019784
-0.0017374
-0.00052917
0.0020276
0.005406
0.0059698
-0.0062942
-0.005467
-0.0017948
0.0014315
0.0025534
0.0019493
-0.0072177
-0.0061751
-0.0020722
-0.00022264
-0.0004418
-0.00038091
-0.0031123
-0.0017287
-0.001292
-0.0048241
-0.0082737
-0.0072876
-0.0028206
-0.0025893
-0.0051901
-0.0090822
-0.0071848
-0.00080282
-0.00028104
-0.0014648
-0.0064703
-0.0085544
0.00067533
0.010723
0.0010733
0.00025735
-0.0039014
-0.0029791
0.0078898
0.016564
0.0027219
0.0027346
0.0010638
0.00043072
0.0075937
0.012145
0.0023338
0.0034243
0.0018907
-0.00020382
0.00080032
0.0031097
0.0045599
0.0060984
0.0051252
0.0028295
0.0012838
0.0014734
0.0039167
0.0060374
0.0052569
0.0018567
9.9142e-05
7.3076e-05
0.00077673
0.0019668
0.0014301
-0.00085769
-0.0021803
-0.0025926
-0.00079261
-0.00069323
-0.00037465
-0.0011715
-0.0028144
-0.0042979
-0.0017813
-0.0023947
-0.0020909
-0.0018281
-0.0026233
-0.0028409
-0.002874
-0.003261
-0.0026362
-0.0019761
-0.0014544
-0.00089259
0.0037607
0.0017885
-0.00025536
0.0014649
0.0047374
0.0055526
-0.00066284
-0.0024063
-0.002287
0.00094112
0.0027419
0.0034347
-0.006064
-0.0079154
-0.0043748
-0.00099319
-0.0015893
-0.0021332
-0.0054126
-0.0063902
-0.0030102
-0.00077478
-0.0028613
-0.0034309
-0.0011002
-0.0013777
0.00048089
0.0018346
0.0016236
0.001929
0.0010319
0.0015152
0.0019465
0.003482
0.0051195
0.0050524
1.6489
1.9533
1.6793
1.4473
1.2407
0.90882
1.0709
0.93357
0.3868
0.12088
0.065039
0.17329
-0.35937
-0.84943
-1.2197
-1.1297
-0.97016
-0.66582
-0.78259
-0.9254
-0.7749
-0.62156
-0.69723
-0.65597
-0.5287
-0.43098
-0.13632
-0.069554
-0.266
-0.35504
-0.32139
-0.22493
-0.10316
-0.061787
-0.20461
-0.40017
0.00076194
0.00037893
0.00029578
-0.0013145
-0.0032926
-0.0042379
0.00057072
0.00039018
0.0017367
0.0027707
0.0012088
-0.0022145
0.0018419
0.0019977
0.0035551
0.0064307
0.0056422
0.001566
0.0018442
0.0014545
0.0019852
0.0038557
0.0028071
-0.00021616
0.0011909
-0.00013349
-0.0012765
-0.0013479
-0.0029811
-0.0044999
-3.2038e-05
-0.001745
-0.0031658
-0.0046581
-0.0058331
-0.0050098
-0.0039721
-0.0020652
-0.0002134
-2.2143e-05
0.0021278
0.0032221
-0.0024589
0.00021636
0.0010416
0.00048246
0.0017633
0.0025857
-0.00063202
0.0011232
0.00036133
0.0004816
0.0020308
0.0020362
-0.00090009
-0.0010819
-0.0012935
-0.0004343
0.0016776
0.0023765
-0.00054292
-0.0017259
-0.0019679
-0.0012879
-0.00047887
8.9104e-05
0.0011749
-0.00012548
-0.00090224
-0.0011844
-0.0017291
-0.0015142
-0.0032049
-0.0021075
-0.0012391
-0.00057154
0.0016244
0.0030378
-0.0034332
-0.00095941
0.00066758
0.00031008
0.0021456
0.0038818
-0.0011825
0.0008851
0.0024529
0.0020242
0.0028477
0.0034409
-0.00039534
-8.2124e-05
0.00050699
0.001036
0.001986
0.0012184
-0.00056941
-0.0025019
-0.0024983
-0.0012812
-0.00049035
-0.00071093
-0.00047734
-0.0019152
-0.0020072
-0.001143
-0.00082505
-0.0012115
-0.031299
-0.074635
-0.0019212
-0.053572
-0.15464
-0.15729
0.1723
0.22127
0.084294
-0.4024
-0.86451
-0.65746
0.14336
0.059716
-0.35583
-1.0247
-1.1766
-0.45818
-0.16344
-0.51805
-1.0081
-1.0158
-0.089926
0.91946
-0.41616
-0.80914
-0.90012
0.070173
1.7101
2.13
-0.31414
-0.48984
-0.22541
0.86698
2.0583
1.9314
0.0028741
0.0018358
0.00042524
-0.00082805
-0.0021276
-0.0025513
0.00073436
-0.00016091
-0.00074572
0.00010445
-0.00049475
-0.0012268
-0.0010945
-0.00063192
0.0005547
0.0020016
0.0020809
0.00091174
-0.0026099
-0.00031929
0.0019283
0.0028964
0.0022068
0.0010098
-0.0053994
-0.002005
0.0017905
0.0028477
0.0015577
0.0013574
-0.0058684
-0.0036315
0.00029801
0.0018443
0.0013184
0.00049539
0.65883
0.98709
0.86586
0.3316
-0.22735
-0.65335
0.16977
0.6343
1.1092
1.2292
0.9455
0.41732
-0.72133
-0.57748
0.16034
0.96877
1.4298
1.1796
-0.87269
-1.064
-0.99726
-0.5185
0.001794
0.3779
-0.11284
-0.40769
-0.90832
-1.2184
-1.1569
-0.76373
0.33535
0.28444
-0.18239
-0.69419
-0.87302
-0.77539
0.4581
0.24046
0.091752
0.30514
0.54821
0.51467
0.86561
0.78464
0.45058
0.3667
0.57152
0.55485
0.93963
1.1826
1.0111
0.67579
0.46359
0.33524
0.25075
0.51962
0.68003
0.40777
0.046989
-0.051631
-0.84899
-0.98075
-0.84497
-0.7789
-0.791
-0.56795
-1.1046
-1.4732
-1.5155
-1.3884
-1.2318
-0.78778
0.91622
0.50248
-0.45085
-0.89887
-0.9176
-0.72863
1.0542
1.1539
0.42843
-0.26688
-0.7465
-0.83308
0.29142
0.94793
1.2672
0.94117
0.22883
-0.25031
-0.81579
-0.15885
0.87038
1.23
0.89014
0.39417
-1.1572
-1.0619
-0.38252
0.2661
0.43211
0.36799
-0.73488
-0.95978
-0.93017
-0.65549
-0.32328
-0.1287
0.034971
-0.30263
-0.60463
-0.55949
-0.13376
0.15982
0.10279
-0.41396
-0.8164
-0.73011
-0.18041
0.22621
0.52633
0.034334
-0.64661
-0.83711
-0.38112
0.11361
1.1521
0.95398
-0.033191
-0.7636
-0.76788
-0.35887
1.5722
1.7496
0.74924
-0.54001
-1.1113
-0.87537
1.2922
1.6576
1.0397
-0.15517
-0.92137
-0.8691
-0.00015332
0.00040939
0.00073764
0.00035716
-7.687e-05
-0.00034748
0.00085505
0.0010922
0.00057959
-0.00099496
-0.0020911
-0.0019891
0.0013384
0.0011699
-0.000105
-0.0023806
-0.003319
-0.0027772
0.000855
0.00031258
0.0002453
-0.00086376
-0.0016294
-0.00085986
0.00059126
0.00062582
0.0010763
0.00072105
0.00010875
-4.9559e-06
0.0014085
0.0020456
0.0015627
0.00067466
4.5515e-05
-0.00052795
0.00035394
-0.0012901
-0.0015563
-0.0028148
-0.005786
-0.0048674
0.001377
-0.0012016
-0.0023206
-0.0034086
-0.0052888
-0.0041018
0.0021914
0.0009081
-0.00054492
-0.0014824
-0.002442
-0.0018488
0.002034
0.0028461
0.0020446
-0.00012779
-0.00091782
0.00069912
0.0022348
0.0046819
0.0045011
0.0016402
0.00070921
0.0013993
0.0020654
0.0035503
0.003426
0.0018851
0.0012374
0.00096688
2.6448e-05
0.0022736
0.0034049
0.00072708
-0.0032355
-0.0039928
0.00060722
0.0031293
0.003925
0.0021013
-0.00012375
-0.0010805
0.0014573
0.0034931
0.0033338
0.0021802
0.0025849
0.002575
0.0010817
0.0028334
0.0023955
0.00053631
0.001011
0.0024574
-0.0019467
-0.001525
-0.00062023
-0.0015343
-0.0023362
-0.0011645
-0.0050004
-0.0051338
-0.0029959
-0.0024941
-0.0033516
-0.0029702
0.010435
0.0098908
0.005052
0.003586
0.003795
0.00213
0.012602
0.0096078
0.0019099
-0.00049959
0.0022727
0.0008515
0.0071204
0.0028249
-0.0030532
-0.005631
-0.0048712
-0.0046948
-0.0011846
-0.0013837
-0.0015996
-0.0055123
-0.0099468
-0.0096979
-0.0020556
0.001487
0.0033273
-0.0019839
-0.0087795
-0.0081083
-0.00023212
0.0019866
0.0025186
-0.0011975
-0.0045174
-0.0030492
0.0098597
0.0069296
0.0042483
0.0022993
-0.0034186
-0.0063924
0.0066913
0.00087426
-0.002205
0.00058638
0.0015045
-0.00081137
0.0021796
-0.0037752
-0.0067282
-0.0014018
0.0038816
0.0032513
0.0047724
0.0004536
-0.0034054
-0.0048086
-0.0045592
-0.0036364
0.010638
0.010368
0.0039827
-0.0049807
-0.012298
-0.011429
0.0075451
0.0080556
0.0041749
-0.0027421
-0.009647
-0.0088941
-0.74344
-0.77457
-0.44399
-0.1994
-0.049344
-0.055609
-1.0438
-1.278
-1.043
-0.75275
-0.63968
-0.5764
-0.49509
-0.62833
-0.5708
-0.59586
-0.7921
-0.79712
0.46924
0.72745
0.82273
0.68484
0.25755
-0.072047
0.79037
0.91277
0.94218
1.0696
1.102
0.77263
0.38291
0.29477
0.22255
0.43006
0.71932
0.7619
-0.56711
-0.72281
-0.34243
0.40724
0.71598
0.47935
-0.61387
-0.80189
-0.36809
0.46916
0.77691
0.47459
-0.5298
-0.697
-0.26191
0.47551
0.69686
0.42682
-0.48604
-0.64738
-0.20946
0.48019
0.6906
0.40113
-0.51266
-0.70021
-0.23805
0.47803
0.68323
0.38077
-0.41827
-0.60209
-0.22119
0.36888
0.44066
0.21555
0.49863
0.47876
0.048253
-0.54704
-0.79798
-0.59095
0.64657
0.67754
0.20368
-0.50396
-0.86171
-0.68537
0.67799
0.76545
0.48199
-0.2279
-0.6849
-0.65446
0.6997
0.87717
0.65417
-0.068892
-0.65912
-0.71456
0.71337
0.92773
0.60286
-0.17642
-0.84361
-0.86887
0.50266
0.74414
0.43187
-0.23661
-0.82724
-0.78794
-8.6224e-05
0.0008951
0.0019096
0.0021267
0.0011221
-0.00088944
-0.00068216
0.0007157
0.0026036
0.0032201
0.0032427
0.0016365
-0.00066988
0.00073738
0.0020365
0.0021509
0.0037584
0.0032556
-0.001273
0.0012725
0.001994
0.00023624
-0.00031168
0.00036017
-0.0032132
0.00057759
0.0013243
-0.0016766
-0.0035474
-0.0026491
-0.0043398
-0.0012886
-0.00058829
-0.0029486
-0.0049423
-0.0039511
-0.034269
0.48847
1.0397
0.96598
-0.0032301
-0.953
-0.083603
0.46899
1.2272
1.2403
-0.1572
-1.2839
-0.28263
0.04679
0.88715
0.94474
-0.4666
-1.4397
-0.15658
0.15046
0.81657
0.70589
-0.70078
-1.4626
0.11213
0.61403
0.88433
0.29449
-1.0255
-1.4248
-0.10483
0.40329
0.57219
-0.091695
-1.059
-1.1834
-0.0092346
-0.012607
-0.0081356
-0.00080543
0.0055033
0.006
-0.010852
-0.012629
-0.0070238
0.00056657
0.0077252
0.008259
-0.011109
-0.010699
-0.0043628
0.0020674
0.0066907
0.008048
-0.0098318
-0.0099602
-0.0044114
0.00088212
0.0056355
0.008084
-0.0034311
-0.0028077
0.00018359
0.0029476
0.0070331
0.0094047
0.0038145
0.005805
0.006166
0.0055039
0.0073594
0.0095278
-0.17625
-0.24335
-0.035689
0.29705
0.44332
0.27793
-0.37403
-0.54987
-0.4656
-0.20281
-0.028456
-0.015829
-0.45566
-0.71071
-0.90351
-1.0354
-1.0754
-0.80501
-0.17201
-0.2438
-0.55485
-1.0654
-1.4045
-1.2741
0.39208
0.82126
0.95214
0.64243
0.17814
-0.17367
0.42159
1.1066
1.6402
1.71
1.5086
1.0223
-0.072236
-0.62554
-0.97461
-0.8703
-0.37694
-0.042986
0.44853
-0.18582
-1.037
-1.2821
-0.83672
-0.22469
1.2165
0.94052
0.01998
-0.83423
-1.0067
-0.60096
1.152
1.4752
1.2298
0.38491
-0.40972
-0.59382
0.15197
0.66973
1.0667
0.93687
0.23552
-0.39127
-0.55032
-0.37641
0.15454
0.55319
0.37777
-0.12615
0.003416
0.0031835
0.0014966
-0.00094051
-0.0050882
-0.0058251
0.0057747
0.0055004
0.0043759
0.0011635
-0.00427
-0.0061862
0.0045969
0.0053698
0.0056509
0.0028316
-0.0012992
-0.0026123
0.0033163
0.0040425
0.0042705
0.00070173
-0.0022402
-0.0021887
0.0025482
0.0031335
0.00062111
-0.0036845
-0.005818
-0.0041583
0.00088771
0.00091771
-0.001715
-0.0054205
-0.0063052
-0.0041724
-4.5626
-5.1106
-4.5632
-5.0411
-5.1226
-4.5593
-4.562
-4.5642
-4.5994
-4.5625
-4.5577
-5.1753
-4.6832
-4.5644
-4.5539
-5.0534
-5.12
-4.5615
-4.5625
-5.4241
-5.1925
-4.5778
-4.5615
-4.5615
-4.5621
-4.5629
-4.5571
-4.5626
-4.5607
-5.1826
-4.5599
-5.2492
-4.5573
-4.5609
-4.8962
-5.0741
-5.2835
-5.3184
-4.5614
-4.5621
-5.3127
-4.561
-5.1946
-5.0945
-5.1806
-5.1173
-4.5671
-4.5605
-4.5581
-4.5628
-4.5614
-4.9115
-4.5627
-4.5629
-4.5622
-4.9013
-4.5625
-5.1
-5.3085
-5.2165
-4.9931
-4.563
-4.5624
-4.5633
-4.5603
-4.5629
-5.1786
-5.0246
-5.1324
-4.5629
-5.3233
-4.5576
-4.9424
-5.0635
-4.5617
0.016256
0.017002
0.0098377
0.0011733
-0.0025245
0.006185
0.011273
0.0083732
0.0083485
-0.0053966
-0.0069412
0.0087358
0.0078859
0.00013495
-0.0045494
-0.013602
-0.0067345
0.0057085
0.0085929
-0.00082514
-0.014177
-0.024433
-0.014318
-0.0022051
0.0076963
0.0049372
-0.0053962
-0.017674
-0.010867
-0.0057593
0.012056
0.01378
0.010778
-0.0004719
0.0027957
0.0024446
