-0.0031062
-0.15587
-0.7812
0.020549
0.00095871
-0.0027167
-0.0059327
-0.0045129
-0.67899
-0.0012962
0.0023319
0.0054851
-0.0017863
0.00055263
-0.0018579
0.0061251
0.0077016
-0.23151
0.0088571
0.0089284
0.0014342
0.022818
-0.23618
-0.0067778
-0.83672
-0.02391
-0.09931
0.0015665
-0.0030603
-0.00071844
0.17449
-1.1735
0.0028461
-0.18485
-0.0011639
-0.55593
0.0036858
0.46812
-0.0058851
-0.0039953
0.020811
0.47579
-0.26228
-0.006216
-0.36041
-0.00080698
-0.0035861
-0.0019017
-0.0015717
0.002171
1.7394
0.00063635
-0.00086079
0.016172
0.01053
-0.0017823
-0.0030187
6.6653e-05
0.0098907
0.0016139
-0.0043865
0.72939
-0.0011746
-0.10438
-0.013746
-0.0022788
0.62551
-0.094673
0.57812
-0.35101
0.00040489
0.021571
1.4733
0.47058
-0.0064357
0.0010834
-2.1413e-05
0.0028235
-0.011843
-0.0028694
-0.0032676
-0.0022813
0.0001708
0.45319
-0.40264
0.66846
-0.00052013
-0.0034935
-0.0018658
0.00015822
-0.68491
0.020458
-0.16028
-0.00083658
-0.0078983
0.0023193
-0.0071708
-0.00054114
-0.61078
0.01151
-0.0023151
-1.1544
-0.47969
-0.0039003
0.0045289
0.011569
0.00055389
-0.3324
0.015599
0.57467
-0.0030475
-0.43108
-0.26002
0.01609
0.00073366
0.0022942
-0.0040344
-0.0022651
-1.285
0.0043365
0.0068259
0.0021578
-0.0012829
0.0019509
-0.0025109
0.0098474
0.0067755
-0.034635
0.0050186
0.0074137
-0.00047432
0.030377
-0.65905
-0.0053792
-1.0712
-0.043377
-0.22598
-0.00081885
-0.00566
0.0016142
0.4884
-1.4659
0.0030796
-0.17603
-0.0027859
-0.66002
0.0047485
0.66143
-0.0071666
-0.0010896
0.032765
0.52283
-0.81744
-0.0025257
-0.60631
-0.00038664
-0.0023364
-0.0035413
0.0023775
0.0015343
2.1904
-4.1601e-05
-0.0001552
0.013183
0.013054
-0.00014707
-0.00063048
-0.0018667
0.011663
0.0045053
-0.0038702
0.99375
0.0042135
-0.11567
-0.015813
-0.0028143
-0.064098
0.62484
0.55938
-0.82499
0.00027224
0.013674
1.4025
0.57318
-0.0087946
-0.00013402
0.0017031
0.0034601
-0.018937
-0.0032703
-0.0018326
-0.0045961
-0.0004795
0.59757
-0.56599
0.75495
-0.0012806
-0.0046382
-0.0012728
0.00015309
-0.044166
0.024605
0.3351
0.0023215
-0.0086873
0.0030044
-0.010473
0.00076351
-0.65457
0.021055
0.002864
-0.28753
-0.40795
-0.0033334
0.0028092
0.011537
-0.00088361
-0.20957
0.0085463
0.15493
-0.0055282
-0.72371
0.86814
0.00056048
0.0013232
0.0021629
-0.0020859
-0.0011118
-1.5143
0.0070781
0.0072818
-0.0065946
-0.0047843
0.0010838
-0.0072601
0.0030552
0.00021042
0.47888
0.0023572
0.007255
0.00067126
0.012064
-0.60317
-0.0047688
-0.88901
0.0014996
-0.53581
0.001504
-0.0053257
0.0059368
0.7235
-0.99268
0.0047918
-0.13157
-0.0047065
-0.35281
0.0065993
0.6612
-0.0056506
0.0014605
0.031143
0.02106
-0.89527
-0.0010868
-0.82059
-0.00085827
-0.0027964
-0.00013203
0.001323
0.0049888
1.8801
-0.0011516
0.0018723
0.0073555
0.011043
0.0020439
-0.0028729
-0.0024452
-3.4219e-05
0.0090825
-0.0054365
0.60067
0.012607
-0.044987
-0.004456
-0.0022739
-0.70083
1.0868
0.13757
-0.67663
0.0033218
-0.006324
0.18823
0.43767
-0.011002
-0.0013279
0.0053722
0.0031242
-0.032351
-0.0021871
0.001569
-0.0007298
0.0015348
0.1547
-0.39874
0.060949
-0.0019886
-0.0062479
-0.0013024
0.0040625
1.0717
0.011936
1.0785
0.0025307
-0.0067708
0.0026235
-0.0096269
-0.0013583
-0.32141
0.015466
0.0043124
1.054
0.11015
-0.0067429
0.0040373
0.0057505
-0.0034506
-0.073392
-0.0063395
-0.83017
-0.0050976
-0.89331
1.2008
0.00021993
-0.0015864
-0.00088213
-0.0033808
-0.0024426
-1.2536
0.0049714
0.0084457
-0.0080132
-0.0060771
0.00093637
-0.007044
-0.0028083
-0.0054997
0.95346
0.0038474
0.015739
-0.00026916
-0.0059348
0.38451
-0.0043574
-0.34794
-0.067661
-0.76319
-0.00079446
-0.0020855
0.0012415
0.34919
-0.14529
0.0020655
-0.2177
-0.003494
0.44776
0.0065558
0.7211
-0.0054351
-0.0026775
0.011455
-0.49638
-0.037635
-0.0050984
-1.1127
-0.0031078
-0.0059683
-0.0022652
-0.0034719
0.0061877
1.3302
0.0049338
0.0042688
0.0047538
0.0049531
0.00087038
-0.0066982
-0.00060196
-0.0084736
0.006644
-0.0046682
-0.25425
0.017528
0.056817
0.0051107
-0.0029318
-0.56868
0.30308
-0.53316
0.36825
0.00097086
-0.012762
-0.72626
0.41092
-0.010246
-0.0014729
0.0026169
0.0024304
-0.044451
-0.0044747
0.00090498
0.00098974
0.0044648
-0.43359
0.056038
-0.72449
-0.0021402
-0.0037489
-0.0045397
0.0069566
1.1843
-0.0015733
1.4745
0.003983
-0.009934
0.0010646
-0.004619
0.0020288
-0.15178
-0.006414
0.0039587
0.98448
0.63397
-0.010184
0.0058347
0.00046626
-0.0070332
-0.12261
-0.012439
-1.1094
-0.00077087
-0.83614
0.42648
0.0089242
0.00069518
-0.005107
-0.0067051
-0.0009841
-0.90351
-0.00043919
0.0024222
0.00015014
-0.0035656
-0.002494
-0.0012703
-0.0064894
0.00086722
1.0048
0.0048146
0.014294
-0.0023107
-0.01278
1.5062
-0.0021345
0.09316
-0.24676
-0.05705
-0.0048565
-3.3704e-05
-0.0054973
-0.68988
0.39572
-0.001057
-0.30605
-0.0033526
1.2503
0.0024816
0.81742
-0.0089743
-0.0074729
-0.0064883
-0.54483
0.7382
-0.0082791
-1.3934
-0.0037494
-0.0037573
-0.0014986
-0.0046203
0.00088541
0.84278
0.0081793
-0.00093253
-0.002316
-0.0033035
-0.0048007
-0.0034763
-0.00091986
-0.0093657
0.001651
-0.0030362
-0.91866
0.011228
0.11578
0.0067595
-0.00070298
-0.077212
-0.87413
-0.94358
1.0796
-0.0049083
-0.010846
-0.61767
0.47632
-0.0078477
-0.00088924
-0.0058751
-0.002098
-0.046341
-0.0062454
-0.00055352
-0.0030961
0.0053005
-0.64998
0.44188
-0.88736
3.5026e-05
-8.6426e-05
-0.0058577
0.0050729
0.27934
-0.013498
1.3506
0.00075751
-0.014361
0.00071656
0.00077907
0.0070987
-0.29525
-0.028787
-0.00043024
0.11659
0.73601
-0.0051944
0.0014148
-0.0017769
-0.0047531
-0.41709
-0.0078492
-0.2285
0.0018787
-0.54245
-0.38588
0.0053433
0.0037212
-0.0035772
-0.004497
0.0043106
-0.54246
-0.0025679
-0.0021952
0.0095343
-0.00051284
-0.0039095
0.0032103
-0.0055165
0.0058603
0.60176
0.0047202
0.0050734
-0.0024095
-0.014394
1.4714
-0.0017094
0.201
-0.29814
0.81808
-0.0034541
-0.0032885
-0.0059409
-1.1791
0.38874
-0.0011569
-0.24144
-0.0040687
1.2799
-0.00012538
0.6162
-0.0079393
-0.0091362
-0.0065309
-0.27711
0.59599
-0.0033162
-1.1576
-0.002367
0.00087671
0.0010312
-0.0019444
-0.0031647
0.4189
0.004672
-0.00019567
-0.0069188
-0.0074876
-0.0056349
-0.00037081
-0.0057447
-0.0017204
-0.001314
-0.0028744
-0.90662
0.00040544
0.10158
0.00078879
0.0015472
0.17198
-1.0933
-0.73303
0.82878
-0.0028241
-0.0062915
-0.10903
0.32392
-0.0036335
-0.0022287
-0.0055247
-0.0025692
-0.031047
-0.0037221
-0.0026899
-0.0046374
0.00047751
-0.51484
0.45914
-0.53451
-0.0010059
-0.0023675
-0.0021659
0.0030662
-0.36692
-0.014958
0.80242
-0.0025844
-0.011208
0.0025597
0.0033532
0.0050336
-0.32913
-0.027978
-0.00093072
-0.26067
0.47867
-0.0016834
-0.0024062
-0.00064025
-0.001633
-0.53405
0.00010992
0.56905
-0.0011567
-0.76292
-0.70429
0.023924
-0.0019539
-0.0015999
-0.0041012
-0.0027715
0.27939
0.00021595
0.0026892
0.0029829
-0.0016226
0.0015609
-0.0026011
0.010448
0.0056399
0.6176
0.010343
0.0072693
3.6258e-05
0.036155
-0.054441
-0.0066188
0.0067791
-0.24807
-0.20412
-0.00068497
-0.0027058
-0.0021164
0.12498
-1.4658
0.00062409
-0.35611
-0.0047501
-0.56346
0.0018003
0.59434
-0.0047635
-0.003576
0.031465
0.62919
-0.51184
-0.00996
-0.14184
-0.0010346
-0.0030141
-0.0034755
-4.0637e-05
-0.00022962
0.93187
-0.00034159
0.0028954
0.031076
0.017181
-0.0018282
-0.0068625
-0.0033985
0.010357
-0.0025887
-0.0056225
0.60133
-0.0071469
-0.14364
-0.015565
-0.0056474
1.0066
0.15029
0.92104
-0.38215
-0.002023
0.029829
1.9133
0.61529
-0.0044924
-0.00050807
-0.00066385
0.0021371
-0.016416
-0.0035947
-0.0011024
-0.0027182
0.0013143
0.48874
-0.47599
0.78861
-0.00050087
-0.0020407
-0.0004836
-0.0037885
-1.0333
0.031947
-0.62316
0.00083405
-0.0086098
0.0030656
-0.013911
-0.0041792
-0.72696
0.02524
-0.0013954
-1.503
-0.5878
-0.01405
0.0006959
0.012394
0.00026925
-0.72378
0.014569
0.52405
-0.003552
-1.0984
0.26557
0.021883
-0.0020209
0.0003242
-0.0039775
0.00020214
-0.24346
0.0037482
0.0049767
-0.0059142
-0.00074224
0.0013545
-0.0030776
0.0074404
0.0011307
0.96558
0.005229
-0.00022015
-0.0014448
0.041958
-0.66082
-0.0061007
0.11427
-0.22338
-0.25468
-0.0003772
-0.0059696
-0.0012167
0.41305
-1.4038
-0.00066797
-0.58621
-0.0029305
-0.9198
0.0025248
0.75175
-0.0053555
-0.0014843
0.047474
0.76032
-1.0409
-0.0080963
-0.24011
0.0034939
-0.0041728
-0.0019387
-0.0010953
0.0027894
0.98129
0.0017825
0.0024024
0.02553
0.016674
-0.0012422
-0.00023217
-0.0021743
0.011734
-0.00049472
-0.0035508
1.2756
-0.003053
-0.15786
-0.014823
-0.0032194
0.12771
0.99404
0.67537
-0.91298
-0.0018772
0.017387
1.582
0.69887
-0.0060409
-0.0046798
0.0022729
0.0039083
-0.01755
-0.0040208
0.00093389
-0.0054879
0.0028045
1.0688
-0.62026
1.1486
0.0017221
-0.00018471
0.0020321
-0.0016867
-0.70838
0.033036
-0.36204
0.00081781
-0.0084518
0.0036376
-0.017159
-0.0033318
-0.68551
0.043056
-0.00012336
-0.41213
-0.5383
-0.011286
-0.0020642
0.0075254
-0.0005125
-0.82719
0.0049275
-0.22292
-0.004291
-1.0985
1.4028
0.003199
0.00032453
0.0017074
-0.0024217
-0.00022146
-0.91374
0.005835
0.0082836
-0.012987
-0.0038892
-0.0024385
-0.003704
-0.0045078
-0.0065167
1.0976
0.00056125
0.00182
-0.0022367
0.014873
-1.0395
-0.0049471
0.27281
-0.071182
-0.68338
0.0016149
-0.0059359
0.0024051
0.87417
-0.41363
-0.0003415
-0.56012
0.00035167
-1.0398
0.0058111
0.67885
-0.0085025
0.0010324
0.036297
0.18055
-0.56233
-0.0099887
-0.35786
0.0031883
-0.0034162
-0.0010643
-0.0030371
0.0044017
0.49779
0.00089819
0.0058327
0.011197
0.0079585
0.001471
0.001143
0.0012949
-0.0044307
0.0073704
-0.0029828
1.4732
0.0084253
-0.058131
0.00023368
-0.0037873
-0.86288
1.1088
-0.23196
-0.71395
0.0019064
-0.0078844
-0.13504
0.46389
-0.0081635
-0.0043834
0.0049832
0.004999
-0.022992
-0.0050433
0.0018684
-0.003807
0.0017762
0.91743
-0.40683
0.40707
0.0011479
-0.0010451
0.0017923
0.0045105
0.61933
0.011856
0.47172
-0.00049378
-0.0038084
0.00486
-0.012567
-0.0018106
-0.19368
0.030144
0.00056908
1.26
0.081602
-0.0086617
0.0016796
-0.00085328
-0.0042754
-0.8355
-0.014956
-1.2388
-0.0018863
-0.83735
1.1693
-0.0014116
-0.0023704
-0.0019004
-0.0040237
-0.0050495
-1.1509
0.0033562
0.0064035
-0.0083287
-0.0041688
-0.0028322
-0.0032061
-0.0058543
-0.01012
1.0456
0.0015681
0.0077868
-0.00054866
-0.013066
-0.15147
-0.0038813
0.66018
-0.15589
-1.0033
-7.9061e-05
-0.0012427
0.00014129
0.6781
0.51808
-0.0026407
-0.45748
0.0023449
-0.59606
0.0052719
0.75386
-0.0097168
-0.0011321
0.00613
-0.53272
0.67672
-0.017897
-0.50524
0.0017156
-0.0062639
-0.0010098
-0.0026523
0.0024191
0.011078
0.0076448
0.0031938
-0.0073363
-0.0029092
-0.0010452
-0.00090059
0.0048564
-0.018251
0.0094576
-0.0032592
1.1239
0.021211
0.077747
0.007646
-0.00248
-0.74577
-0.11704
-0.95236
0.47573
0.0015908
-0.017672
-1.0245
0.32685
-0.013247
-0.0045194
0.0027932
0.004125
-0.033493
-0.0026349
0.0015312
-0.0037319
0.0025856
0.049418
0.11599
-0.76854
-0.00069194
0.0016248
-0.00091315
0.0060075
1.319
-0.014649
1.2455
0.003171
-0.0058147
0.0019183
-0.0061088
0.00073419
0.055607
-0.0072289
-0.0012528
1.0874
0.86361
-0.0084904
0.0036908
-0.0077089
-0.0064614
-1.0231
-0.018781
-0.98421
-0.00037351
-0.37521
-0.099701
0.0030687
-0.0045499
-0.0046359
-0.0061858
-0.0044314
-1.0305
-0.0019746
-0.00096844
0.0064272
-0.0022506
-0.0026379
-0.0021002
-0.0057161
-0.0038782
0.71885
-0.0013584
0.011642
-0.0029229
-0.020561
1.5179
-0.00064958
0.89164
-0.44601
0.028872
-0.0023378
0.0015031
-0.0026031
-0.64587
0.78591
-0.0070956
-0.35808
0.0013928
0.27813
0.0013116
0.9426
-0.010903
-0.0067115
-0.019472
-0.68217
1.0996
-0.01668
-0.68313
0.00047394
-0.0051076
-0.00085054
-0.00080193
-0.0035176
-0.28106
0.010179
-0.0020199
-0.019454
-0.014405
-0.0010272
7.9436e-05
0.001981
-0.011266
0.0053097
0.0012185
0.48153
0.016705
0.15234
0.0099464
-0.0026348
-0.14101
-1.2412
-0.96224
1.062
-0.0029444
-0.014475
-0.5965
0.29539
-0.011482
-0.003786
-0.0015332
-0.0018107
-0.034058
-0.0024717
-0.00065035
-0.0023413
0.00068954
-0.68284
0.55599
-1.1658
-0.0033353
0.0032357
-0.0037761
0.0023992
0.6205
-0.026569
1.4904
0.0030389
-0.012995
-0.0031482
-0.00034768
0.0024424
-0.13431
-0.038341
-0.0050095
-0.0043252
1.1451
-0.0060595
-0.0012977
-0.0049363
-0.005454
-1.2889
-0.0070365
0.38964
0.0007937
0.021866
-0.87859
-0.00058752
-0.0042641
-0.0025357
-0.0064909
0.0027932
-0.67478
-0.0048497
-0.0037694
0.015048
-0.0014748
-0.0025768
-7.2358e-05
-0.0021628
0.0060658
0.18333
-0.0034358
0.0051515
-0.00069111
-0.016174
1.8821
-0.002069
0.6844
-0.5513
1.1851
-0.0026599
-0.00039268
-0.0032094
-1.4196
0.49954
-0.0046602
-0.19031
-0.0029953
0.74272
-0.0013472
0.78125
-0.0045619
-0.0048669
-0.020012
-0.37546
0.53063
-0.0089882
-0.56001
-0.0030781
0.00021227
-0.0006148
-0.00038606
-0.003892
-0.32827
0.0065125
2.7376e-05
-0.014553
-0.013438
-0.0024854
0.00011837
-0.0017937
-0.00089542
0.0028433
0.0028963
0.025327
0.0054562
0.12892
0.0069699
0.0013396
0.18042
-1.0962
-0.45121
0.67242
-0.0017759
-0.0080576
0.05136
0.13958
-0.0060722
-0.0011804
-0.0043335
-0.0048535
-0.022218
-0.0015302
-0.0023103
-0.0030026
-0.00025342
-0.72124
0.55924
-0.76652
-0.0015803
0.002801
-0.0036708
-0.00081545
-0.26058
-0.020233
1.1232
-0.00044206
-0.01062
-0.001607
0.00561
-2.2936e-05
-0.21708
-0.035843
-0.0037894
-0.37557
0.84581
-0.0026231
-0.002778
-0.00052626
0.00045042
-1.1512
0.0014743
1.0662
-0.0031136
-1.1627
-0.17289
0.011716
-0.005009
0.00089929
0.00025743
-0.00068195
1.3071
-0.0015559
-0.0039683
-0.0048213
-0.0016951
-0.00067392
-0.0041344
0.011619
0.0002192
0.96165
-0.00065327
-0.0043664
-0.00073862
0.031731
0.21456
-0.0036059
1.3063
-0.73927
-0.10992
-0.00093471
-0.0028
-0.0025015
-0.073568
-0.75999
-0.0006067
-0.012431
-0.0037343
0.16467
-0.0017298
0.20867
0.0013976
0.0014804
0.023924
0.58703
-0.86931
0.0017279
0.30695
-0.0029356
0.00043367
-0.0044543
0.0020623
-0.0024113
-0.68226
-0.0039746
0.00092635
0.041371
0.018849
-0.0022619
-0.0069701
-0.0024359
0.0081046
-0.0044895
-0.005658
-0.5089
-0.012275
-0.1421
-0.011951
-0.0036491
1.3611
0.63351
0.81582
-0.33964
-0.0007889
0.022724
1.5982
0.65291
-0.00022485
-0.0017707
-0.00056422
0.00091767
-0.0065354
0.00095793
-0.0040671
-0.0014482
0.0017145
-0.15425
-0.41809
0.3024
5.0366e-05
-0.0011789
-0.00029763
-0.0093241
-0.89916
0.032914
-0.77896
-0.0023601
-0.0046961
-0.00068506
-0.013343
-0.0069438
-0.62043
0.021636
-0.00013224
-1.4958
-0.53871
-0.0098379
-0.0040717
0.0069258
0.0028878
-0.4071
0.013848
0.065513
0.00028912
-1.241
0.84097
0.015024
-0.0071163
-0.00071875
-0.002032
0.0025493
1.349
-0.0015124
-0.0036411
-0.014758
-0.00031349
0.0010732
-0.0017898
0.0022142
-0.0073981
0.92193
0.0017586
-0.0050432
0.00010767
0.037336
-0.34182
-0.0015394
1.6826
-0.93888
-0.11705
-0.00024542
-0.0024056
-0.0015992
0.074326
-0.039214
-0.0037148
-0.51752
-0.0014817
-0.21384
-0.0056131
0.35175
0.0036137
0.0018146
0.040684
0.81774
-0.87632
-0.0018039
0.62228
0.00035845
-0.0012263
-0.0048969
0.0020483
0.00057812
-1.0841
0.0013906
-0.0022721
0.031567
0.012237
-0.00086654
0.00076037
0.00020109
0.0024289
-0.0058596
-0.0020455
-0.062367
-0.010088
-0.15184
-0.0044144
-0.0027922
0.42985
1.0633
0.18495
-0.79601
-0.00016357
0.01595
0.97085
0.78638
0.0016534
-0.0032478
-0.00088972
0.0018359
-0.0015967
-0.00051559
-0.002192
-0.0043497
-0.00037323
0.72604
-0.50206
0.97151
0.0017794
0.00027969
0.0048399
-0.0056894
-1.1106
0.032673
-0.96721
-0.0041464
-0.0048088
-0.00097368
-0.015885
-0.0079799
-0.53971
0.040639
-0.0034723
-0.41586
-0.51613
-0.0089329
-0.0076734
-0.0020229
0.0047811
-0.48474
0.0047009
-0.7714
0.0003291
-0.66825
1.2781
0.0094196
-0.0014482
-0.0016507
-0.0037639
0.0013469
0.63599
1.6783e-05
0.00028697
-0.015099
-0.0018571
-0.0012516
-0.00096926
-0.012627
-0.011509
0.31822
0.0063024
-0.0016256
0.00048174
0.0085257
-1.0672
-0.0022414
1.4705
-0.86405
-0.69513
0.0004091
-0.0033634
-0.0018714
0.74622
0.85239
-0.0043146
-0.83658
0.0029461
-0.91567
-0.0026455
0.40763
-0.0019391
0.0011393
0.029908
0.37652
0.31867
-0.0083426
0.92898
0.0034155
-0.00017231
-0.0017281
0.00070177
0.0032665
-1.1847
0.0019619
0.00034532
-0.00027274
-0.0044287
-1.6977e-05
0.0069698
0.0046438
-0.012161
-0.0019815
0.0014679
0.71619
-0.0020129
-0.046716
0.0040926
-0.0030464
-0.8249
0.49707
-0.8727
-0.54462
0.002821
-0.00084694
-0.4711
0.56588
0.001164
-0.0040797
0.00065183
0.0032972
0.0092473
-0.00098522
-0.0010656
-0.0052257
-0.0010542
1.3627
-0.28968
0.72395
0.0024491
0.00081757
0.0039376
0.00065607
-0.3288
0.0038066
-0.74168
-0.0059388
-0.0014321
0.0013303
-0.0066784
-0.0074688
-0.033189
0.032246
-0.00035606
1.1156
0.0098887
-0.0018076
-0.0038229
-0.010734
0.0018915
-0.60149
-0.012862
-1.1915
0.0018494
0.1339
0.37489
5.034e-05
-0.0038406
0.00049992
0.0015671
-0.0037466
-0.12338
-0.0021185
-0.0015953
-0.0041388
0.00036094
-0.003436
-0.0025213
-0.015416
-0.012219
-0.33327
0.0082667
0.005151
-0.00014702
-0.022366
-0.82556
-0.0028687
1.1163
-0.82444
-1.0761
-0.0030534
0.00057339
-0.0021759
0.94698
1.0041
-0.0058118
-0.73397
0.0045333
-1.4157
0.00073583
0.4707
-0.0064277
-0.00072766
-0.0013128
-0.37314
1.218
-0.012735
1.2637
0.0032581
-0.0017599
-0.0015957
0.00063604
-0.0016411
-1.1018
0.0014092
-0.0010513
-0.031747
-0.02095
-0.00039168
0.006801
0.0063053
-0.020322
0.0043094
0.0024905
1.2886
0.0074654
0.084922
0.0092822
-0.0038845
-0.84581
-0.70603
-1.0692
0.46172
0.001123
-0.0096085
-0.8744
0.17705
-0.00093222
-0.0019439
0.00027433
0.0025003
0.013122
0.0030578
0.0020579
-0.0067264
-0.0022761
0.90658
0.1547
-0.44146
0.00094972
0.0038611
0.000924
-0.00091182
0.82246
-0.027725
-0.33139
-0.0033247
-0.0040838
-0.0017896
0.00062939
-0.0067665
0.3135
-0.0066499
-0.00013019
0.83797
0.77939
0.0029311
-0.0018479
-0.011654
-0.00055439
-0.81145
-0.013587
-0.20572
0.0012141
0.7976
-0.82285
-0.0047595
-0.0073961
-0.0015363
0.0044187
-0.0046654
-0.56162
-0.0053238
-0.007679
0.012557
-0.00021615
-0.00065957
-0.00093926
-0.0061531
-0.0033622
-0.764
0.0030949
0.0047452
-0.00057055
-0.030223
0.65936
-0.0037517
0.81147
-0.91687
0.20942
-0.0032494
0.0021759
-0.0012929
-0.34264
0.53958
-0.0087386
-0.43762
0.0033886
-1.2864
-0.00076874
0.55503
-0.0014453
-0.0024544
-0.031422
-0.67764
0.78585
-0.010903
1.3863
-0.0012036
0.00042276
0.00077115
0.005017
-0.0061014
-0.99934
0.0044317
-0.0059418
-0.047759
-0.028402
-0.00081875
0.0008639
0.0069312
-0.009651
0.0030328
0.0053252
1.3874
0.0047034
0.14737
0.010203
-0.0020946
-0.28464
-1.123
-0.28757
0.7259
0.00057808
-0.010034
-0.30893
-0.23039
-0.00014368
-0.0022746
-0.0014758
-0.0012126
0.015326
0.0052852
0.0012129
-0.0027196
-0.0044289
-0.12815
0.53176
-1.2189
-0.0019987
0.0062172
-0.0022484
-0.0051023
0.98141
-0.043351
0.084843
-0.0021623
-0.0093197
-0.0077692
0.0062284
-0.0061884
0.29046
-0.044806
-0.0037919
-0.1768
1.2184
0.0045296
-0.0067273
-0.0088466
-0.0024889
-0.95039
0.001836
1.1052
0.00071507
0.88262
-1.0478
-0.0081965
-0.0054621
-0.0032122
0.0022487
0.00039592
-0.59059
-0.004851
-0.0080702
0.017099
-0.0020318
0.00063024
-0.0028346
-0.002308
0.0022623
-0.83322
-0.0034275
0.00065092
0.0029247
-0.019648
1.4795
-0.0045482
0.46819
-0.76881
1.4287
-0.00085093
0.0019476
0.0018326
-1.3668
0.045411
-0.0049485
-0.15363
-7.3516e-05
-0.66559
-0.0032818
0.39627
0.0024338
-0.0036187
-0.033648
-0.47885
-0.054625
-0.0078001
1.0996
-0.0061305
0.00034549
0.0013058
0.0029998
-0.0059501
-0.75543
0.0017633
-0.002419
-0.02832
-0.02136
0.00058989
-0.0064972
0.0034501
-0.00025596
0.0018026
0.0052866
0.95327
0.00071929
0.12138
0.0081869
-0.00077344
0.060865
-0.49965
0.39802
0.19817
0.00033141
-0.0059189
0.16888
-0.42772
0.0030867
-0.0017007
-0.0022154
-0.004423
0.013029
0.0044164
-0.00038228
0.0043039
-0.0036083
-0.62506
0.50546
-1.0131
0.00031985
0.0057149
-0.0033042
-0.0080175
0.33154
-0.03052
0.25346
-0.0017432
-0.0091261
-0.0079597
0.0084133
-0.0086031
0.14382
-0.044539
-0.0036135
-0.47324
0.98684
0.0015115
-0.0032513
-0.0023589
0.0011669
-0.77561
0.0092571
1.1404
-0.0010679
-0.72073
0.38946
0.0036684
-0.002939
-0.00077228
0.0029323
0.0020874
1.0558
-0.0057102
-0.0085429
-0.013521
0.0014174
0.00072791
-0.00067987
0.010584
-0.0024908
-0.023857
-0.0089326
-0.0075657
-0.0011539
0.022583
0.37725
-0.00012782
0.83665
-0.83726
0.16166
-0.0021151
-0.0024559
-0.00015477
-0.10831
0.52143
0.00086092
0.92456
-0.0026124
0.67766
-0.0053775
-0.38848
0.0085385
0.00058432
0.0093337
0.55832
-1.1891
0.011687
0.39886
-0.0031256
0.0034329
-0.0039749
0.0051261
-0.0037255
-0.98686
-0.005401
-0.0036716
0.044402
0.021145
-0.00076432
-0.0053306
-0.0011811
0.0081121
-0.0049653
0.00057383
-1.0955
-0.010345
-0.13237
-0.0045954
-0.0024226
1.599
0.97193
0.18703
-0.39578
-0.0044465
0.018501
0.80857
0.58304
0.0053159
-0.0027889
-0.002046
-0.0026622
0.0065805
0.0027722
-0.0059819
0.001116
-0.004142
-1.0388
-0.39355
-0.438
0.0020988
-0.0019107
0.00029881
-0.0064329
-0.3231
0.030466
-0.40954
-0.0047709
-0.0003173
-0.0043875
-0.0071537
-0.0037217
-0.60579
0.0080506
-0.0051434
-1.3996
-0.38607
0.00084973
-0.0059084
0.0055106
0.0034857
0.40763
0.012936
-0.56
0.00094239
-0.33177
1.0387
0.0108
-0.0058863
5.6963e-05
0.0021988
0.00389
1.3999
-0.0050353
-0.0078188
-0.024052
0.002601
0.0019351
0.00040222
0.0011988
-0.011823
-0.50696
-0.0024418
-0.0017738
-0.00099775
0.034335
0.0088703
0.0026651
0.92669
-1.1697
-0.0073063
-0.0025966
0.00092385
-0.0026502
0.087973
1.2797
-0.00036022
0.62246
0.0014387
0.80632
-0.0086168
-0.25492
0.0094346
0.0029493
0.022035
0.86231
-0.52068
0.010469
0.77142
0.00033108
0.0028008
-0.0036081
0.0054409
-0.0024741
-1.1493
-0.0012014
-0.0063508
0.036235
0.020825
0.0011117
-0.00067994
0.0018524
-0.0019294
-0.0048371
0.0016879
-1.28
-0.0056757
-0.13629
0.0068094
-0.0022095
0.7439
0.77531
-0.67555
-0.84362
-0.0031253
0.023785
0.18669
0.81072
0.0061495
0.00080042
-0.0010911
-0.0021591
0.016321
0.0032555
-0.0050738
-0.0020382
-0.0033937
-0.44798
-0.48416
0.51484
0.0034602
0.00066544
0.001647
-0.0011434
-0.93644
0.033864
-0.6741
-0.0041628
0.00097755
-0.005354
-0.0082472
-0.0053477
-0.5992
0.025115
-0.0057841
-0.40207
-0.45746
-0.0017993
-0.0064528
-0.0031975
0.0044815
0.71884
-0.0011504
-1.0634
0.0022331
0.38963
0.63073
0.01217
-0.0051888
0.0011091
0.0014089
0.0029877
1.0681
-0.0021492
-0.0028654
-0.020292
0.0028994
0.00093766
-0.0025895
-0.014469
-0.015733
-1.1261
0.012337
0.009803
0.00072441
0.0092986
-0.70878
0.00065517
0.53206
-1.1733
-0.82905
0.00067935
-0.0010587
-0.0015655
0.77539
1.2735
-0.00030441
-0.22905
0.00080542
0.30978
-0.0058414
0.050109
0.0054639
0.003766
0.021157
0.45627
0.99565
0.00058307
1.0822
0.0032649
0.00023199
-0.0016769
0.0026253
0.00019529
-0.76702
-0.001145
-0.0028514
-0.0031357
-0.0024629
0.0013378
0.0044679
0.0021381
-0.014495
-0.0005199
0.0018774
-0.91252
-0.0034306
-0.032496
0.0109
-0.0014478
-0.7668
-0.33971
-1.2783
-0.49583
-0.00012908
0.012439
-0.55826
0.60928
0.0034862
-6.9658e-05
0.00061738
-0.0011843
0.02782
0.0014592
-0.002407
-0.0028113
-0.0042497
0.79101
-0.2771
1.0394
-9.6076e-05
-0.00096579
0.0022353
0.0031132
-0.97153
0.0096099
-0.9489
-0.0040184
0.00021448
-0.0027973
-0.0010841
-0.0030015
-0.077969
0.019225
-0.0029033
0.97449
-0.21253
-0.00040232
-0.002542
-0.0077159
-6.8597e-05
0.86228
-0.016489
-0.57291
0.0013115
0.9389
-0.52423
0.0037197
-0.0050778
0.00069066
0.0041282
0.0011824
0.47472
-0.00053463
-0.00047576
-0.0032846
-0.0015437
-0.0023284
-0.002475
-0.012786
-0.0085901
-1.4144
0.017285
0.010641
0.00052163
-0.024046
-0.95641
-0.0029517
0.086888
-0.98001
-1.1125
0.00027022
-0.00011697
0.00067354
0.99278
0.55266
-0.0020887
-0.78248
0.0022382
-0.59804
-0.003501
0.086499
0.0028408
0.0027549
-0.004158
-0.34174
1.19
-0.00035945
1.4099
0.0007246
0.00055994
-0.0012172
0.0016822
0.00051334
-0.40217
-0.0018644
-0.0038025
-0.045773
-0.02731
0.001318
0.0052228
0.00517
-0.014318
1.7676e-05
0.0022403
-0.30546
-0.0024382
0.089822
0.0066154
-0.0016395
-0.96702
-1.1137
-0.63076
0.54567
0.0037098
0.0022283
-0.56842
-0.032557
0.0051313
-0.0015595
0.0020196
0.00053507
0.04172
0.0038752
0.00011237
-0.003825
-0.0055096
1.3264
0.18534
0.23357
0.0012162
0.0026884
0.0019554
0.00041334
0.089174
-0.027855
-1.1719
-0.0011488
-0.0063797
-0.004351
0.0070358
-0.0057932
0.55141
-0.0099849
0.00028959
0.80178
0.2928
0.0073423
-0.0019066
-0.010735
-0.00019612
0.97023
-0.0076006
0.72089
-0.00083578
1.1559
-1.1039
-0.010322
-0.0054631
-0.0026141
0.0083952
-0.0014218
-0.057038
-0.0036896
-0.0080503
0.016126
-0.001514
-0.0023006
-0.00054156
-0.0048801
0.0015959
-1.297
0.0069751
-0.00031012
0.00030179
-0.043716
-0.20781
-0.004617
-0.15615
-0.68768
0.51385
-0.0030575
0.0049994
-8.8647e-05
-0.2847
-0.21454
-0.0059708
-0.76238
-0.00010663
-1.2503
-0.0032131
-0.14128
0.0055442
-0.0014054
-0.037192
-0.74684
0.06335
0.003932
1.6134
-0.0042001
0.0040497
0.00041761
0.0020879
-0.0025263
-0.28333
-0.00090356
-0.0061474
-0.061523
-0.035311
0.0018696
-0.0032203
0.0031165
-0.0032415
-0.0027851
0.0019223
0.25082
-0.0055883
0.14713
-0.00033088
-0.0036597
-0.439
-0.59108
0.68184
0.74172
0.001798
-0.011796
-0.27185
-0.77877
0.0072683
-0.0010446
-0.0016218
-0.0031058
0.046014
0.0050326
0.0018119
0.00019495
-0.00493
0.80103
0.58776
-0.89951
-0.00081983
0.0051752
-0.0020214
-0.0086466
1.1245
-0.048408
-1.1779
-0.0009706
-0.0074238
-0.0092477
0.011296
-0.0061966
0.81471
-0.043594
0.0017052
-0.073849
0.73396
0.007672
-0.0042531
-0.0084922
-0.0014257
0.97548
0.0078855
1.1949
-0.00013478
0.87712
-0.7789
-0.015341
-0.0049595
-0.0070156
0.0078108
-0.0023814
-0.34368
-0.0039726
-0.0099445
0.020151
-0.0011149
-0.00073493
-0.0010189
-0.0023602
0.006607
-0.89295
-0.0016236
-0.0072828
0.0028591
-0.035724
0.65166
-0.0047464
-0.25263
-0.34414
1.7041
-0.00050257
0.0022796
-0.00088398
-1.3539
-0.4975
-0.0017738
-0.39642
-0.0042027
-1.1001
-0.0057426
-0.32191
0.0048536
-0.0029999
-0.044852
-0.59592
-0.6617
0.0012074
1.2973
-0.0084895
0.0014943
0.0007656
0.0015996
-0.0022292
-0.26886
-0.0029478
-0.0015899
-0.040231
-0.024095
-9.6417e-05
-0.01061
0.0025818
0.0034354
-0.0038156
0.00017364
0.38142
-0.0012719
0.1141
-0.0027342
-0.0015951
-0.044393
0.33484
1.0952
0.14361
0.00072186
-0.016149
-0.083616
-0.97117
0.0089142
0.0007861
-0.0011195
-0.0048526
0.033434
0.0044049
0.00043924
0.0054238
-0.0047435
0.036023
0.53604
-1.1002
-0.00029674
0.0032401
-0.0042068
-0.011359
1.0102
-0.036409
-0.84434
-0.00309
-0.0035061
-0.0066103
0.0098672
-0.007917
0.57286
-0.045055
-0.0014842
-0.41718
0.67936
0.0057171
-0.0020645
-0.0035892
-0.0017248
0.64642
0.011904
0.53778
0.0029327
0.58402
0.63845
-0.0023768
0.005295
-0.0021543
0.0022678
6.0486e-05
0.28148
-0.0052773
-0.005312
-0.017536
0.0059211
0.003812
0.0059647
0.012237
-0.00028098
-0.88478
-0.011435
-0.0087178
-0.00060881
0.021537
0.39387
0.0012397
-0.69726
0.24511
0.24339
-0.0028398
1.1427e-05
3.6075e-05
0.20672
1.0837
0.0013387
1.5595
0.0016899
0.15969
-0.0048799
-0.81349
0.0045544
-0.0016321
0.00041037
0.68742
-1.0048
0.011868
0.043547
0.00098966
0.0019785
-0.0016823
0.0011396
-0.0064683
-0.47445
-0.0058454
-0.0011528
0.041021
0.027961
-0.0036575
0.00030532
-0.0026287
0.0093705
-0.0065523
0.0039858
-0.57013
-0.013229
-0.12969
0.0020749
0.0030837
1.7561
0.77683
-0.45544
-0.53476
-0.0048293
0.017955
0.076261
0.24828
0.0076951
-0.001057
-0.0048795
-0.0038496
7.4898e-05
-0.0003016
-0.0049227
0.0015948
-0.0057848
-1.4131
-0.40539
-0.84172
0.00067885
-0.00031738
0.0010353
-0.0023948
0.12454
0.030687
0.22671
-0.0028553
0.007047
-0.003632
-0.0042862
0.00043575
-0.69741
0.0084755
-0.0044448
-1.3333
-0.27629
0.0094455
-0.0052962
0.0028999
0.0014788
0.34153
0.0085966
-0.88411
0.0047308
1.0969
0.76203
-1.3868e-05
0.0033639
0.00070925
0.00060393
0.0011286
0.61788
-0.0045466
-0.0047004
-0.025898
0.0040984
0.0030041
0.0039426
0.0052827
-0.013497
-1.2519
-0.013448
-0.0053252
-0.0014898
0.034381
0.15597
0.0040076
-0.94639
0.36527
-0.11984
-0.0028846
0.00056814
-0.0007955
0.53388
1.2644
4.0309e-05
1.8259
0.001739
0.72126
-0.0059549
-0.82136
0.0082292
-0.00035225
0.0043662
0.94064
0.12565
0.011262
0.044144
0.0013985
-0.00068607
-0.00078752
-0.0023853
-0.0026827
-0.3899
-0.0044878
-0.0046131
0.040415
0.030141
-0.00022972
0.0015849
-0.0020369
-0.0042348
-0.0029867
0.0017789
-0.81016
-0.011555
-0.12848
0.010036
0.0019225
0.96149
0.1782
-1.0404
-1.006
-0.0047784
0.026339
-0.36346
0.25901
0.0057435
0.00051596
-0.0037801
-0.0046823
0.0066524
-0.0019823
-0.0042039
0.00096499
9.8567e-05
-1.5197
-0.52361
0.11862
-0.0014656
-0.002213
-0.0016392
0.0034915
-0.60089
0.03907
0.20098
-0.0010428
0.012576
-0.0021717
-0.0034368
0.0040212
-0.70826
0.016417
-0.0033542
-0.45331
-0.4645
0.0017581
-0.003639
0.0016925
-0.00026451
0.63763
-0.010801
-0.83177
-0.0011339
1.0733
-0.12223
0.0003968
0.0016073
0.0044046
-0.0011495
0.0011078
0.71791
0.0011105
0.0028105
-0.017874
0.00099648
-0.00032943
-0.00052703
-0.0038672
-0.015272
-1.1935
-0.0030374
0.0028899
-0.0012358
0.014186
-0.40044
0.0064122
-0.97844
0.45593
-1.023
0.00089536
0.00011068
0.0015498
0.93695
0.50994
0.00089891
1.054
-0.00177
1.1396
-0.0025531
-0.55397
0.0027903
0.0033391
0.0029125
0.44137
1.298
0.0042875
-0.068153
0.00081815
-0.0010919
-0.00024598
-0.0044795
-0.00024228
-0.013005
-0.0062275
-0.00065162
0.0083936
0.0073321
0.00085939
-0.00071319
-0.0019639
-0.010933
0.00041495
-0.0025091
-0.98979
-0.011478
-0.028231
0.010939
0.002401
-0.68846
-0.88668
-0.76368
-0.57547
-0.0021874
0.014129
-0.52465
-0.036128
0.00036729
-0.00012105
-0.0008839
-0.002533
0.017857
-0.0027618
0.00021122
0.002742
0.00067618
-0.5782
-0.30196
1.2495
-0.0017163
-0.00281
-0.00024189
0.0095471
-1.1632
0.016628
-0.14554
0.0015558
0.013122
-0.0001102
0.0017514
0.0056427
-0.00075445
0.011716
-0.0018545
0.88668
-0.57903
-0.0015267
0.0011303
-0.0019682
-0.0031117
1.0062
-0.023058
0.29527
-0.0035466
0.70896
-1.0207
-0.011644
-0.00124
0.002457
0.0016818
0.001318
0.57864
0.0029675
0.0050676
0.0030276
-0.0018628
-0.005214
-0.001072
-0.0048007
-0.00030676
-0.68787
0.0036431
-0.0030566
-0.0017562
-0.022785
-0.85109
0.0027562
-0.81429
0.63807
-1.0086
0.0020883
-0.00018903
0.0015938
0.71658
-0.39741
0.0032609
-0.18698
-0.00081787
0.92032
0.0010544
-0.56436
0.0036694
0.0047343
-0.016395
-0.48347
0.80836
0.0059239
-0.193
-0.0021689
-0.00068839
0.0025854
-0.0056484
0.0014067
0.20367
-0.004891
0.0012377
-0.031062
-0.01806
0.001909
0.0010242
-0.00558
-0.0028944
-0.0030629
-0.0023883
-1.0736
-0.011018
0.087662
-0.0014824
0.0014918
-1.0582
-1.0115
0.47455
0.65672
-0.00015253
-0.0083979
-0.44486
-0.67376
-0.00065123
0.00022612
0.0016715
-0.0030758
0.028199
-0.001967
0.0003356
0.0013585
-0.0031054
0.64971
0.24338
1.0367
-0.00089966
-0.0050833
0.00045043
0.006038
-0.54447
-0.022086
-0.67163
0.0012666
0.0093215
0.00060272
0.0087967
0.003204
0.9678
-0.006341
0.0011706
0.98776
-0.52756
0.0057169
0.0021005
-0.0073181
-0.0035433
1.4619
-0.0076316
1.2336
-0.0037011
0.38056
-1.0169
-0.023932
-0.001242
-0.00080872
0.0031552
-0.0016664
0.3227
-0.00062991
-0.0030573
0.021333
-0.0021314
-0.0049486
-0.000361
-0.0024288
0.013127
-0.074226
-0.0021815
-0.016352
0.00073828
-0.049482
-0.72207
0.001554
-0.58513
0.8746
0.84109
0.00082943
0.0027768
-0.0026491
-0.65806
-0.77889
-0.0010318
-0.89251
-0.0023658
0.17813
-0.0013146
-0.87171
0.0035617
0.0027119
-0.042898
-0.92132
-0.46022
0.0086157
-0.14437
-0.0074329
0.0021386
0.0027263
-0.003516
-0.0025254
0.17788
-0.0064209
-0.0044425
-0.047037
-0.02905
-0.00081093
-0.004502
-0.0052793
0.0086755
-0.0096073
-0.0016433
-0.89499
-0.0076211
0.13792
-0.01584
-0.00044639
-0.53696
0.1183
1.4105
1.0157
-0.0007878
-0.028681
-0.49566
-1.28
0.002047
0.00229
-0.0015942
-0.0045394
0.030079
0.00060947
0.0013133
0.0028457
-0.0035047
1.1028
0.69027
-0.094897
-0.0028478
-0.0039904
0.00036418
-0.0055352
0.69257
-0.045888
-1.0352
0.0010169
0.0078348
-0.0020861
0.012425
0.0026989
1.3443
-0.026877
0.00017792
0.30299
-0.28585
0.006514
0.001377
-0.0078135
-0.0017293
1.6612
0.0091934
0.73337
-0.0021109
0.14031
-0.43332
-0.024112
0.0013644
-0.002552
0.0020464
-0.0014394
0.056486
-0.0068676
-0.0082677
0.022753
0.0005409
-0.0069249
0.0012387
-0.0022535
0.015618
0.21514
-0.0071085
-0.017524
0.0013892
-0.048082
-0.096975
0.0038075
-0.42797
0.84462
1.8863
0.001138
0.0023765
-0.0061035
-1.5046
-0.65354
-0.0019588
-0.74228
-0.0043881
-0.26554
-0.0068005
-0.91798
0.0012886
-0.0031308
-0.049106
-0.71815
-0.84076
0.0030882
-0.049637
-0.0058455
0.0029131
-0.00022302
-0.0030676
-0.002688
0.048103
-0.011277
-0.0029581
-0.035699
-0.026881
-0.0005716
-0.0056656
-0.0052579
0.012047
-0.013065
-0.0041433
-0.53414
0.003172
0.10014
-0.017066
0.0012597
-0.058982
0.9928
1.2295
0.44708
-0.0027486
-0.032991
-0.45799
-1.2415
0.0040562
0.0042653
-0.0034527
-0.0053631
0.019428
-0.0011791
-0.0019365
0.0039801
-0.0041491
0.7226
0.62605
-0.73178
-0.0033048
-0.0028118
-0.0045117
-0.0085694
1.0574
-0.03849
-0.93375
-0.0002021
0.0044624
-0.0048197
0.0092995
0.00063021
0.96989
-0.028557
-0.00088347
-0.1568
-0.058552
0.0025932
0.0013264
-0.0041403
0.00076853
1.2261
0.0081235
-0.23012
0.0048993
1.1508
0.50772
-0.0084392
0.0063834
-0.0029804
0.0010323
-0.004862
-0.0595
-0.0018047
-0.00056269
-0.0078996
0.00030661
0.0051511
0.0049327
0.0098806
-0.0034388
-0.62308
-0.011193
-0.0084862
-0.0030036
0.012755
0.24955
0.00052724
-1.0835
1.1228
0.13979
0.00020843
0.0012664
0.0029837
0.37719
0.64532
0.00029984
1.1704
0.0023289
-0.42421
-0.0024571
-0.82792
0.001523
-3.0114e-05
0.0011025
0.6152
-0.48955
0.0059909
-0.31417
0.0040664
-0.001145
-0.0031322
-0.0039989
-0.0044358
-0.17127
-0.0033515
0.00081154
0.030958
0.026012
-0.0026567
0.0055842
-0.0022252
0.002751
-0.0058163
0.0024582
0.08349
-0.012955
-0.099573
-0.00018498
0.0024179
1.3924
0.26554
-0.50371
-0.50471
-0.001908
0.0097359
-0.2204
-0.14622
0.0061087
-0.0014768
-0.0042733
-0.001242
-0.009864
-0.0011762
-0.0015299
0.0009409
0.0011108
-1.0925
-0.31425
-0.78731
-0.00095881
-0.0010752
-0.001881
-0.0067932
0.13231
0.026627
0.5108
-0.0041631
0.0069842
-0.00024377
-0.0054316
-0.0015951
-0.57937
0.0097308
-0.001818
-1.1094
-0.23641
0.0057136
-0.0048119
0.0022049
0.00099209
-0.28238
0.0051001
-0.70983
0.0023462
1.3269
0.32296
-0.012053
0.0083441
-0.0014603
-0.0011762
-0.0049752
0.16108
-0.0013949
-0.0016021
-0.012068
0.00052493
0.0027726
0.0032795
0.004732
-0.009719
-0.65201
-0.020924
-0.010631
-0.0031439
0.019447
0.094942
0.0047544
-1.2502
1.5672
-0.27789
-0.0023096
0.00026343
0.0020139
0.67363
0.39952
-0.00051107
1.7118
0.002239
-0.0063078
-0.0026502
-0.94464
0.0035391
-0.00022118
-0.0010941
0.76649
0.49616
0.0074738
-0.52383
0.0025124
-0.0021481
0.00060294
-0.0038316
-0.0008061
-0.17133
-0.0036056
-3.9892e-05
0.032481
0.026744
-0.0027418
0.0032506
-0.0017398
-0.0045203
-0.0010047
-0.00032022
0.14166
-0.016194
-0.099489
0.0056646
0.003987
0.77563
-0.3017
-0.59413
-0.91055
-0.0031075
0.011535
-0.44596
-0.35168
0.0039516
0.0002069
-0.0044221
-0.0010785
-0.012716
-0.0017068
-6.4599e-05
-0.00033945
0.0043941
-1.5327
-0.41884
-0.1229
-0.0029335
-0.0021257
-0.0026136
-0.0020648
-0.39989
0.031883
0.6872
-0.0017967
0.01335
0.0039024
-0.0027576
0.0032574
-0.55061
0.014152
0.00094964
-0.48401
-0.44496
0.002099
-0.00061533
0.002219
-0.00017353
-0.36119
-0.0074295
-0.32142
-0.0023475
0.74082
-0.45457
-0.015151
0.0047128
0.00063976
-0.0018327
-0.0023006
0.38882
0.0015372
0.0021758
-0.0076353
-0.0030915
-0.0026927
0.00012816
0.0011993
-0.0075789
-0.20036
-0.021787
-0.012627
-0.0055082
0.0075793
-0.26019
0.0033844
-1.0319
1.6524
-0.96802
-0.00062267
-0.0012486
0.001642
0.71952
-0.30708
0.0018714
1.4631
-0.0025289
0.78331
0.0026862
-0.83479
-0.00032228
-2.6107e-05
-0.0083117
0.27263
1.0154
0.0063103
-0.72556
-0.0016747
-0.0028047
0.0016095
-0.0071465
0.00076979
-0.11468
-0.0061241
0.002632
0.013446
0.0081581
-0.0020429
0.0002572
-0.004215
-0.0057855
0.0021936
-0.0051377
-0.042087
-0.013951
-0.025724
0.0028719
0.0013403
-0.50772
-0.8903
0.10155
-0.52413
-0.0018319
-0.00073496
-0.37702
-0.64319
-0.00063336
-0.0013664
-0.0007164
-0.0010674
-0.0068748
-0.0041735
0.0014787
0.0023935
0.0036977
-1.3117
-0.22706
0.94484
-0.0035507
-0.0033717
0.00018596
0.0031752
-0.93327
0.014796
0.50902
0.00066399
0.017318
0.0047881
0.0022922
0.0068072
0.11574
0.0075567
0.0041434
0.604
-0.67131
-0.00072115
0.003893
0.0014903
-0.0025387
-0.19427
-0.015073
0.6937
-0.0071245
0.012142
-0.89635
-0.024365
0.00084211
0.0010292
-0.0050693
-0.0033822
0.46245
0.0052119
0.0058573
0.0038734
-0.0039428
-0.0050268
-0.00085625
-0.00090613
0.006372
0.52438
-0.012881
-0.014824
-0.004024
-0.019106
-0.62539
0.0041859
-0.6624
1.6025
-0.71511
0.0012944
-0.0022751
0.0013625
0.22586
-0.75573
0.0045458
0.53182
-0.0029319
1.2033
0.004708
-0.84756
-0.0030771
0.0030935
-0.022171
-0.50476
0.28448
0.0055933
-0.95193
-0.0041161
-0.0012569
0.0013356
-0.0073801
0.0018377
-0.086259
-0.0058523
0.0017599
-0.0081098
-0.0086227
-0.00058007
-0.0025668
-0.0072025
0.0026874
0.00037422
-0.003495
-0.44521
-0.010306
0.055453
-0.0049558
0.0026304
-0.86516
-0.57378
1.0799
0.51807
0.0017596
-0.019946
-0.33372
-0.99929
-0.0028493
-0.00034304
0.0030638
-0.0021988
-0.0031421
-0.0041674
0.0013086
0.0033713
-0.0025459
-0.40399
0.21742
1.1373
-0.0016451
-0.0058051
-0.00075348
0.0047418
-0.74968
-0.01272
0.095481
-0.0010875
0.016105
0.0037587
0.0088681
0.0041202
0.96719
-0.00062715
0.0042864
0.8818
-0.83695
0.0023851
0.0050827
-0.00086863
-0.0023133
0.21845
-0.0071988
1.0439
-0.005939
-0.34692
-0.62153
-0.02916
0.003579
8.3828e-05
-0.0031138
-0.0030013
0.38753
0.001775
0.00060166
0.016314
-0.00082114
-0.0055236
-0.00010995
-0.0032395
0.016584
1.0219
-0.0098549
-0.022028
-0.0025213
-0.037398
-0.73544
0.0057079
-0.33368
1.531
0.81954
-0.00012044
0.00092032
-0.0034637
-0.83522
-0.73233
0.0020678
-0.39329
-0.0014977
0.91495
-0.00020849
-1.0171
-0.0019301
4.0797e-05
-0.039215
-0.83843
-0.60379
0.0055799
-0.96699
-0.0044426
0.00089969
0.0026781
-0.0041672
-0.0033651
-0.076147
-0.0066212
-0.0028411
-0.020223
-0.01689
-0.0015077
-0.0023334
-0.010277
0.012853
-0.0073665
-0.00039401
-0.70464
-8.9083e-05
0.082919
-0.019396
0.0032907
-0.44586
0.4918
1.2797
0.88892
-0.00010318
-0.03609
-0.49564
-1.2338
-0.0015283
0.0041556
-0.0023702
-0.0042569
0.00041977
-0.0017864
0.00060973
0.0014601
-0.0047567
0.44284
0.55093
0.41261
-0.005541
-0.0065993
0.00038739
-0.0029925
0.024155
-0.032486
-0.27995
-0.00038024
0.011362
-0.00047934
0.0079726
0.0050031
1.2162
-0.0082661
0.00099733
0.42255
-0.78704
0.0027641
0.0029336
-0.002597
-0.0007154
0.50851
0.0036308
0.1858
0.00015325
-0.33593
-0.16405
-0.023518
0.0021805
0.0017627
-0.0042633
-0.0041768
0.23856
-0.0039072
-0.0039725
0.017352
0.0014967
-0.0062767
0.0034993
-0.0074141
0.01761
0.92044
-0.0092876
-0.016455
-0.0025744
-0.035783
-0.36851
0.0044343
-0.15244
1.189
1.5419
-0.0011666
-0.0022499
-0.0075126
-1.3137
-0.45283
-0.002662
-0.58025
-0.0034395
0.38191
-0.0060851
-0.9254
-0.003981
-0.0046561
-0.039821
-0.61309
-0.64226
0.00062191
-0.67554
-0.0028657
-5.4392e-05
0.0015428
-0.0034081
-0.0041383
-0.076501
-0.0095267
-0.0014551
-0.014363
-0.017113
-0.0037161
-0.0013157
-0.0066065
0.011065
-0.010758
-0.0031863
-0.62019
0.008299
0.055138
-0.018504
0.0017125
0.00059124
0.96718
0.77573
0.46466
-0.0038651
-0.036579
-0.46632
-1.0038
0.0011153
0.0053607
-0.0030589
-0.0041057
-0.0037848
-0.0007521
-0.0019195
1.8113e-05
-0.00072679
0.58835
0.48005
-0.23769
-0.0053378
-0.0055707
-0.0030339
-0.0050064
0.48415
-0.027251
-0.36992
0.00087493
0.0041487
-0.0027037
0.0045971
0.0035272
0.81869
-0.0087921
-0.00094301
0.020193
-0.47051
-0.00015796
-0.00069573
0.0011644
0.00088057
0.40505
0.0032729
-0.51604
-0.0015836
-0.00013776
-0.0038988
-0.0043578
0.00069699
0.0021495
-0.0037889
-2.2732e-05
-0.0011758
-0.0011506
0.0027923
0.0034977
-0.0022329
-0.0010376
0.00021231
0.00222
0.0032297
0.0026107
0.0015522
0.0017678
0.000497
0.0014247
-0.0004445
-0.0026757
0.0052007
0.0033654
-0.0020255
-0.0019727
-0.0034786
-0.0030702
0.0071655
0.0021159
-0.0039896
-0.0043224
-0.00038268
0.00021444
-0.24476
-0.42648
-0.69909
-0.90929
-0.84701
-0.56824
-0.79406
-1.0572
-1.0758
-0.84928
-0.33772
0.050213
-1.1783
-1.2143
-0.66346
0.1418
0.76767
0.87109
-0.6586
-0.29649
0.4321
0.95772
1.1174
0.84373
0.58131
1.0809
1.0928
0.71509
0.36992
0.093089
1.1297
1.3094
0.76359
0.06467
-0.28826
-0.34214
-0.69657
-0.18051
0.81892
1.1212
0.42883
-0.37493
-0.64005
0.26604
1.3212
1.1122
-0.10313
-0.8775
-0.12687
0.81457
1.2372
0.3826
-0.82048
-1.0536
0.4221
1.0024
0.64375
-0.48254
-1.0969
-0.78359
0.63129
0.73742
-0.10938
-1.0033
-1.0134
-0.42694
0.49076
0.30895
-0.43175
-0.90374
-0.64553
-0.16853
0.022805
0.014674
-1.3047e-05
0.0053585
0.012433
0.0066072
0.025569
0.018666
0.0018132
-0.00029535
0.0050504
0.0023437
0.016791
0.013799
0.0043179
-0.0012733
-0.0029896
-0.0052222
0.0035306
0.010686
0.011145
0.0038574
-0.0072523
-0.0091093
-0.0035492
0.0012978
0.00031297
-0.0080343
-0.020803
-0.020207
-0.0088625
-0.010198
-0.016224
-0.018918
-0.024164
-0.019999
0.0016543
0.0010029
0.0015181
-0.001167
0.00047121
0.0055254
-0.0016521
-0.0023532
-0.00030915
-0.0013963
-0.0037707
-0.0011855
-0.0064806
-0.0063746
-0.0020732
-0.0034982
-0.005383
-0.0045934
-0.0018244
-0.0030728
-0.003844
-0.0029177
-0.0032193
-0.0017164
0.0077547
0.0047872
0.0032651
-0.0011107
-0.00017731
0.0020221
0.0072439
0.0078974
0.0054963
0.0035001
0.0011127
0.0047553
-0.002791
0.0004565
0.0032757
0.00073268
-0.0038123
-0.0039271
-0.0003713
0.001617
-0.00010701
-0.00059281
-0.00091245
-0.0037987
0.0020626
0.00029148
-0.0010604
0.0013092
-0.00082777
-0.0037909
-0.0013025
-0.00044863
0.0011983
0.0030815
-0.00054219
-0.0033634
-0.0017592
-0.00095815
0.002825
0.004318
0.00042288
-0.0011576
-0.0028645
-0.00017557
0.0023882
0.0021412
0.0012685
0.0024461
-0.001953
0.0012612
0.00070813
-0.0031451
-0.0065431
-0.0062367
-0.0039664
-0.0028718
-0.0024548
-0.0037899
-0.0060499
-0.0072227
-0.001869
-0.0019041
-0.0022
0.0018283
0.0041667
0.0030989
0.0045591
0.0043708
0.004367
0.0057975
0.0089387
0.0078294
0.0016753
0.0024598
0.00054452
0.00095501
0.0014854
0.0020743
-0.0016518
-0.0023717
-0.0034402
-0.0035234
-0.0018411
0.00013896
-0.0011449
-0.00056898
-0.00015303
-0.0013089
-0.00053381
0.0053754
-0.0037627
-0.0025811
-0.0013136
-0.0029276
-0.001521
0.004178
0.00045491
-5.0248e-05
0.0021592
0.00038968
-0.00093472
-0.00028467
0.0026101
0.0049933
0.0048953
0.0016655
-0.00017691
-0.0008822
7.2302e-05
0.0015211
0.0036248
0.0025766
0.00030025
-0.0010551
-0.003757
-0.0063643
-0.0030706
0.00062467
-0.00058353
0.0013678
-0.65475
-1.251
-1.471
-1.2367
-0.89124
-0.53959
0.29934
-0.25133
-0.89362
-1.1183
-1.0075
-0.67792
1.2753
1.2774
0.61258
-0.13406
-0.55483
-0.5874
1.046
1.3657
1.0918
0.50145
-0.032665
-0.33024
0.29319
0.61619
0.73995
0.60183
0.34706
0.070437
-0.042707
0.15108
0.37176
0.45445
0.37931
0.22731
0.002684
0.0065968
0.007309
0.0041418
-0.00022895
-0.0020644
-0.0013004
0.0049994
0.0061745
0.0035256
-3.4352e-05
-0.0035638
-0.0037978
-0.0025557
0.0028112
0.00059364
-0.0031731
-0.0061894
-0.0078005
-0.0039329
-0.00015198
-8.6667e-05
-0.0026022
-0.0070139
-0.0030719
-0.0035256
-0.0003745
0.0046834
0.0013458
-0.0037326
-0.00099766
-0.0028924
0.0032313
0.0066308
0.0046984
-0.0020264
0.00407
0.0066179
0.0097475
0.0098702
0.0013717
-0.0039361
0.0026967
0.0052653
0.0080717
0.007824
0.0013172
-0.00457
-0.003742
-0.0044006
-0.00031617
-0.0016531
-0.0051564
-0.0084925
-0.006816
-0.0070752
-0.0010792
-0.0011511
-0.0064535
-0.010321
-0.0039892
-0.0030714
0.0036365
0.0058249
-0.0019832
-0.0069344
-0.0027017
-0.00046505
0.0051367
0.0088884
0.0030262
-0.0034081
0.0031534
-0.0040633
-0.0087471
-0.0053371
0.0057563
0.01395
-0.000716
-0.011031
-0.012905
-0.003487
0.010711
0.019686
-0.0088044
-0.015563
-0.014084
-0.00077067
0.015257
0.023028
-0.016019
-0.022
-0.016579
-0.00067009
0.018646
0.024666
-0.018303
-0.02264
-0.014247
0.0031001
0.020951
0.026037
-0.0091849
-0.012091
-0.0060555
0.0040497
0.016869
0.018492
8.106e-05
-0.0005474
-0.00357
-0.0068936
-0.0023106
0.00074006
-0.0012503
0.0024102
-0.0011189
-0.0038473
-0.00026852
0.00057222
-0.001329
0.00087197
-0.0011782
-0.00092097
0.00091805
-0.00014737
0.0031804
0.0032036
0.00069269
-0.00091902
0.00019523
-0.0010021
0.0052925
0.005641
0.0018822
-0.0011072
-0.0004111
0.00050385
0.0027051
3.5351e-05
-0.0036462
-0.0021161
-0.0011454
0.0044233
0.0065512
0.0030669
-0.00014817
0.00045618
-0.0016997
-0.0029745
0.004977
0.0037947
-0.0011753
-0.0034243
-0.0015209
-0.0017168
0.00016498
0.0020172
-0.00032466
-0.0028241
0.00037297
7.6067e-05
-0.0012164
0.002103
0.00021263
-0.0019944
-0.001316
-0.0019326
0.0044024
0.0071339
-0.0014399
-0.003873
-0.0043809
-0.0043773
0.0059238
0.0058582
-0.0031715
-0.0065268
-0.002978
-0.0016312
-0.00075439
-0.0029946
-0.0050044
-0.0043234
0.00029552
0.00077707
-0.0036396
-0.002783
-0.0035506
-0.0040394
-0.00047865
0.00069408
-0.0033462
-0.0016759
-0.0026905
-0.0015076
0.00073032
0.00043424
0.0014133
0.0012919
-0.0012214
-0.0011676
-0.0005741
0.00012239
0.0057219
0.004009
0.00044038
-0.00070008
0.0032895
0.0043971
0.0032016
0.0042735
0.0026824
-0.00076528
0.00099731
0.0036474
0.0065763
0.0057846
0.0031896
-0.0019073
-0.0024867
-0.0034934
0.0097647
0.0059636
-0.0033897
-0.0053335
-0.0031671
-0.0018348
0.011002
0.0037032
-0.011854
-0.010964
-0.0031901
0.00037914
0.011373
0.0017413
-0.011169
-0.0114
-0.00074578
0.0023047
0.0093431
0.0031547
-0.0053799
-0.003934
0.00058436
-0.0023586
0.0080745
0.0054699
0.0012015
-0.0019885
-0.0041216
-0.0037197
0.0088105
0.0050396
-0.00048301
-0.002378
0.003157
0.0054335
0.0089844
0.0031829
-0.0038031
-0.0076266
-0.0025337
0.0031875
0.0028164
-0.004608
-0.010171
-0.010009
-0.0054537
0.0026829
-0.0013182
-0.011141
-0.010844
-0.0054849
0.0033191
0.0078774
-0.0027435
-0.011889
-0.012293
-0.00011179
0.013266
0.016681
-0.00088161
-0.0098216
-0.007141
0.0032619
0.015124
0.016251
-0.15506
-0.013995
0.45808
0.93622
0.9857
0.629
0.63357
0.90211
1.0386
1.0131
0.70189
0.20813
0.93193
0.84916
0.30205
-0.31365
-0.71773
-0.77238
-0.0056534
-0.49868
-1.0685
-1.3178
-1.227
-0.84792
-0.83268
-1.2028
-1.1355
-0.67471
-0.10369
0.20533
-0.59941
-0.63027
-0.23028
0.43808
0.94576
0.89067
0.013807
0.0085818
0.0014818
0.0059933
0.0071542
0.0042194
0.0094722
0.0026925
-0.0010824
0.0011701
0.0019526
0.00039205
0.0021712
-0.0021954
0.00162
0.0081482
0.0043766
-0.0018342
-0.0031236
-0.00037133
0.0090817
0.014508
0.0099212
-0.00024949
-0.0059586
-0.0082408
-0.00098619
0.0031186
0.00070622
-0.0042951
-0.012072
-0.01969
-0.017405
-0.010112
-0.0071012
-0.0072438
0.0098301
0.0081996
0.0098107
0.016015
0.017082
0.0089712
0.0074415
0.0004787
-0.00057039
0.0067108
0.010598
0.0055657
-0.0017514
-0.0056412
-0.0053824
0.0028134
0.0057753
0.0015016
-0.0046298
-0.0032849
0.0063092
0.0092665
0.0011175
-0.0052281
-0.0040803
-0.0018077
0.0037832
-0.00097563
-0.011407
-0.015961
-0.0066525
-0.0085089
-0.0098931
-0.01382
-0.017965
-0.01494
0.0009474
0.0014653
0.0017697
0.00060512
0.00026585
-0.0038582
0.0014093
-0.0013451
-0.0016092
0.00032261
-0.00066913
-0.00045789
0.00068839
0.00052781
-0.00020277
-0.00064251
0.00079423
0.0008975
0.0013402
0.0026766
0.0023433
0.0019287
0.0031064
0.0038486
-0.00017789
-0.0013824
-0.0018777
-4.4674e-06
-0.0014526
0.0017087
0.00020628
-0.0034075
-0.0036888
-0.0012955
-0.0020591
-0.0018493
0.02396
0.025899
0.0096667
-0.0039445
-0.01096
-0.013991
0.03913
0.042109
0.013713
-0.011595
-0.016516
-0.011821
0.032251
0.035185
0.009937
-0.021195
-0.025775
-0.019869
0.021878
0.03302
0.012005
-0.022146
-0.038165
-0.032664
0.0194
0.031396
0.016529
-0.019735
-0.042119
-0.037521
0.011904
0.020382
0.0083546
-0.014115
-0.029993
-0.028283
-0.26262
-0.65295
-0.56358
0.39962
1.4494
1.397
-0.059829
-0.63786
-0.99535
-0.11531
1.4491
1.7541
0.22135
-0.3326
-1.0618
-0.7499
0.72892
1.4258
0.37505
-0.0077484
-0.72149
-0.94644
-0.1338
0.68647
0.37982
0.15557
-0.41413
-0.85902
-0.71246
-0.065283
0.20302
0.10181
-0.25069
-0.61451
-0.70587
-0.36714
-0.0010183
-0.0036418
-0.0067059
-0.0054173
-0.00048972
0.0015556
-0.0048346
-0.0040001
-0.0040583
-0.0035436
-0.00074878
-0.00081172
-0.0050355
-0.0022032
-0.0019606
-0.0018534
-0.0047985
-0.0053947
-0.00096939
0.0025429
0.0018149
0.00018855
-0.0030851
-0.0020548
0.0031216
0.00528
0.0042824
0.0024288
0.0049883
0.0063024
0.004462
0.0064801
0.0045991
0.0035595
0.0046109
0.0083713
-0.821
-1.0262
-0.83886
-0.32879
0.12458
0.24282
0.051036
0.13429
0.28707
0.61206
0.86091
0.66537
1.2722
1.5684
1.3769
1.0725
0.7927
0.45271
0.81638
0.85143
0.50345
0.094027
-0.15485
-0.24452
-0.69575
-0.92944
-0.97381
-0.8079
-0.58274
-0.42387
-1.0744
-1.1954
-0.98047
-0.64235
-0.33453
-0.18011
-0.06839
-0.080885
-0.028179
-0.1026
-0.26798
-0.29274
-0.27951
-0.28732
-0.12849
-0.18834
-0.47224
-0.55808
-0.71879
-0.9306
-0.87462
-0.8562
-0.91075
-0.76714
-0.82068
-1.1272
-1.1095
-0.95639
-0.65807
-0.31494
0.25505
0.40021
0.54368
0.69364
0.88121
0.87238
1.1468
1.5434
1.6263
1.5776
1.4897
1.1885
-0.1504
-0.24601
-0.54301
-0.76407
-0.029554
0.83453
-0.22463
-0.26762
-0.68272
-0.98504
0.076713
1.1812
-0.1171
-0.13548
-0.71319
-1.0394
0.29904
1.4086
0.11778
-0.038005
-0.85809
-1.061
0.61071
1.647
0.20774
-0.12183
-1.0604
-0.98108
0.86121
1.7981
0.1098
-0.26674
-0.97093
-0.68358
0.85752
1.4941
-0.0004412
0.00038311
0.0017486
0.0014639
-0.0024257
-0.0032653
0.00025554
0.0017173
0.001587
0.0013469
-0.0023275
0.00025703
-0.00028089
-0.00089149
0.00063267
-0.00078354
-0.0032857
-0.00068488
-0.0025377
-0.0010791
0.0013047
-0.00072399
-0.00098556
0.00081577
-0.0035738
-0.0035153
0.0010907
0.003613
0.0019069
0.0010608
0.0012546
-0.0018849
0.0011368
0.002449
0.00091743
-0.0018693
-0.0011983
-0.0040324
-0.0037077
-0.0013688
0.00086178
-0.00036579
-0.0020373
-0.0058521
-0.0040207
-0.0014308
0.0010638
-9.3335e-05
-0.0025352
-0.0010709
-0.0025094
0.0021116
0.0036864
0.0039188
-0.001709
0.0015164
-0.00087019
0.00065719
0.005362
0.0042421
-0.00078512
0.0021034
-0.00048996
0.00082383
0.0023875
0.001706
-0.0011872
0.001126
-0.0009968
-0.00075438
0.0005764
-0.00045092
-0.0026271
0.0030493
0.0076409
0.0032883
-0.004041
-0.0051124
-0.0027828
0.0015798
0.0033345
0.0016422
-0.0024282
-0.00060114
-0.00097131
0.00051699
0.0011073
0.0010185
0.0018519
0.0027148
-0.0013078
-0.00020723
0.0013671
0.0025288
0.0029057
-0.0011332
-0.00074599
-0.0019873
0.00069699
0.0043459
-0.0030942
-0.0066519
0.0033409
-0.00024864
0.002769
0.0019182
-0.003327
-0.0082107
0.17963
0.47873
0.68056
0.30672
-0.65822
-1.131
0.12364
0.40965
0.84578
0.62182
-0.65595
-1.3637
-0.039745
0.1159
0.76151
0.894
-0.41019
-1.3047
-0.04
0.14181
0.79794
0.95255
-0.35667
-1.2989
0.24175
0.55655
0.94231
0.68291
-0.67829
-1.4421
0.35911
0.6611
0.70551
0.20581
-0.8432
-1.2731
-1.1239
-1.404
-1.0061
-0.1713
0.39911
0.38537
-1.4314
-1.3735
-0.4431
0.48108
0.7686
0.49329
-0.71307
-0.039323
0.83005
0.99299
0.53601
0.048457
0.51656
1.2395
1.2593
0.56802
-0.20928
-0.50601
1.0201
1.1954
0.5226
-0.35882
-0.76252
-0.6716
0.65288
0.42771
-0.24352
-0.73315
-0.73219
-0.47161
0.0030019
0.0050007
0.0031636
0.003991
-0.0010733
-0.0026511
0.00081105
-0.00062682
0.0012131
-0.0016024
-0.0044788
-0.0016741
-0.0017818
-0.0015851
-0.0016511
-0.0038418
-0.0063103
-0.0012061
-0.00065427
-0.00071589
0.00025149
-0.0025208
-0.0024903
-0.0018749
-0.00057201
0.00012098
0.002241
0.0061333
0.0027889
0.00094557
-0.00090834
-0.0016739
0.0043804
0.0073393
0.0033814
-0.0011436
-0.17045
-0.20457
-0.16088
-0.24866
-0.33486
-0.24674
-0.30258
-0.59224
-0.58894
-0.50233
-0.40495
-0.25241
0.033225
-0.46652
-0.80496
-0.73587
-0.47971
-0.19331
0.95591
0.68146
-0.15196
-0.76265
-0.78655
-0.4302
1.5471
1.7548
1.0743
-0.16264
-0.88674
-0.76029
1.1687
1.6464
1.4326
0.53399
-0.39262
-0.58516
0.001474
0.00062544
-0.0020618
-0.0040861
-0.0021122
-0.001984
-0.0012635
0.00072766
0.0017873
0.0010709
0.0016286
-0.0022614
-0.0045401
0.00051102
0.0036401
0.0048823
0.0026337
-0.0023584
-0.00081261
-0.00079758
0.0027049
0.0027451
-0.0011221
-0.0036105
0.0025188
0.0017103
-0.0012192
-0.0024401
-0.0027557
-0.0035981
0.0057973
0.0021254
-0.00069649
-0.0032679
-0.00060267
6.1665e-05
-0.5203
-0.63301
-0.3205
0.4121
1.1375
1.1776
-0.52193
-0.89614
-0.98454
-0.55834
0.21697
0.64117
0.14601
-0.2267
-0.86643
-1.2987
-1.1857
-0.63525
0.6366
0.74044
0.27764
-0.5625
-1.1569
-1.0452
0.19503
0.70254
1.0903
0.87164
0.17603
-0.24667
-0.37018
0.031663
0.78356
1.1746
0.88549
0.36721
0.0036444
0.0044897
0.0054781
0.0077668
0.0051699
-0.00067237
0.0031794
0.0036152
0.007076
0.0097271
0.005112
-0.0014248
-0.0028248
-0.0030958
-0.00065323
0.0017319
-1.5315e-05
-0.0039067
-0.0070458
-0.0082814
-0.0075073
-0.0016437
0.00024658
-0.0026508
-0.0066008
-0.0052109
-0.00078376
0.0021113
0.0018524
-0.0026348
-0.0055404
-0.00056973
0.0048717
0.0066237
0.0017616
-0.005386
0.47092
0.63453
0.62619
0.68365
0.79412
0.63418
0.60549
0.74012
0.67804
0.73526
0.92325
0.77411
0.20368
0.32986
0.38594
0.45955
0.53785
0.41411
-0.36248
-0.27311
-0.01321
0.04126
-0.1578
-0.29696
-0.77276
-0.80424
-0.57619
-0.58062
-0.86219
-0.88687
-0.76926
-0.89485
-0.7831
-0.80471
-0.96873
-0.87433
-0.0060191
-0.0051393
-0.0035898
-0.0044543
-0.0099481
-0.0086415
-0.0054581
-0.0052626
-0.0065503
-0.010494
-0.0077174
-0.0056994
0.0022011
0.0015967
-0.0014273
-0.0046393
0.00019156
0.0046041
0.0077654
0.012535
0.0081409
0.0041277
0.0063409
0.007863
0.0034326
0.0074604
0.0072049
0.0046211
0.0061832
0.0030795
-0.00015628
0.0015053
-0.00029263
0.00026143
-0.00109
-0.0015402
-0.0035713
-0.00052589
0.0016539
-0.001705
-0.0082719
-0.0074685
-0.002167
0.00048488
0.0021851
-0.00031741
-0.004187
-0.0043058
0.00017238
0.0034801
0.0033198
0.00039188
-0.001214
-0.0028321
0.00054381
0.0035181
0.0056311
0.0044989
0.0023385
-0.0022829
-0.00059196
0.00079076
0.0057378
0.0084706
0.0040548
-0.00084518
-0.00043126
-0.0013391
-0.00020102
0.0030405
0.0019442
-0.0026304
0.023406
0.037805
0.031194
0.012007
-0.004446
-0.0082116
0.03907
0.05392
0.037495
0.007005
-0.020624
-0.022454
0.031606
0.041245
0.030958
0.00082467
-0.033747
-0.037786
0.007866
0.019158
0.021049
-0.0029375
-0.034345
-0.042933
-0.0032452
0.0011905
0.0054553
-0.011915
-0.037628
-0.044655
-0.001127
-0.00065732
-0.0024526
-0.016907
-0.035419
-0.037565
0.49759
0.52076
0.005702
-0.4964
-0.53267
-0.25174
0.6393
0.74532
0.19622
-0.4946
-0.65359
-0.37984
0.58173
0.79533
0.3895
-0.34393
-0.66372
-0.48058
0.56683
0.84765
0.47404
-0.33985
-0.74312
-0.57965
0.67611
0.92114
0.44733
-0.47811
-0.89732
-0.67323
0.61768
0.76683
0.29261
-0.49779
-0.82549
-0.58073
-0.30051
-0.85519
-0.89192
-0.01728
0.72816
0.62157
-0.52864
-1.0319
-0.51046
0.67727
1.0537
0.53199
-0.87938
-0.86863
0.31903
1.1907
0.73882
-0.0418
-1.1831
-0.50776
0.96395
1.1446
0.072487
-0.62055
-1.0035
0.10551
1.2589
0.79055
-0.41927
-0.78782
-0.49809
0.4727
0.97742
0.25242
-0.55676
-0.61484
-0.0071335
-0.0042868
-0.0011374
-0.0040873
-0.0063794
-0.0020462
-0.008139
-0.0082277
-0.011119
-0.014977
-0.016967
-0.012605
0.0018879
0.00058362
-0.0078947
-0.012244
-0.0091648
-0.007167
0.0096248
0.011424
0.0018356
0.0014584
0.0055061
0.0053403
0.008979
0.012735
0.008585
0.0094666
0.010402
0.0091449
0.0076469
0.010065
0.0097813
0.0088198
0.0068518
0.0033594
-0.38925
-0.60436
-0.80014
-1.0917
-1.3461
-1.1719
-0.18681
-0.28238
-0.37777
-0.54232
-0.679
-0.56495
0.32329
0.6194
0.94073
1.2155
1.3283
1.0763
0.40514
0.76873
1.0997
1.3638
1.5345
1.2541
0.026867
0.01538
-0.08812
-0.185
-0.12978
-0.019937
-0.27533
-0.49076
-0.71917
-0.93725
-0.9196
-0.66049
0.00021244
0.0048103
0.0014879
-0.00073189
-0.0021194
-0.0035467
0.0035056
0.0078459
0.0051863
0.0045644
-0.00084103
-0.0035381
-0.00041634
0.0022569
0.0035926
0.002092
-0.0009736
-0.0049516
-0.0018534
0.00077231
0.00050633
8.9364e-05
-0.0063408
-0.0067597
0.0029831
0.0022233
0.0015357
-0.0026916
-0.0043615
-0.0070057
0.0052488
0.0043433
0.00031408
-0.0014462
-0.00242
-0.0015521
-0.0008417
-0.0016508
-0.0041981
-0.0031565
-0.0014833
-0.00020233
-0.0027416
-0.002107
-0.0045712
-0.0033565
-0.0034927
-0.00040678
-0.00012222
0.00062528
-0.0018029
-0.0007125
0.0010378
0.0027066
0.0037059
0.0015567
0.0019438
0.00018394
0.0031244
0.0048725
0.0010267
0.00055085
0.0015578
0.002231
0.0025283
0.0047039
-0.0010913
7.54e-05
-0.0018984
-0.00071793
0.001242
0.0020383
-0.0042591
-0.0015166
-0.00016727
-0.00027199
-0.001322
0.00075981
-0.0034044
-0.00074391
0.00062816
0.00018972
-0.0004803
0.0022931
-0.003103
-0.0033466
-0.0010349
0.0017673
0.0027229
0.002221
-0.0035355
-0.0049134
-0.0014189
-0.00026429
0.001106
0.00068436
-0.0031937
0.00013948
0.0011944
0.0021128
0.0010314
0.00099926
-0.001541
0.00029436
0.004786
0.0045619
0.0044922
0.002703
0.0010876
0.0010939
-0.0018958
-0.0032071
-0.0023914
-0.0019057
0.0022056
0.00363
-0.0022591
-0.0039937
-0.0018426
-0.0011837
0.0068662
0.0049136
0.0024938
0.001513
0.0028096
0.0030699
0.005215
0.0045615
0.0015397
0.0025964
0.0029554
0.0037074
0.00023313
-0.00017586
-0.0052261
-0.0043783
-0.0023098
-0.00096898
-0.0004533
-0.0017825
-0.0063887
-0.0089171
-0.0060116
0.00017212
0.0031056
0.0037492
0.0071289
0.0033158
-0.00034037
-0.00071192
0.00020693
0.0019099
0.0055139
0.0041761
-0.0039046
-0.0043593
-0.0023046
0.0013997
0.0048289
0.0018879
-0.0041437
-0.0032488
-0.0039842
-0.00046808
0.0039386
0.0006628
-0.0035715
-0.0023202
-0.0038093
-0.0025981
0.0010627
0.00097479
-0.0012697
-0.0048043
-0.0028544
-0.0021824
0.0018286
0.0028213
0.00076801
-0.0025479
1.6925
2.0712
1.7723
1.2946
0.81969
0.42539
0.9601
0.97845
0.52032
0.038206
-0.27358
-0.28364
-0.63741
-1.0286
-1.143
-1.0693
-0.99522
-0.76278
-0.9764
-1.1209
-0.76916
-0.4212
-0.30932
-0.28579
-0.45679
-0.41079
-0.067492
0.14049
0.12763
0.037439
-0.16292
-0.16248
-0.1215
-0.095082
-0.064327
-0.026762
0.0047187
0.005366
0.0017704
0.0047102
0.0085254
0.00048165
0.0041411
0.0070741
0.0025288
0.0045161
0.010464
0.0074186
0.0010426
0.0032424
0.0014761
0.0014935
0.002743
0.0034351
-0.0012531
0.0019748
-0.00045211
-0.0037352
-0.0049113
-0.0056492
-0.0008032
-0.0016385
-0.0035758
-0.005496
-0.008185
-0.0095
-0.001701
-0.0018659
-0.004398
-0.0042001
-0.0043423
-0.0072071
0.0027824
0.004286
0.0057159
0.001755
8.0608e-05
0.00012269
0.00096483
0.0013991
0.0043958
0.0018151
-0.00060683
0.0010048
-0.0021522
-0.0031092
0.00010396
0.0005493
-0.0051353
-0.00011724
-0.0029172
-0.0042303
0.00091667
-0.0023502
-0.0076859
-0.0043381
0.00055395
-0.0017294
0.0019298
-0.00082307
-0.0047801
-0.0012116
-0.0003208
-0.0013127
0.0024035
0.002396
2.5472e-06
0.0014655
0.01759
0.01161
0.0099679
0.011733
0.0062059
0.0011516
0.029129
0.027723
0.014008
0.0021129
-0.0085716
-0.0096214
0.037641
0.031632
0.003871
-0.027355
-0.038866
-0.025885
0.042829
0.03458
-0.0054157
-0.044901
-0.058987
-0.040433
0.041793
0.035239
-0.00056597
-0.036428
-0.050794
-0.034881
0.03136
0.025465
0.0073888
-0.015211
-0.019728
-0.012806
0.0149
0.016362
0.014672
0.0074954
-0.0016441
-0.0052127
0.018216
0.018713
0.010781
-0.00070845
-0.0069328
-0.010213
0.015349
0.01403
-0.0019553
-0.018635
-0.025095
-0.018086
0.023495
0.020523
-0.0032021
-0.025978
-0.034284
-0.027616
0.030914
0.031168
0.0054094
-0.019108
-0.030472
-0.024223
0.027911
0.023736
0.0071365
-0.0080228
-0.014405
-0.014316
-0.00033899
0.0015568
0.0019866
-0.00070019
-0.0015792
-0.0028588
-0.0029356
-0.0018565
-0.00051028
0.00038307
-0.0017657
-0.0036519
-0.0015414
0.0016176
0.0032462
0.00037921
7.0348e-05
-0.0012957
-0.0018995
0.0016727
0.0018817
0.0036261
0.0030482
-0.00040945
-0.0023235
-0.00089604
-9.3423e-05
0.0027625
0.0030586
-0.0021524
-0.00022949
-0.00076823
-0.0020862
-0.00050548
-0.0011599
-0.0035936
-0.0022119
0.0018259
0.00076551
-0.0025108
-0.0029019
-0.00044282
-0.0052274
0.0025663
0.0040371
0.0023521
0.0018299
0.00026411
-0.0056225
0.00051462
0.0075926
0.0065167
0.0028346
-0.0043267
-0.0037979
-0.0021383
0.0019291
0.0054737
-0.0037387
-0.011626
0.0015754
-0.0017594
-0.0021996
0.0020662
-0.0009066
-0.0081703
0.0052716
0.0021878
0.00073351
0.00047483
0.00039311
-7.1059e-05
0.00035908
0.0028983
0.0022737
-0.00086255
-0.004496
-0.0070759
0.0026802
0.0027628
0.0035265
0.0043288
9.0411e-05
-0.00288
0.0017723
0.0026789
0.0042249
0.0072957
0.0052389
0.0023277
0.0025141
0.0047494
0.0045583
0.002336
0.0032081
0.0024989
-0.000246
-0.0011754
-0.0023142
-0.0037333
-0.0045349
-0.0052761
-0.0014961
-0.00024483
-0.0045332
-0.0057139
-0.0072889
-0.0078026
0.011093
0.010314
-2.6753e-05
-0.0070738
-0.0053011
-0.0044849
0.013449
0.010974
-0.0026683
-0.013549
-0.010055
-0.0047487
0.011584
0.0069966
-0.0090797
-0.01487
-0.0090954
-0.0024451
0.011051
-0.00048714
-0.013358
-0.012112
-0.0017685
0.0016885
0.00903
-0.0017714
-0.01046
-0.00099137
0.0069914
0.0083646
0.0047806
-0.004472
-0.0061874
0.0028189
0.0081066
0.0097595
0.0019028
0.0055062
0.0094435
0.0066108
0.0018895
-0.00065963
0.0012872
0.0032497
0.0086883
0.0072441
0.0036804
-0.00025595
-0.0010592
-0.0038167
0.0018338
0.0059951
0.0033368
0.0013951
-0.0029432
-0.0059664
-0.0024854
0.0022934
-0.0023364
-0.0041123
-0.0028634
-0.0032198
0.0006453
0.00011478
-0.008059
-0.010035
-0.0031913
0.00099027
0.0046768
0.0015494
-0.0073878
-0.0079655
-0.0023669
-0.0013343
-0.001494
-0.0015883
-0.0023566
-0.0013174
-0.00082524
-0.00028742
-0.00097576
-0.00071243
-0.0010713
0.00099537
-0.00082055
0.001254
0.0036969
0.0021062
0.0045508
0.0032496
0.0025777
0.0021259
0.0011489
0.0015616
0.0031136
0.00011661
0.0054336
0.0030091
-0.0030441
-0.0033093
-0.0039169
-0.0053738
0.0050359
0.002441
-0.0018105
-0.0013524
-0.0018214
-0.0046253
0.75683
0.97792
0.56824
-0.25192
-0.8305
-0.813
0.62725
1.2618
1.4308
1.0802
0.48078
0.040887
-0.51155
-0.058739
0.68079
1.2239
1.3175
0.92306
-1.0793
-1.2563
-0.9122
-0.33374
0.24499
0.42857
-0.55887
-0.81713
-0.99161
-1.0643
-0.88025
-0.50594
0.11161
0.097008
-0.069604
-0.46526
-0.72599
-0.63605
-0.0034406
0.006833
0.015104
0.020188
0.016955
0.0058835
-0.0086084
-0.00028868
0.0097699
0.01749
0.016344
0.0055925
-0.009649
-0.0064441
0.0017268
0.0076613
0.0076877
0.0026571
-0.006603
-0.0084629
-0.0030547
-0.0028571
-0.00040266
0.0012498
-0.0084752
-0.013072
-0.010977
-0.0093959
-0.0031734
0.00063074
-0.011711
-0.01558
-0.014676
-0.0086024
-0.00053073
0.0050676
-0.10583
-0.12263
-0.04945
0.054841
0.1184
0.10115
-0.14547
-0.16493
-0.061749
0.07475
0.1555
0.12835
-0.1436
-0.15491
-0.047786
0.080168
0.15166
0.12092
-0.13581
-0.13944
-0.031589
0.091599
0.1504
0.11359
-0.13522
-0.13866
-0.033093
0.089608
0.13912
0.10079
-0.1049
-0.11003
-0.035017
0.050852
0.084501
0.056864
-0.011838
-0.013115
-0.0050028
0.0042903
0.0066524
0.004659
-0.012694
-0.0096513
-0.0015281
0.0070301
0.0098114
0.0063359
-0.0080963
-0.003979
0.0043024
0.0079763
0.0095364
0.0078493
-0.00097432
0.005139
0.0099802
0.0077771
-0.00049875
-0.002094
0.0048213
0.011015
0.0098543
-0.00061347
-0.014889
-0.016007
0.0034081
0.0076016
0.0062776
-0.0077552
-0.017423
-0.01785
-0.0027689
-0.0015875
-0.0026442
-0.0016373
0.00083123
0.0020829
-0.0031937
-0.0034155
-0.0031701
-0.0030231
-0.00086702
0.00026833
-0.003032
-0.0037153
-0.002845
-0.0022295
-0.0023456
-0.00052631
0.00010243
0.00010927
-0.00051556
-0.0017535
0.0011063
0.0020982
0.001058
0.0036378
0.0017452
0.0015666
0.0031012
0.0026206
0.001935
0.0029615
0.0053205
0.0038182
0.0016083
0.001354
0.66597
-0.020533
-0.73131
-0.60183
-0.11696
0.15015
1.0021
0.19397
-0.83462
-0.74565
-0.15531
0.11868
1.3472
0.51648
-0.77027
-0.82669
-0.29994
0.011883
1.5597
0.81177
-0.69616
-0.96518
-0.45337
-0.053124
1.6845
1.0081
-0.60757
-1.0464
-0.54479
-0.063586
1.3533
0.8449
-0.43045
-0.87071
-0.44428
-0.018994
-0.040998
0.64348
1.0433
0.28108
-0.85812
-1.0636
0.17061
0.97271
1.0506
-0.12417
-1.2117
-1.1
0.63795
1.0618
0.49583
-0.68622
-1.1014
-0.50995
0.97428
0.8072
-0.28467
-1.0677
-0.59536
0.32555
0.79052
0.20769
-0.85074
-1.0012
0.05571
0.92152
0.28158
-0.2734
-0.82542
-0.54814
0.45187
0.91749
0.57606
0.55445
0.13742
-0.52298
-0.94412
-0.68821
0.87915
0.63039
-0.25061
-0.96334
-0.9645
-0.40066
0.76404
0.16974
-0.86233
-1.062
-0.27236
0.44331
0.15529
-0.66452
-1.2458
-0.60152
0.69291
1.1215
-0.45175
-1.0398
-0.7768
0.44376
1.3975
1.2148
-0.49395
-0.58961
0.097271
1.084
1.2997
0.80428
-0.38283
-0.82047
-0.67383
0.34931
1.0524
0.82644
-0.38682
-0.88162
-0.67016
0.47221
1.0572
0.67543
-0.3394
-0.79376
-0.54265
0.50599
0.76863
0.24272
-0.40704
-0.86621
-0.53072
0.57182
0.77197
0.16646
-0.51076
-1.002
-0.60899
0.61245
0.98081
0.42691
-0.47507
-0.89572
-0.54803
0.45341
0.88612
0.5142
-0.00090923
-0.00074444
0.0039682
0.0028878
0.00081833
-0.0038217
0.0015095
0.0017637
0.0024182
0.0037376
-0.0015284
-0.0032039
0.0012724
-0.00067061
0.0026589
0.0037778
0.00018012
0.0019929
-0.0024044
-0.001672
-1.4373e-05
0.0021651
0.003095
0.0027392
-0.0053409
-0.006203
-0.0010263
0.0010521
-1.2983e-05
9.1546e-05
-0.0027198
-0.0019519
6.7125e-05
0.00061095
-0.0019464
-0.0046294
0.023174
0.011482
-0.0080035
-0.013125
-0.004333
-0.0031638
0.02803
0.014208
-0.0096176
-0.015855
-0.0088307
-0.0052251
0.022801
0.014317
-0.0034771
-0.007615
-0.003458
-0.0050327
0.016925
0.020217
0.012202
0.0045348
-0.0041477
-0.011961
0.016653
0.022482
0.012843
-0.004002
-0.021057
-0.027051
0.010217
0.010672
0.00019076
-0.015343
-0.032572
-0.031072
1.4591
1.4024
0.20653
-0.69854
-0.62099
-0.11179
1.8468
1.5558
-0.08781
-0.97045
-0.58981
0.015785
1.5272
0.97995
-0.41917
-0.85372
-0.34818
0.1231
0.81813
0.26017
-0.51759
-0.59952
-0.32582
-0.10061
0.12404
-0.29011
-0.49819
-0.48373
-0.51979
-0.44006
-0.171
-0.39965
-0.36415
-0.35795
-0.50048
-0.46911
0.49568
0.59749
0.43563
0.40283
0.4812
0.34577
0.62835
0.69391
0.47952
0.3392
0.28066
0.11485
0.65507
0.77063
0.56565
0.17362
-0.24993
-0.43198
0.58892
0.78193
0.57632
-0.055888
-0.77854
-0.93624
0.26218
0.25882
-0.04874
-0.66983
-1.2286
-1.1788
-0.12043
-0.31496
-0.6123
-0.97325
-1.1859
-0.94698
-0.0038934
-0.0068876
-0.008502
-0.010167
-0.009866
-0.0053287
-0.0031526
-0.0057467
-0.010263
-0.0089676
-0.0099006
-0.0044601
0.0028716
0.0014364
-0.00025407
0.001305
0.0017915
0.0037534
0.0069833
0.0091939
0.0043812
0.0039843
0.006596
0.0077638
0.0073997
0.0079332
0.0037109
-0.0022532
-0.00037828
0.0055618
0.005613
0.0048922
0.0014691
-0.00375
6.2748e-05
0.0013216
-0.00092901
0.0010735
8.5565e-05
-0.0019154
-0.00091072
0.0038409
-0.0017022
0.00032323
-0.002043
-0.003513
-0.002678
0.00066956
-0.001709
-0.0026875
-0.001368
-0.0048505
-0.0027348
0.0015841
-0.0025588
-0.0022065
-1.5228e-05
-0.00066821
0.0018392
0.0021259
0.0012095
-0.0012862
0.00012098
0.0010128
0.0042356
0.005435
0.0032244
0.00038909
-0.002574
0.0011143
0.005222
0.0025041
3.1536e-05
0.0050771
0.0063476
0.00070336
-0.0031045
-0.0032579
-9.9556e-05
0.0029754
0.0076596
0.0024425
-0.00351
-0.0041023
-0.001187
0.002229
0.0042554
0.0020767
-0.0011963
-0.0015741
-0.0020632
-0.00145
0.0015057
0.0027272
-0.00021489
-0.0020975
-0.0022923
-0.0047491
0.000173
0.0041277
0.00062938
-0.00363
-0.0026969
-0.0045883
-0.00049296
0.002661
0.00040355
-0.0035965
7.7491e-05
0.0023346
0.0061278
0.0049733
-0.0015502
-0.0020393
0.00073956
0.0033519
0.006615
0.002443
-0.0032569
-0.0050755
0.0019598
0.0037601
0.0034411
0.0021788
-0.001154
-0.0037287
0.00022493
-0.0020907
0.0008292
0.0023487
-0.00040668
-0.00395
-0.0031577
-0.0037658
-0.00019029
0.0012443
-0.0015563
-0.0059584
-0.0025765
-0.00062617
0.002329
-0.00053553
-0.0050408
-0.0047914
-0.010311
-0.018654
-0.029874
-0.042266
-0.0465
-0.032263
-0.014797
-0.020181
-0.026728
-0.029733
-0.028602
-0.017939
-0.0028713
-0.00031259
0.0033841
0.013123
0.021374
0.018773
0.01133
0.015868
0.023577
0.039625
0.048872
0.038521
0.0042771
0.0089654
0.014409
0.028471
0.034512
0.022327
-0.0090805
-0.011639
-0.0078312
-0.00033046
0.0014895
0.00051169
-0.0029238
-0.0033028
-0.0023565
-0.0038787
-0.0029882
-0.0035201
-0.0014628
-0.0025911
-0.0028794
-0.0034194
-0.0045728
-0.0008053
0.0027404
0.0032063
0.0011727
0.0027202
0.0030519
0.0031449
0.002657
0.0011655
0.0027527
0.0055513
0.0071581
0.0051568
0.001158
-0.0012475
-0.0026817
0.0011913
0.0013497
-0.00053063
0.0031893
-0.0021361
-0.0047219
-0.0040418
-0.0031396
-0.0034615
-0.0023353
0.00057105
0.0020887
0.0027013
0.001188
-0.0010106
-0.00088309
0.00042053
0.0038329
0.0015582
0.00025345
0.00022553
-0.0029898
-0.0027054
0.00024052
0.0022265
0.0014891
-4.8145e-05
-0.0066308
-0.0034243
-0.0018005
0.0011257
0.0040182
-0.00085096
-0.0033474
-0.0032453
0.0004103
0.0030245
0.0016907
-0.0011625
-0.0017939
-2.7839e-05
1.7364e-05
0.0015915
-0.00050841
-0.0010107
-0.0019682
-0.0019797
-0.0016205
0.003088
-0.00051295
-0.001807
-0.0011349
-0.001481
-0.0015808
-0.0024359
-0.0019423
-0.0016359
-0.00097434
-0.00258
-0.0030088
-0.0031975
-0.0029784
0.0025736
-0.00068663
-0.0029188
-0.0010402
4.178e-06
0.0017761
0.003364
0.0015636
0.0014073
0.0029772
0.0026136
0.0040896
0.0031335
0.0031508
0.0021642
0.0020642
0.0043899
0.00075395
-0.00015479
0.00087668
0.002409
0.0037544
0.0039732
0.0026825
0.0026883
-0.00056269
0.00038003
0.00041279
0.0017659
0.0042967
0.0023607
-0.0023235
-0.00222
-0.0010634
-0.0023399
-0.0009715
-0.0031681
-0.0031882
-0.00033537
0.0007715
-0.0022386
-0.0056766
-0.0061497
-0.00045215
0.00071316
0.00056189
-0.0023582
-0.0024011
-0.0030391
0.00089564
0.0039851
0.002575
0.00099975
-0.00068977
-0.00022268
0.46366
0.60473
0.11178
-0.42768
-0.59612
-0.49334
0.4927
1.0442
0.88331
0.038275
-0.63503
-0.69462
-0.1646
0.70029
1.2921
0.88011
-0.079336
-0.59373
-1.0697
-0.48417
0.76021
1.2869
0.79358
0.053726
-1.3788
-1.4971
-0.59327
0.62196
1.072
0.69079
-1.0636
-1.5105
-1.3247
-0.36499
0.48798
0.59986
-0.40071
-0.54898
-0.39385
0.059335
0.43507
0.44552
-0.45965
-0.59713
-0.38567
0.12234
0.54768
0.53397
-0.39873
-0.4904
-0.28864
0.17025
0.52693
0.48115
-0.37652
-0.48129
-0.28307
0.19492
0.57134
0.50431
-0.37972
-0.51717
-0.31519
0.22488
0.6539
0.5838
-0.2917
-0.41468
-0.23853
0.1897
0.53551
0.47869
0.64823
0.69734
0.051295
-0.72336
-0.87088
-0.50462
0.79184
1.0862
0.36767
-0.76409
-1.1301
-0.73137
0.34186
0.92963
0.69564
-0.41848
-1.1751
-0.9841
-0.34181
0.54183
1.0392
0.24154
-0.90242
-1.1101
-0.76795
0.15612
1.2322
0.99706
-0.12526
-0.74431
-0.72062
-0.088308
0.91684
1.1019
0.37188
-0.25548
0.0010414
-0.0016186
-0.0010675
0.0010779
0.00060707
-0.00052613
-0.0012225
0.00050477
0.00062283
0.00061426
-0.0029944
-0.0036196
0.0024782
0.0039842
0.0042039
0.0024484
0.0011266
0.00023242
0.0027725
0.003085
0.0037114
0.0013485
0.0013363
0.0022541
0.00041768
0.00059074
0.0011065
-0.0013762
-0.0018874
-0.0041258
-0.0026821
-0.0035875
-0.0009525
-0.0036161
-0.0039481
-0.0060069
-0.00028683
0.00034875
-0.0032004
-0.00045228
-0.0013161
-0.0029593
6.4e-05
0.0017144
8.8736e-05
0.0014983
0.0043452
0.001018
-8.1015e-05
0.0023406
0.0026053
0.0032288
0.0068611
0.0057088
0.0025985
0.003037
0.00030609
-0.0011491
0.0015212
0.0020948
0.0034087
0.00013432
-0.0025501
-0.0037997
-0.0051666
-0.0064765
-0.00061501
-0.0012871
-0.0039157
-0.0037988
-0.0055145
-0.0056648
0.00011247
-0.001878
-0.0013551
-0.00058352
-0.0035192
-0.0042207
0.00032213
0.00012914
0.0021467
0.0011258
-0.0038838
-0.0056633
0.0029393
0.0038731
0.0045635
0.0015853
-0.00017089
-0.0031341
0.0033298
0.0026672
0.0019129
0.0016645
0.00077848
-0.0013143
-0.0020851
-0.00016698
-0.00012222
0.0024291
-0.00051836
-0.0020023
-0.0032712
-0.00069206
0.00012274
0.0040272
-0.0006804
-0.0032403
-0.00034025
0.0025448
0.0072454
0.0055763
0.0058061
0.0048481
-0.0023733
-0.0010681
0.0053825
0.0076318
0.0040339
9.483e-06
-0.0081915
-0.0060141
-0.0016273
-0.0012675
-0.0037646
-0.0074686
-0.0044262
-0.00077224
0.002428
-0.00096152
-0.0084394
-0.010723
-0.0010616
0.005802
0.0090719
0.0070204
-0.0041902
-0.0089633
-0.0055519
-0.0002384
0.0051395
0.0054981
-0.00085151
-0.0066025
-0.69362
-0.087629
0.97767
1.1408
0.31674
-0.30168
-1.0203
-0.72998
0.56564
1.2529
0.61454
-0.18669
-0.85576
-1.1071
-0.34018
0.83084
0.95879
0.3755
-0.29478
-0.90693
-0.94084
0.12537
1.1175
0.99685
0.09239
-0.59927
-1.1284
-0.51306
0.65248
1.0085
0.14266
-0.39875
-0.93915
-0.74584
0.017824
0.47973
0.02452
0.027677
0.014253
-0.00048492
-0.0068721
-0.01126
0.034848
0.034548
0.01274
-0.012102
-0.021765
-0.019597
0.034728
0.033338
0.0063873
-0.02509
-0.038876
-0.030689
0.031283
0.033281
0.0067971
-0.02796
-0.046707
-0.037123
0.034962
0.039433
0.014408
-0.021859
-0.044682
-0.036858
0.029841
0.031923
0.012799
-0.014636
-0.028915
-0.024119
-0.11784
0.35806
1.0892
1.4411
1.2937
0.80279
-0.59054
-0.36112
0.4932
1.2347
1.435
1.1389
-0.76314
-0.96045
-0.74246
-0.30624
0.11421
0.31196
-0.39154
-0.64221
-0.92459
-1.1527
-1.1414
-0.78367
0.22939
0.18165
-0.16381
-0.67477
-1.0417
-0.90464
0.48024
0.63368
0.46243
0.06005
-0.29888
-0.35496
0.00081239
0.003463
0.0039624
0.0026966
0.0028764
-0.00084353
0.00071086
0.0011616
0.0019747
0.0025173
0.0036211
0.0021151
-0.0044429
-0.0036783
-0.0046375
-0.0027669
-0.00024278
0.001327
-0.0050187
-0.0042827
-0.0027991
-0.0013465
-0.0018634
-0.0015359
-0.003418
0.00085394
0.0028093
0.0015275
0.0013594
0.00033898
-0.0015584
-0.0014704
-0.00054133
-0.00013029
0.00069984
0.0043023
-0.0065921
-0.0085495
-0.0065763
-0.0092025
-0.013348
-0.0077446
-0.0088121
-0.004879
-0.00064748
-0.006125
-0.011325
-0.0078755
-0.0071724
-0.0030898
-0.00018406
-0.0064098
-0.00993
-0.0063877
-0.001134
0.0012588
0.00073854
-0.0037146
-0.0054815
-0.0026411
0.0072798
0.01277
0.012103
0.010655
0.0092688
0.0068426
0.007974
0.015369
0.017444
0.016664
0.010568
0.0050174
0.0039941
0.0045537
0.0053685
0.0003082
-0.00011174
0.00011169
0.0017538
0.0030223
0.0053011
0.0022836
-0.00019287
0.00011907
-0.0007046
-0.0026102
-0.00027634
-0.0011556
-0.0059184
-0.007146
-0.0011703
-0.0036508
-0.0017794
-0.0024073
-0.0080699
-0.0097872
0.00088348
0.00045326
0.0040937
0.00096875
-0.0031657
-0.0043694
-0.0009402
0.0015467
0.0059994
0.0058252
0.00055721
-0.00051501
-0.0072071
-0.011772
-0.0084408
-0.0050249
-0.0004366
0.0039019
-0.013879
-0.018168
-0.011073
-0.0026461
0.0039263
0.0052326
-0.012842
-0.015071
-0.0085133
0.0026341
0.010015
0.0093928
-0.0081884
-0.0084608
-0.00023152
0.010265
0.012626
0.013134
-0.0045838
-0.0024999
0.0066519
0.012431
0.015032
0.012254
-0.0056076
-0.0055114
0.0029671
0.0094654
0.011912
0.0085018
0.00063059
-0.00059919
0.0013433
0.004966
0.0081271
0.0077529
-0.0019149
-0.0045719
-0.0031117
0.003687
0.0055452
0.00078011
-0.0054374
-0.0072999
-0.0069804
-0.0038814
-0.0043189
-0.0071774
-0.0059721
-0.0064694
-0.0044984
-0.0022905
-0.0044446
-0.0043252
-0.0021037
0.0013526
0.0054384
0.0062544
0.0055459
0.0048436
-4.3805e-05
0.004102
0.0046202
0.0044993
0.0048151
0.0047526
-0.627
-0.64559
-0.33191
-0.12969
-0.25161
-0.27566
-0.718
-0.67702
-0.20495
0.05885
-0.090488
-0.15911
-0.61785
-0.56242
-0.080316
0.3201
0.31361
0.18273
-0.61389
-0.64166
-0.11297
0.56658
0.8103
0.56359
-0.67259
-0.72014
-0.025197
0.93829
1.2896
0.91543
-0.54138
-0.53835
0.09163
0.92872
1.2172
0.84408
0.017499
0.026989
0.02457
-0.001837
-0.028749
-0.028215
0.032069
0.046679
0.035344
-0.0025491
-0.037933
-0.035655
0.023996
0.04105
0.028576
-0.008331
-0.043829
-0.04383
0.01101
0.024316
0.018485
-0.012859
-0.04627
-0.048091
0.0071958
0.01784
0.013589
-0.0086575
-0.027851
-0.030565
0.010962
0.016614
0.012
0.0021318
-0.0045414
-0.0054938
0.0020858
0.0028953
0.0068524
0.0050059
-0.0010148
-0.00041798
-0.0015791
-0.00012327
0.0029932
0.00049277
-0.0031104
-0.0041138
-0.0032426
-0.002169
0.00071011
0.0012969
-0.0023899
-0.0023835
-0.0050707
-0.0033362
0.00060634
0.00062987
0.0002641
-0.0025792
-0.0061503
-0.0026422
0.0012371
0.0019543
0.00066644
-0.0017384
-0.0030741
0.0014395
0.0035689
0.0038439
0.0019832
0.00072128
-1.1608
-0.32166
1.0059
0.99134
0.13161
-0.20774
-1.501
-0.46518
1.2174
1.0898
0.0109
-0.2975
-1.5041
-0.48886
1.099
0.88461
-0.14373
-0.37466
-1.3945
-0.47819
0.96681
0.84383
-0.044193
-0.33612
-1.3248
-0.50522
0.87057
1.0102
0.32353
-0.1184
-1.1019
-0.50945
0.56334
0.87196
0.46112
0.056665
-0.45148
-0.36853
0.12116
0.60953
0.70728
0.46888
-0.55944
-0.51464
0.093812
0.8169
1.0628
0.79267
-0.51052
-0.5172
-0.022585
0.74578
1.1414
0.94233
-0.3636
-0.4545
-0.23262
0.27218
0.71973
0.68019
-0.29192
-0.47858
-0.57572
-0.49508
-0.26536
-0.025428
-0.22831
-0.43329
-0.6414
-0.79255
-0.7389
-0.42994
-0.0061356
-0.0064882
-0.0062422
-0.005521
-0.0026326
-0.0035648
-0.011665
-0.012185
-0.0090083
-0.0046021
-0.0034764
-0.0041789
-0.0080471
-0.0088813
-0.0042623
0.0019907
0.0064962
0.0040851
-0.00088656
-0.0012663
0.0016923
0.0072556
0.012629
0.011042
0.0025484
0.002213
0.0022562
0.0063925
0.0091221
0.009119
0.0036567
0.0018714
0.0021599
0.0037187
0.0045213
0.0016807
0.0020459
0.0031534
0.0060275
0.005845
0.0035841
0.00279
-0.0016828
0.00059328
0.0038546
0.0026275
9.3271e-05
-0.00032189
-0.0073608
-0.0066694
-0.00060818
-0.0018338
-0.0042664
-0.0027991
-0.0075177
-0.0084178
-0.0031089
6.4086e-05
-0.0014548
-0.0021306
-0.0029848
-0.004901
-1.231e-05
0.0075801
0.0045868
-0.00050419
-0.0012972
-0.0029463
0.0030366
0.0063154
0.0038237
-0.0017816
0.011047
0.010928
0.0069184
0.00082109
0.0008791
0.00045597
0.012266
0.0097493
-0.00048157
-0.004875
-0.0039492
-0.00066778
0.0088814
0.0005424
-0.0077176
-0.009484
-0.0058346
-0.0026386
0.003978
-0.0022083
-0.0070411
-0.0079472
-0.0064387
-0.0029641
0.0010309
0.00071229
-0.0019436
-0.0036682
-0.0057729
-0.0024886
0.00074565
0.0031972
0.0032631
-0.0011928
0.00024377
0.001394
-0.0022693
-9.3882e-05
-0.0011465
-0.0061302
-0.0057068
7.3236e-06
0.00047312
0.0023196
-0.002219
-0.0049987
-0.002557
-0.0014487
0.0050313
0.0036694
0.0011091
6.245e-05
-0.00065809
0.0016232
0.006225
0.0047648
0.00062574
-0.00082881
0.0016642
0.0020552
0.0028053
3.3762e-05
-0.0021503
-0.001171
-0.00045047
0.00053247
-0.0010985
-0.00019477
-0.00060617
-0.00051997
0.00022131
0.00084714
-0.36907
-0.22452
-0.12385
-0.1735
-0.44425
-0.5615
-0.72432
-0.83327
-0.84951
-1.0343
-1.2783
-1.1238
-0.39251
-0.47773
-0.60374
-0.80568
-0.92149
-0.75266
0.42745
0.69946
0.87795
0.97434
0.95613
0.64233
0.31632
0.63263
1.005
1.4018
1.5804
1.1802
-0.29711
-0.34304
-0.16687
0.23543
0.51463
0.44923
0.014619
0.0072802
-0.0088982
-0.0080991
-0.0019674
-0.0031177
0.015869
0.003736
-0.011632
-0.010672
0.0005738
0.00089519
0.018131
0.0051262
-0.010705
-0.0051406
0.0065441
0.0077318
0.014044
0.0027811
-0.011252
-0.0032638
0.010445
0.010421
0.0047581
-0.0069335
-0.016869
-0.0083545
0.005321
0.0099569
0.0027772
-0.0086227
-0.015507
-0.0097943
0.0027071
0.004509
0.47174
0.070558
-0.84183
-1.1025
-0.21172
0.57572
0.42552
-0.24408
-1.2031
-0.94909
0.46132
1.0841
0.0069632
-0.74885
-1.1655
-0.18034
1.1154
1.1148
-0.55364
-1.0614
-0.59665
0.71922
1.1842
0.54253
-0.83173
-0.81359
0.24895
1.1743
0.74936
-0.19317
-0.67773
-0.32325
0.65821
1.0151
0.25617
-0.43141
-4.5785
-5.2233
-5.1564
-4.5721
-4.5786
-4.5798
-4.58
-4.5768
-5.2463
-4.5798
-4.5798
-4.5767
-4.5787
-4.5767
-4.579
-4.5788
-4.5776
-5.0001
-4.5768
-4.5768
-4.5799
-4.5677
-4.9862
-4.5776
-5.0698
-5.0492
-5.1452
-4.58
-4.5796
-4.5794
-5.2629
-5.2312
-4.5782
-5.0092
-4.5775
-4.9198
-4.5794
-5.1029
-4.5797
-4.5792
-4.5714
-4.9712
-5.1754
-4.5782
-5.1588
-4.5752
-4.5796
-4.5798
-4.5792
-4.5795
-4.9691
-4.5774
-4.58
-4.5783
-4.575
-4.5798
-4.577
-4.5787
-4.5784
-4.5785
-4.577
-5.0748
-4.5696
-4.6482
-4.5749
-4.5796
-5.1147
-5.107
-5.0787
-5.19
-4.5799
-4.5741
-4.9587
-5.0379
-4.579
-4.5796
-4.5798
-4.5788
-4.5704
-4.5798
-4.5798
-4.5785
-4.5794
-5.3107
-4.896
-5.1272
-4.5795
-4.5783
-4.5799
-4.5786
-5.2335
-4.5731
-4.9381
-4.5799
-4.5773
-4.5791
-4.5747
-4.5792
-4.9798
-4.5672
-4.5798
-5.2853
-5.0011
-4.5759
-4.5793
-4.5761
-4.5796
-5.0792
-4.5731
-5.1122
0.013893
0.0069611
0.00064616
-0.0069524
-0.010602
-0.0062428
0.0055269
0.00085316
-0.0034927
-0.008429
-0.015888
-0.015754
0.0026698
0.00049651
0.00064095
-0.0025755
-0.0085399
-0.0094348
0.0068216
0.0034662
0.00037766
0.00029695
-0.00021333
0.0015554
0.012809
0.0087909
0.00018349
-0.0040893
-0.0014984
0.0027455
0.016469
0.015668
0.0065555
-0.0011107
-0.0030122
-0.0023603
