-0.0084886
-0.0041349
0.52637
-0.60988
-0.038684
0.051136
-0.67664
-0.0079084
0.43704
-0.17898
-0.40803
-0.062138
0.17508
0.61157
0.010102
-0.56414
0.024801
0.61106
0.27161
0.078162
-0.077227
-0.41536
-0.67041
-0.075024
-0.48785
-0.011617
-1.143
-0.31123
-0.0056905
-0.00056585
-0.15913
0.15783
-0.024508
0.29102
-0.2123
0.33054
0.39217
-0.0032818
0.19035
0.16729
-0.35213
-0.00036067
0.48618
0.40087
-0.3063
0.31635
-0.58711
0.048977
-0.042947
0.60075
-0.26105
-0.1133
-0.0011277
0.41827
0.86962
-0.072698
-0.96176
-0.022205
0.05978
0.90917
-0.0020154
0.045876
-0.50613
-0.36575
0.011947
-0.063313
-0.13794
0.29655
-0.55456
-0.096206
0.0081253
-0.91643
-0.23591
0.51628
-0.00093243
0.97881
-0.73411
-0.26966
-0.27252
-0.034025
-0.011045
-0.0055371
1.1426
-0.5871
-0.24455
0.076101
-0.85709
-0.010222
0.46643
-0.11005
-0.46248
-0.039398
0.077266
0.85513
0.0055591
-0.66874
-0.032993
0.43197
0.2814
-0.012621
0.20486
0.0039934
-0.79279
-0.24937
-0.72108
-0.0091573
-0.73605
0.083608
-0.0077696
0.00058946
-0.10963
0.032747
-0.12392
0.025721
-0.044354
0.45256
0.41321
-0.0045099
0.52976
0.098717
-0.0032609
0.0044545
0.71094
0.633
-0.043641
0.19354
-0.89698
0.074921
-0.046312
0.43877
-0.36736
0.38825
-0.0041362
0.69494
0.77077
-0.12825
-1.1905
-0.025308
-0.33929
1.5268
-0.005185
0.034379
-0.92058
-0.021067
0.0052174
-0.17105
-0.096131
-0.32459
-0.74234
-0.14487
0.08906
-0.28517
0.15516
0.38757
-0.0039239
0.72672
-0.95113
-0.1776
-0.60496
-0.17265
-0.0089505
-0.0082561
1.2402
-0.29673
-0.4209
0.068715
-0.49173
-0.0082107
0.23918
0.24733
-0.45314
0.029608
-0.10764
0.49216
0.0035012
-0.31915
0.028995
0.058792
0.24727
-0.04766
0.70304
0.54974
-0.50137
-0.64501
-0.5599
-0.0060318
0.4275
0.35067
-0.0053966
0.00079504
0.24133
-0.042837
-0.21926
-0.33533
0.48745
0.010867
0.36834
-0.0077596
0.7407
-0.07806
0.59462
0.004553
0.35834
0.55549
0.31945
-0.1687
-0.56409
0.059256
-0.030428
-0.020537
-0.35402
0.76339
-0.0029341
0.41379
0.1144
-0.53339
-1.1233
-0.015319
-0.9042
1.7416
-0.0033351
-0.0082951
-0.6337
0.42956
-0.0092639
-0.273
-0.37279
-1.116
-0.68917
-0.22778
-0.0054704
0.77971
0.39414
-0.32824
-0.0056965
-0.26959
-1.0887
0.016648
-0.76684
-0.0944
0.0009064
-0.0081963
0.66224
0.042315
-0.45989
0.029415
0.61132
-0.0092641
-0.22023
0.49217
-0.28338
-0.060066
-0.0016847
-0.1668
-0.0045257
0.57486
0.049061
-0.30004
0.19611
-0.0046662
0.82612
0.58069
-0.30178
-0.81548
0.048107
0.0046398
0.8068
0.30042
-0.013073
-0.001229
0.2899
-0.21906
-0.55599
-0.27501
0.68908
-0.79664
0.092031
-0.0029455
0.39402
-0.23642
0.62785
0.0037863
-0.47967
0.32714
0.17889
0.12547
0.14599
0.018226
-0.0080666
0.034571
-0.18103
0.61576
-0.003386
-0.34481
-0.24739
-1.0007
-0.94433
0.00043635
-0.83671
1.6991
0.0022092
-0.044218
0.34615
0.65367
-0.020898
-0.11129
-0.75594
-1.0751
-0.39064
-0.28745
0.17649
0.96148
0.4281
-1.0088
-0.0072494
-0.80461
-1.0669
-0.095842
-0.78836
-0.10107
0.0057955
-0.0026539
0.0002248
0.060763
-0.36527
-0.022139
1.1907
-0.0089037
-0.59116
0.36101
0.12433
-0.15933
0.3419
-0.58775
-0.0073592
1.3921
-0.11054
-0.33245
0.084195
0.10616
0.30181
0.18972
-0.18478
-0.23591
0.55811
0.0047763
0.149
0.22863
-0.020537
0.0030494
-0.41038
-0.30783
-0.68795
0.10322
0.22716
-0.80822
-0.33594
0.0030464
-0.4689
-0.4376
-0.32572
0.0066899
-0.94805
0.14681
-0.22456
0.89363
0.75756
-0.026501
0.010154
0.47804
0.04022
-0.056934
0.0019241
-0.82377
-0.36039
-0.57082
-0.75322
0.0042102
0.010501
1.6078
0.0030717
-0.050665
0.94977
0.53959
-0.016224
0.11126
-0.30043
-0.30974
-0.098082
-0.46192
0.67166
0.34039
0.5178
-1.0874
-0.0074383
-0.44744
-0.92176
-0.31124
-0.63716
-0.33365
0.0059449
-0.0036631
-0.38414
-0.26218
-0.31244
-0.055472
0.68209
0.0021391
-0.64264
0.1243
0.40554
-0.25136
0.53279
-0.61058
0.0012948
1.426
-0.11468
-0.10387
-0.047357
0.24346
-0.24426
-0.2697
0.20334
0.71322
0.3299
0.0043643
-0.34308
0.26444
-0.019968
0.0014805
-1.0163
-0.17423
0.010694
0.039278
-0.20713
0.18658
-0.5054
0.0031016
-0.88604
-0.59249
-1.0244
0.0043611
-1.0397
0.02573
-0.36234
0.95228
1.2231
-0.061586
0.013923
0.19657
-0.020207
-0.70699
0.0041951
-0.44512
-0.29932
0.61341
-0.58991
-0.0059542
0.61987
1.2262
0.0014877
-0.051393
0.69724
0.36227
-0.00039224
0.067982
0.80604
0.16366
0.045635
-0.56389
0.59962
0.018315
0.68295
-0.58247
-0.0063599
0.081873
-0.86329
-0.28479
-0.46966
-0.54859
-0.0030588
-0.0012844
-0.6327
-0.56001
-0.28332
-0.06416
-0.12706
0.0053405
-0.52048
-0.039559
0.27892
-0.35026
0.26443
-0.56886
0.0036253
0.89362
0.079237
0.18052
-0.088314
0.30315
-0.66811
-0.50814
0.37325
0.99981
-0.4064
0.0047714
-0.31837
0.35564
-0.014922
-0.004572
-0.6293
0.071966
0.91586
-0.47678
-0.39537
0.85763
-0.2609
-0.0033837
-0.071274
-0.74489
-0.93114
0.0030361
-0.94908
-0.12401
-0.2565
0.18986
1.2572
-0.082537
-0.0036775
-0.72577
-0.23893
-0.92933
0.0058024
0.35309
-0.27145
1.0947
-0.3634
-0.0099512
0.49006
0.55733
-0.00082702
-0.062426
0.19131
0.036174
0.015045
0.0070804
1.5358
0.13389
0.11388
-0.31414
0.057942
0.20027
0.72644
-0.10169
-0.007401
0.095983
-0.9791
-0.22006
-0.39711
-0.11317
-0.0086213
0.0033201
-0.65104
-0.45728
-0.26727
-0.043328
-0.34224
0.0042761
-0.26132
-0.12403
-0.050358
-0.2446
-0.031697
-0.57475
0.0018411
0.31961
0.13203
0.27776
-0.006336
0.25866
-0.65997
-0.45731
0.2156
0.45606
-0.61048
-0.0036085
-0.20646
0.28732
-0.013897
-0.0021576
0.26281
0.26134
1.0838
-0.6342
-0.22804
0.55536
0.016193
-0.008102
0.79299
-0.60387
-0.32789
0.004572
-0.68337
-0.18646
-0.13483
-0.31394
0.80772
-0.056242
-0.015451
-0.95272
-0.18382
-0.64232
0.0047669
0.62343
-0.22265
0.51699
-0.21743
-0.0081146
0.16017
0.14966
-0.002433
-0.046784
-0.1061
-0.084787
0.011944
-0.027516
1.443
0.15798
0.22102
0.075706
-0.2316
0.27533
0.56717
0.13968
-0.01083
0.0057878
-0.89416
-0.077489
-0.21529
0.57226
-0.0062114
-0.0050031
1.1417
-0.40812
-0.12029
0.08821
-0.74243
-0.01027
-0.50162
-0.24512
-0.44855
-0.24744
0.064743
0.19415
0.015129
-0.43735
0.042347
0.51029
0.40704
0.14929
0.0038265
-0.38028
-1.0619
0.16293
-0.44112
-0.0085435
-1.4314
-0.35668
-0.00041063
-0.0042794
-0.22151
0.6971
-0.40611
0.28799
-0.35429
0.10117
0.36135
-0.0053942
0.14132
0.24094
-0.34121
-0.00082545
0.30055
0.489
-0.56739
0.12698
-1.0182
0.072071
-0.039614
0.69113
0.189
-0.32012
-0.0033874
0.89808
1.1153
0.15414
-0.78089
-0.01803
-0.14054
0.23165
-0.0019174
0.064196
-0.65476
-0.27909
0.013359
-0.16767
-0.050359
0.11942
-0.23077
-0.055436
0.014431
-1.0111
0.39953
1.0376
-0.0019797
1.3241
-0.69538
-0.18968
-0.21351
-0.078377
-0.010462
-0.0038589
1.5795
-0.75429
-0.28589
0.12214
-1.1
-0.012821
-0.51656
-0.19681
-0.34435
-0.15852
0.078681
0.49746
0.010708
-0.71297
-0.0011632
0.43391
0.29302
-0.023495
0.47402
-0.040117
-1.0476
-0.034876
-0.62365
-0.011128
-0.66011
0.057969
0.0043035
-0.0042513
-0.078808
1.0343
-0.45163
-0.03789
-0.16077
0.23147
0.43658
-0.0053811
0.37988
0.069726
0.037398
-0.0013746
0.80032
0.62661
-0.41947
-0.052449
-1.0002
0.10661
-0.043657
0.47912
0.023277
0.17116
-0.0010681
0.91252
0.8809
-0.02676
-0.84179
-0.022016
-0.52615
0.67158
-0.0082988
0.063403
-1.0979
0.0075805
0.011687
-0.35027
0.01034
-0.77443
-0.54076
-0.24402
0.0039466
-0.46339
0.88892
1.2456
-0.00047121
1.1198
-0.79514
0.08226
-0.5851
-0.17345
-0.0084881
-0.0032446
1.1266
-0.74812
-0.35627
0.10833
-0.85853
-0.0067473
-0.5923
-0.082401
0.099748
0.05895
0.093276
0.15227
0.0024932
-0.82492
-0.018214
0.13555
0.10859
0.01575
1.0439
0.46339
-0.50619
-0.56559
-0.25307
-0.0052877
0.90484
0.32063
0.0025993
-0.0071953
0.28787
1.1959
-0.39287
-0.47551
0.3954
-0.18591
0.39269
-0.0045595
0.64134
-0.23556
0.65321
0.00058422
0.77705
0.41073
-0.028921
-0.18532
-0.19801
0.091232
-0.025324
-0.017545
-0.22825
0.81455
-0.0040356
0.041147
-0.027713
-0.67117
-0.66356
-0.016012
-0.96744
0.8797
-0.0045834
0.022734
-0.63618
0.39604
-0.0074764
-0.38332
-0.24883
-1.2223
-0.69742
-0.46867
-0.15934
0.95013
0.89396
0.65006
0.00078335
-0.203
-0.77212
0.33202
-0.89945
-0.087677
9.0972e-05
-0.003735
0.13331
-0.30819
-0.37136
0.055953
0.37163
-0.0074441
-0.67315
-0.15555
0.65455
0.006642
0.26113
-0.45131
0.0003132
-0.31152
-0.13549
-0.17376
0.13285
0.38547
1.0415
0.4065
-0.28231
-0.95878
0.65218
0.0081864
0.9764
0.22748
-0.012006
-0.0052823
0.1731
1.0271
-0.68868
-0.33892
0.59579
-0.93189
0.089687
0.0020953
0.49173
-0.48816
0.81999
0.0028535
0.21837
0.30521
0.064298
0.3631
0.57111
0.040573
0.0056684
0.16626
-0.36417
0.97514
-0.0016599
-0.93042
-0.34903
-1.0584
-0.203
-0.00078691
-0.70361
0.8915
-0.0059007
-0.0056958
0.52719
0.52928
-0.026913
-0.025438
-0.83706
-0.4742
-0.60321
-0.66891
0.042482
1.2986
0.54059
-0.40193
0.0026994
-0.96376
-0.69314
0.11184
-0.96867
-0.11603
0.0077979
-0.0028835
-0.51347
0.043414
-0.33624
-0.013243
1.2996
-0.0047982
-0.55707
-0.31179
1.0546
-0.13572
0.46935
-0.72566
0.0011736
0.68923
-0.2546
-0.29033
0.17462
0.64344
0.37489
-0.15302
-0.32387
-0.4974
1.1158
0.0093959
0.11895
0.19765
-0.027511
-4.3694e-06
-0.70141
0.83581
-0.95452
0.0055579
0.060978
-0.83475
-0.31387
0.0058335
-0.3551
-0.69324
0.01691
0.0069084
-0.2063
0.3373
0.0088559
1.0099
0.83831
-0.015711
0.025531
0.71498
-0.40696
0.65224
0.001154
-1.0464
-0.15115
-0.10755
0.17161
0.0023863
0.27854
0.93897
-0.0081956
-0.013099
0.92346
0.50241
-0.022395
0.1895
-0.94279
0.40595
-0.32972
-0.80997
0.69075
0.44163
0.45341
-1.0602
-0.0019224
-0.63834
-0.64633
-0.21713
-0.83842
-0.50487
0.0069002
-0.0024284
-0.70624
-0.098327
-0.31476
-0.081528
1.0666
0.0014528
-0.2505
-0.37296
0.83127
-0.16749
0.40352
-0.66236
0.0061916
1.4456
0.026889
-0.092115
0.20802
0.61907
-0.37175
-0.79313
-0.10517
0.55228
0.43342
0.010846
-0.33193
0.4034
-0.026488
-0.00085273
-1.0757
0.84774
-0.22412
-0.24706
-0.38586
0.41711
-0.47657
-0.00064021
-1.0047
-0.8106
-0.9923
0.0062484
-0.38863
0.25254
0.10161
0.75399
0.91006
-0.067094
0.025686
0.34855
-0.69113
-0.16958
0.0061443
-0.19342
-0.10676
1.1613
0.33781
-0.0065943
0.73552
0.7793
-0.0024122
-0.025003
0.51849
0.5785
-0.0028783
0.1093
-0.098006
0.41193
-0.087901
-0.55823
0.99019
-0.15816
0.43426
-0.88876
0.00044164
-0.029759
-0.7966
-0.28317
-0.75528
-0.70957
-0.0036588
-0.0034839
-0.73683
-0.33747
-0.28519
-0.10404
0.11131
0.010932
-0.030596
-0.39683
0.12244
-0.21089
-0.024511
-0.63647
0.01218
1.5317
0.34948
0.17073
0.15952
0.57304
-0.82184
-1.0194
0.18254
0.98293
-0.57893
0.0069869
-0.25505
0.61834
-0.0192
-0.0025944
-0.11219
0.97441
1.1926
-0.8098
-0.37201
1.0959
-0.35147
-0.0030837
-0.17636
-0.83313
-1.1854
-0.00020986
-0.51707
0.064955
0.1284
-0.16089
0.67201
-0.10323
0.0018243
-0.77964
-0.88233
-0.91135
0.010093
0.72999
-0.2868
1.0672
0.49425
-0.0079212
0.4111
0.32809
0.0045245
-0.050079
0.12206
0.39811
0.014714
0.20954
0.91138
0.2053
0.050744
0.10797
0.49481
0.096993
0.32938
-0.36872
-0.0023504
0.13794
-0.96552
-0.22169
-0.71275
0.08287
-0.015503
-0.00026737
-0.54452
-0.25296
-0.28984
-0.064604
-0.37966
0.010529
0.11244
-0.35483
-0.47443
-0.16928
-0.3296
-0.59663
0.0074197
1.0964
0.21141
0.2221
0.082732
0.49476
-0.7337
-0.7398
0.029679
0.48883
-0.75655
-0.0035518
-0.17051
0.46599
-0.010776
-0.0046658
0.83564
0.97092
1.5358
-0.77592
-0.1852
0.56858
-0.11359
-0.0044505
0.94347
-0.68015
-0.69797
0.00029158
-0.55372
-0.072455
0.043097
-0.63523
0.25309
-0.076187
-0.019286
-1.15
-0.59116
-0.94445
0.0078527
0.84176
-0.37789
0.043095
0.44499
-0.0027584
0.082272
0.11696
-0.0015747
-0.050164
-0.026003
0.093873
0.017493
0.25602
1.2605
0.22257
0.23611
0.49323
-0.091953
0.3632
0.060963
0.015287
-0.0058666
0.063443
-0.94024
-0.069938
-0.56359
1.0235
-0.0018849
-0.00080943
1.2198
0.33913
-0.044856
0.079684
-0.42028
-0.011217
-1.1858
-0.46648
-0.37815
-0.1853
-0.10306
-0.58102
0.0093082
-0.010606
-0.0015924
-0.40175
0.53975
-0.10981
0.23513
-0.095369
-1.1033
0.4028
-0.35911
-0.0010847
-1.3565
-0.49215
0.002159
-0.0082842
-0.17994
0.45298
-0.31734
0.22799
-0.19258
-0.22891
0.038001
-0.0065428
0.026103
0.53681
0.10804
-0.001354
-0.42192
0.48138
-0.47042
-0.25086
-0.82608
0.067992
-0.025535
0.40966
0.73737
-0.35154
-0.0021299
1.1412
1.1666
0.18008
0.34721
-0.0014466
-0.19326
-0.65872
-0.0022139
0.050349
-0.7197
-0.1895
0.014899
-0.32768
0.17703
-0.41864
0.54392
-0.023095
0.022765
-0.73447
0.92611
0.41583
0.0059189
1.082
-0.24548
0.25564
0.31738
-0.050496
-0.0098095
0.0016926
1.1869
-0.34169
-0.037274
0.11049
-0.72726
-0.010971
-1.3067
-0.63267
-0.096344
-0.093022
0.001681
-0.35808
0.0097896
-0.24067
0.029367
-0.53703
0.38293
-0.35247
0.66098
-0.077685
-1.0363
0.24623
-0.29403
0.0022503
-0.20308
-0.21687
0.017345
-0.017153
-0.011853
0.824
-0.29713
-0.13366
0.062289
-0.13711
0.13409
-0.0013989
0.11435
0.38705
0.17336
-0.0041158
-0.015932
0.67406
-0.61614
-0.30239
-0.23539
0.10109
-0.021025
0.27628
0.61431
-0.25524
-0.0042962
0.8338
0.81097
-0.12371
0.76005
0.00062823
-0.57211
-0.84384
-0.0087656
0.053166
-0.97382
-0.2041
0.0090188
-0.57483
0.30735
-1.0377
0.42443
-0.362
0.049065
-0.69841
1.3496
1.0204
0.0073813
1.0406
-0.12232
0.74253
0.10501
-0.035825
-0.00771
-0.0039656
0.22705
-0.94793
-0.0052867
0.10496
-0.87792
-0.0061976
-1.0515
-0.81334
0.45107
0.046322
0.1336
-0.27605
0.0040294
-0.67335
-0.11517
-0.38836
0.059935
-0.25592
0.98855
0.10755
-0.34842
-0.23437
0.2405
0.0018367
1.2541
0.082947
0.016432
-0.016781
0.15248
1.0822
-0.22471
-0.51816
0.51672
-0.42502
0.16876
-0.0043433
0.47185
0.04945
0.34923
-0.0042626
0.62529
0.4438
-0.57581
0.031449
0.71193
0.087625
-0.00097053
-0.0082759
0.21387
0.18343
-0.0054111
-0.39693
-0.34045
-0.71048
0.97066
-0.0023519
-0.88458
-0.94515
-0.0073752
0.026085
-0.45722
-0.041499
-0.0081228
-0.34662
0.18177
-0.59683
-0.028547
-0.64272
-0.22271
0.48917
1.122
1.3867
0.0064057
-0.092898
0.11562
0.75418
-0.25304
0.048785
-0.0015267
-0.0052758
-0.65758
-0.65366
-0.1435
0.055218
-0.23684
-0.0042637
-0.51454
-1.0909
0.80574
0.033392
0.19366
-0.35063
0.0019217
-0.93367
-0.41138
-0.26963
0.082106
0.30062
0.68047
-0.016251
-0.0047199
-0.69093
0.99249
0.0050114
0.85634
0.06109
0.00010947
-0.011421
-0.16266
1.0138
-0.45721
-0.37657
0.48466
-0.88088
0.11211
0.0011403
0.61888
-0.14321
0.67463
-0.0045176
1.0369
0.26996
-0.41919
0.54371
0.92056
0.043328
0.0202
0.30441
0.043328
0.74729
-0.0047179
-1.0773
-0.53507
-0.49889
1.1091
-0.00049399
-0.37261
-0.83839
-0.015049
0.0053402
0.40344
0.17969
-0.025123
0.24678
-0.34093
0.66495
-0.46414
-0.78085
-0.36886
1.1891
0.49995
0.84175
0.0049531
-0.8317
0.27991
0.16814
-0.53706
0.0052623
0.00080048
-0.0017684
-0.8827
-0.091172
-0.31963
-0.022686
0.8073
-0.0036479
0.16947
-1.1769
0.74403
-0.012762
0.10817
-0.30885
0.0053361
-0.78304
-0.28494
-0.34576
0.28601
0.60622
-0.087003
-0.5022
-0.12622
-0.49879
1.0054
0.0062052
-0.048974
0.013291
-0.017573
-0.0029222
-0.99047
0.90562
-0.74173
-0.26136
-0.18312
-0.53335
-0.086615
0.0036143
-0.15396
-0.323
0.5071
-0.0059034
1.141
0.23809
-0.12055
0.60135
0.41282
-0.013119
0.028298
0.86444
0.010236
1.0517
0.0012064
-0.72063
-0.10817
0.80758
1.1942
-0.0027052
0.63505
-0.55319
-0.010629
-0.0044832
0.50379
0.4586
-0.019034
0.29425
-0.92119
1.0674
-0.61679
-0.66841
0.10904
0.57441
0.16706
-0.28364
0.0024331
-0.62986
0.36918
-0.37427
-0.6996
-0.45164
-0.0012456
-0.0018557
-0.71823
0.052773
-0.39727
-0.09718
1.0222
0.00084485
0.59895
-0.98938
-0.01335
0.034655
-0.14561
-0.25443
0.0081594
0.020257
0.29733
-0.3025
0.38207
0.44981
-0.62842
-0.88494
-0.17052
0.24084
0.031506
0.0025992
-0.23367
0.35065
-0.013363
0.0035605
-0.85217
0.86324
-0.21389
-0.53301
-0.44228
0.61719
-0.38036
-0.00075424
-1.0137
-0.4296
-0.4474
-0.0092598
1.0617
0.19119
0.12192
0.066361
-0.10264
-0.065222
0.025022
0.44515
-0.19495
0.47559
0.0056553
0.20498
0.060794
1.3599
1.1708
-0.0057184
0.77986
-0.34369
-9.4457e-05
-0.020905
0.11469
0.7317
-0.002225
0.15737
-1.045
0.34491
-0.62421
-0.073959
0.95034
-0.27501
-0.059085
-0.86237
1.3298e-05
-0.11911
0.25421
-0.49363
-0.73667
-0.75945
-0.0056398
-0.0034021
-0.43983
-0.052126
-0.3888
-0.10693
0.37611
0.0093154
0.57053
-0.70075
-0.8173
0.052324
-0.52591
-0.32562
0.0073255
0.94062
0.50912
-0.22463
0.33219
0.34461
-0.73747
-0.75181
-0.017917
0.59782
-0.79617
0.003705
-0.092434
0.79672
-0.0055516
0.0077778
0.55885
0.95189
1.0812
-0.65795
-0.098811
0.90148
-0.55158
-0.005973
-0.4018
-0.35549
-1.1222
-0.010727
0.7152
0.16064
0.17026
-0.47163
-0.54521
-0.087242
0.010738
-0.63795
-0.42581
-0.59185
0.0088798
0.86953
-0.20405
0.34803
1.1103
0.0050388
0.27326
-0.35843
0.0069196
-0.040493
0.017611
0.60686
0.01638
0.4762
-0.53366
-0.0029168
-0.50762
0.64654
1.2128
-0.18601
-0.29051
-0.63653
-0.0053868
0.069088
-0.0039254
-0.2971
-0.72642
0.23203
-0.016586
-0.0020174
-0.089428
-0.030018
-0.38127
-0.063377
-0.17756
0.0062679
0.3278
-0.5263
-1.0466
-0.034822
-0.67941
-0.35432
0.0055928
1.1095
0.16732
-0.17223
0.12142
0.3317
-0.53443
-0.29729
-0.11547
0.32933
-0.77954
0.0014946
-0.12257
0.71072
-0.0021089
0.0057411
1.3264
0.91882
1.4599
-0.31504
0.097116
0.25024
-0.38566
-0.0068804
0.7601
-0.23898
-0.90223
-0.0083502
0.22602
0.094392
0.097273
-0.59924
-0.64279
-0.066943
-0.0097662
-1.075
-0.39166
-0.90602
0.0032925
0.72187
-0.38164
-0.60487
0.84091
0.012409
-0.012788
-0.2813
0.004947
-0.045508
0.046161
0.17061
0.015633
0.60112
0.13046
0.18021
-0.20783
0.79979
0.65988
0.23218
-0.45927
-0.18645
-0.010079
-0.017331
-0.22107
-0.04174
-0.61738
1.2658
-0.0031258
0.0024754
0.60385
1.0957
0.018992
0.055981
-0.064904
-0.008036
-0.1958
-0.1672
-0.16492
-0.23726
-0.18046
-0.88425
0.0015168
0.17898
-0.17248
-1.1314
0.6574
-0.23685
0.33927
-0.044985
-0.71268
0.13886
-0.038747
0.0038006
-1.2456
-0.80048
0.0067679
-0.01455
-0.049778
-0.39283
0.16533
0.20203
0.020927
-0.25121
-0.15799
-0.0035633
-0.055311
0.75226
0.45151
-0.0060245
-0.80801
0.64544
-0.15008
-0.52161
0.12634
0.073261
-0.0099714
0.12646
0.59403
-0.28769
-0.0085514
0.93295
1.2982
0.020895
0.93807
0.01601
-0.087408
-0.64906
-0.0045994
0.065962
-0.73613
-0.13045
0.016034
-0.59836
0.32891
-0.94288
0.83517
-0.37767
-0.039309
-0.55291
0.26473
-0.56248
0.015751
0.52896
0.021072
0.76576
0.5971
0.0024837
-0.007078
0.0052011
0.31219
0.41662
0.046955
0.074235
-0.26382
-0.0070075
-0.14918
-0.35204
-0.16071
-0.33153
-0.090507
-0.57272
-5.693e-05
0.047218
-0.10451
-1.4712
0.49051
-0.46768
0.67318
-0.25988
-0.763
-0.0873
0.16044
0.008179
0.049183
-0.60514
0.025752
-0.01794
0.055853
-0.48536
0.22691
-0.13619
0.42514
-0.24382
-0.14855
-0.00049559
-0.017492
0.74881
0.28038
-0.0073714
-0.68422
1.0969
-0.22771
-0.32664
0.88625
0.095424
-0.0029809
0.12279
0.56545
-0.42885
-0.00967
0.33993
0.71767
-0.46974
1.3202
0.01838
-0.51399
-0.8932
-0.0092697
0.078077
-0.79917
-0.24732
0.0060932
-0.67528
0.60546
-0.98296
1.0913
-0.76217
-0.050074
-0.89719
0.54101
0.046754
0.013815
0.6835
0.27581
1.2421
0.65771
-0.0080251
-0.006262
0.0026654
-0.45103
-0.67326
0.02555
0.065266
-0.69702
-0.0020741
-0.015894
-0.49549
-0.10817
-0.38131
0.074548
-0.057067
-0.0028281
-0.167
-0.36611
-1.236
0.11674
-0.43026
0.69158
-0.37399
-0.25926
-0.40635
0.57836
0.0062524
1.2531
-0.20163
0.02599
-0.015545
0.067296
-0.56001
0.22792
-0.32591
0.72989
-0.48105
0.0013846
-0.0020638
0.44876
0.61347
0.023573
-0.0074541
-0.10162
1.0139
-0.53215
0.31478
1.1476
0.076744
0.0062559
0.059019
0.33699
-0.43606
-0.0097198
-0.65355
-0.62469
-0.69154
1.2033
0.0099401
-0.87386
-1.0397
-0.010905
0.051722
-0.22568
-0.1482
-0.0091083
-0.11785
0.5882
0.24474
0.82214
-0.73912
-0.36264
-0.15841
0.61504
1.0368
0.0056898
0.1392
0.593
0.90086
0.45841
0.10957
-0.0062025
0.00010946
-0.86625
-0.802
-0.20079
0.020593
-0.63401
0.0017182
0.388
-0.70616
-0.32891
-0.40551
0.044072
0.33009
-0.008079
-0.48542
-0.73149
-0.83493
-0.0033409
0.050669
0.067258
-0.60611
0.14421
-0.67465
0.96623
-0.00057961
0.62424
-0.035158
0.0057824
-0.0099188
-0.44806
-0.67942
0.056219
-0.23723
0.4657
-0.79849
0.19316
-0.004914
0.67398
0.55273
0.43801
-0.0064853
0.65207
0.57999
-0.71411
0.51284
0.62532
0.02739
0.0174
0.3044
0.50141
0.091913
-0.003866
-0.71387
-0.82113
0.2362
0.9351
0.0024451
-0.23781
-0.99483
-0.012888
0.0070129
0.25805
0.2987
-0.022179
0.48393
0.21276
1.1965
0.40551
-0.38337
-0.83391
0.9832
0.35707
1.2945
0.0028361
-0.33034
0.81245
-0.048885
0.05076
0.048272
-0.0017762
-0.0019783
-0.73835
-0.33342
-0.35068
-0.043361
0.1565
0.00092805
0.81945
-0.76181
-0.77853
-0.3646
-0.26003
0.47281
-0.0066338
-1.0272
-0.20649
-0.65652
0.0098037
0.39551
-0.66301
-0.63059
0.30136
-0.45629
0.46001
-0.0024697
-0.183
-0.035763
-0.00042714
-0.00014713
-1.0403
-0.80208
-0.091772
-0.35762
-0.20883
-0.30911
-0.077905
-0.0015948
-0.037226
0.34366
0.8135
-0.011828
1.1252
0.1867
-0.68422
-0.055001
-0.061779
-0.028603
0.027037
0.60137
0.96586
0.7791
0.0010957
-0.066056
-0.27643
1.1946
0.74447
0.0014894
0.77622
-0.73489
-0.0037086
-0.034185
0.17448
0.78942
-0.021128
0.21233
-0.49037
0.72378
-0.028695
0.055747
-0.82738
0.83266
0.082235
0.49957
0.0024957
-0.31555
0.93977
-0.7221
-0.35792
-0.50872
-0.00049027
-0.0049166
-0.33723
-0.065641
-0.341
-0.087537
0.76792
-8.3572e-05
0.79871
-0.52954
-1.144
-0.20966
-0.54786
0.33895
-0.001213
-1.0384
0.61537
-0.61802
-0.057145
0.42949
-0.80225
-0.14974
0.17863
0.13259
-0.60481
-0.0077258
-0.15049
0.27162
0.0053319
0.0052096
-0.47968
-0.7545
0.031953
-0.39636
-0.32741
0.63726
-0.74432
-0.0044262
-1.0384
0.075664
0.091786
-0.01182
1.2611
0.059054
-0.73021
-0.60092
-0.41934
-0.068024
0.023762
0.23011
1.3358
0.72026
0.0069832
0.40875
0.04003
0.80381
0.5605
0.0002073
0.78849
-0.5102
0.0051636
-0.057212
0.037229
0.9084
0.00076255
0.12023
-1.0746
-0.19541
-0.50352
0.5688
0.29557
-0.050216
-0.21027
-0.50295
-0.0023086
-0.067883
0.99808
-0.7091
-0.51448
-0.90708
-0.0072413
-0.0068194
0.038668
-0.0092734
-0.34985
-0.07439
0.55047
0.00095294
0.378
-0.12068
-0.93138
-0.066899
-0.79188
0.091208
0.0047072
-0.23355
0.47209
-0.61891
-0.054067
0.34586
-0.61825
0.52353
-0.062808
0.44905
-0.93344
-0.0035157
0.015107
0.82542
0.016763
0.014209
0.88575
-0.46111
0.62329
0.18512
0.087324
0.65961
-1.0827
-0.010343
-0.80743
0.080962
-0.97826
-0.0088449
1.0651
0.24472
-0.7093
-0.58568
-0.66667
-0.072415
0.014754
-0.60406
1.2063
-0.1284
0.0050152
0.44153
-0.17745
-0.46507
0.35185
0.011404
0.2268
-0.46053
0.012382
-0.059776
0.096547
0.45836
0.017856
0.63652
-1.1007
-0.20418
-0.71665
0.71737
1.5455
-0.28783
-0.35972
-0.73022
-0.011452
0.03152
0.82729
-0.26351
-0.52124
0.22059
-0.01134
-0.00312
0.2524
0.020237
-0.35522
-0.037413
0.056525
-0.0023477
0.0067048
0.033702
-0.41203
-0.045748
-0.82448
-0.035023
0.0024702
0.39219
-0.097925
-0.53398
-0.041495
0.28475
-0.40457
0.78086
-0.1851
0.24424
-0.50755
8.2987e-05
-0.038682
0.88338
0.018848
0.010328
1.2452
-0.12846
0.97871
0.73114
0.26275
0.086886
-0.67267
-0.0079454
0.23079
0.13539
-1.1737
-0.0073929
0.67467
0.19573
-0.53117
-0.24477
-0.64272
-0.050409
-0.0038555
-0.98499
0.74348
-0.59521
0.0034263
0.14553
-0.35009
-0.91002
0.14532
0.016435
0.036745
-0.44018
0.01434
-0.050521
0.05584
-0.13888
0.017064
0.81225
-0.66419
0.24002
-0.52585
0.39696
1.4581
0.032585
-0.39257
-0.39268
-0.01048
-0.038661
0.42393
0.11161
-0.38841
1.2938
-0.0079796
0.0050491
-0.098775
1.3142
-0.12801
0.053601
0.23782
-0.010529
1.2107
0.42847
-0.20306
-0.47683
-0.18134
-0.83066
0.002524
0.13379
-0.14028
-0.68382
0.34722
-0.06932
0.3367
-0.4044
0.13368
-0.48692
0.52086
0.0016375
-1.1124
-0.89343
0.015172
-0.016156
0.12692
-0.40085
0.34829
0.24569
0.085843
-0.068554
-0.1733
-0.0019392
-0.08384
0.45839
0.55433
-0.0021274
-0.33352
0.31308
0.2707
-0.37821
0.7747
0.078512
-0.0035731
-0.087357
0.093815
-0.25259
-0.012942
0.38939
1.3766
-0.15871
0.35533
0.028213
0.073734
-0.25077
-0.011554
0.1048
-0.69215
0.11409
0.0089175
-0.81014
0.43874
-1.145
0.17278
-0.79041
0.12041
-0.47773
-0.95038
-0.70413
0.011399
0.34623
0.056802
0.95641
0.43661
-0.077659
-0.0078199
0.0036595
-0.2601
1.1826
-0.30011
0.05634
0.10278
-0.0063602
1.5359
0.64779
-0.47277
-0.76864
-0.084091
-0.39883
-0.0016645
0.17219
-0.15508
-0.72178
0.097667
-0.31973
0.62647
-0.66819
-0.14285
-0.72127
0.70032
0.0058031
0.15639
-0.80176
0.021028
-0.010592
0.24043
-0.52158
0.45902
0.071433
0.50406
-0.061953
-0.059462
0.0032865
-0.035298
0.59885
0.35009
-0.0027243
-0.51112
0.82944
0.49674
-0.13446
0.95749
0.084343
0.008811
-0.049259
-0.10323
-0.38282
-0.014858
-0.26614
0.70356
-0.65221
0.31259
0.026773
-0.41388
-0.24001
-0.011969
0.13501
-0.58472
0.11156
0.0040231
-0.74632
0.64157
-0.40084
0.60037
-0.99093
0.056947
-1.0277
-0.96349
-0.56398
0.012559
0.71453
0.24078
1.1949
0.56273
-0.1277
-0.0085811
0.0016523
-0.45356
0.16283
-0.43896
0.037801
-0.42586
-0.0011285
1.2623
0.78445
-0.73288
-0.96994
0.22352
0.40522
-0.011808
0.26201
-0.5676
-0.52963
-0.29506
-0.39583
0.53283
-0.76596
-0.34554
-0.84262
0.92641
0.0033836
1.1029
-0.42113
0.014769
-0.0056095
-0.016346
-0.81045
0.37269
-0.10535
0.57402
-0.31498
0.16336
0.0015356
0.52674
0.76293
-0.13648
-0.004126
-0.52477
1.1226
0.24764
0.23357
0.30785
0.060597
0.019919
0.044824
-0.36276
-0.61554
-0.010707
-0.71641
-0.73614
-0.38774
-0.046309
0.0096764
-0.82037
-0.29444
-0.019138
0.10842
0.059551
0.28418
-0.015536
0.16832
0.53215
1.0452
0.94342
-0.44814
-0.27454
-0.72048
-0.5627
0.06861
0.00682
0.67063
0.42428
0.60534
0.52371
0.075164
-0.0034056
0.00048981
-0.50251
-0.51791
-0.45999
0.0045806
-0.70734
-0.00069992
0.90458
0.80055
-0.98264
-0.99887
0.32423
0.8802
-0.016566
0.23781
-0.75938
-0.38454
-0.51653
-0.014169
-0.22711
-0.74667
-0.14294
-0.846
0.97936
0.0023549
0.42349
-0.22676
0.0054533
-0.001918
-0.61661
-1.0059
0.22267
-0.1659
0.084993
-0.71721
0.22121
-0.0031372
0.74872
0.82768
0.17223
-0.00064682
-0.39772
0.82774
-0.10624
0.01326
-0.40682
0.012385
0.032014
0.29604
-0.12862
-0.4305
-0.0095977
-0.2853
-0.93839
0.71993
-0.25164
-0.0045563
-0.11173
-0.37506
-0.016313
0.04949
0.40697
0.67882
-0.032321
0.71488
0.22124
1.0729
1.1711
0.29531
-0.83563
0.53819
-0.38538
0.78232
-0.00028762
0.25257
0.53198
-0.42469
0.33699
0.061354
-0.0016526
-0.0095216
-0.3707
-0.53618
-0.27059
-0.028578
-0.31314
-0.0016861
0.73616
0.80343
-1.1584
-0.92202
-0.014179
0.88938
-0.013242
-0.35187
0.27719
-0.21329
-0.67305
0.576
-0.81079
-0.29893
0.33951
-0.54838
0.25142
-0.00076612
-0.2466
-0.18917
-0.00025801
0.00063988
-0.74636
-0.98476
0.10107
-0.35824
-0.36036
-0.38627
-0.29874
-0.0021506
0.068162
0.45667
0.85245
-0.0032231
-0.17063
0.21123
-0.44533
-0.70199
-0.46434
-0.038078
0.038555
0.44648
0.59453
0.33888
-0.0023878
0.35121
-0.38508
0.96785
-0.2098
-0.0038273
0.8836
-0.25281
0.00032976
-0.014596
0.26112
0.93436
-0.031839
0.18123
-0.32557
-0.060573
1.1238
0.73195
-1.218
0.94604
-0.37358
0.88713
-0.0027486
-0.022494
0.63426
-0.87206
0.010498
-0.68447
-0.0041957
-0.01215
-0.12256
-0.34099
-0.021797
-0.03425
0.41727
-0.0023896
0.27071
0.85025
-0.72983
-0.79924
-0.44484
0.56196
-0.0035337
-0.94696
1.1389
-0.13106
-0.84604
1.064
-0.66014
0.58392
0.47581
0.1092
-0.76902
-0.0079397
-0.11565
0.11581
0.0079595
0.0059358
0.12174
-0.98066
-0.10991
-0.048861
-0.26721
0.50002
-1.0436
-0.0097534
-0.90274
0.0080711
0.61065
-0.0041892
0.064074
-0.10212
-0.96118
-1.0003
-0.14774
-0.066345
0.022947
0.0036086
1.313
0.86192
0.0005756
0.30667
-0.059898
0.029758
-0.25931
0.0016585
0.74651
-0.13209
0.0083315
-0.049451
0.15517
0.59207
-0.0049321
-0.065263
-0.75461
-0.60434
0.73855
0.79066
-0.68832
0.23653
-0.32673
0.28123
-0.0093681
-0.081716
0.69336
-0.51825
-0.19608
-1.0929
-0.0085467
-0.01167
0.10974
-0.088817
0.047647
-0.013524
0.62707
-0.0029424
-0.1915
0.92871
0.33929
-0.58428
-0.86218
0.24293
-0.0005609
-0.7194
0.45571
-0.20721
-0.69099
1.1359
-0.40469
1.2353
0.14248
0.58807
-0.73889
-0.011877
0.063574
0.64691
0.024273
0.0072877
0.865
-1.0276
-0.11536
1.0133
0.04641
0.58715
-0.97206
-0.012814
-0.99314
-0.066881
-0.51629
-0.0011775
0.10015
0.089124
-1.3671
-0.5722
-0.10298
-0.064643
0.002487
-0.74912
1.5107
0.53544
0.0022578
-0.17251
-0.23578
-0.76698
-0.50599
0.0081015
0.1687
-0.18281
0.013536
-0.055752
0.089942
-0.26144
0.013715
0.46602
-0.88298
-0.15182
0.1715
0.30034
0.67102
-0.2362
-0.18658
-0.3105
-0.018841
-0.050664
0.63388
0.11226
-0.29152
0.30434
-0.009766
-0.0057909
0.14763
0.11982
0.040772
0.0012661
0.21463
-0.0031985
-0.29918
0.83169
0.88169
-0.34449
-0.90344
0.098881
-0.0044428
-0.21266
-0.42069
-0.21511
-0.3642
0.81353
-0.28179
1.2267
-0.12398
0.41577
0.0011626
-0.012632
0.007055
0.75866
0.026856
0.0039246
0.63702
-0.8061
0.25113
1.4155
0.1215
0.16102
-0.19758
-0.013552
-0.29684
-0.019674
-1.0979
-0.0031586
0.042981
0.16148
-1.2476
0.0025794
-0.26517
-0.042198
-0.01559
-0.99921
1.048
-0.12684
0.0029722
-0.4679
-0.37331
-0.70378
-0.59482
0.0096184
0.075422
-0.25202
0.0096825
-0.045035
-0.051937
-0.77024
0.013992
0.66372
-0.72558
0.27895
-0.085537
-0.265
1.1488
-0.14039
-0.11402
-0.36453
-0.015663
-0.063221
0.35141
0.39098
-0.22532
1.4436
0.0022901
0.0040143
-0.4905
1.0557
-0.44209
0.048227
0.28588
-0.011736
1.1962
0.3912
-0.38652
-0.066947
0.28062
-0.78259
0.0012843
0.012472
0.071631
0.64665
-0.35536
-0.10278
0.24144
-0.59678
1.2069
-0.62415
0.65693
-0.0043874
-0.93295
-0.68604
0.0047001
-0.009192
0.19016
-0.077382
0.36164
0.32454
0.49439
-0.013608
-0.0098597
-0.00026688
-0.25218
0.018403
0.54689
0.0014979
0.20986
-0.82627
0.17778
0.086148
0.64809
0.059485
-0.0071342
-0.36765
-0.11274
-0.28458
-0.012228
-0.27525
1.1844
-0.3491
-0.32024
0.019545
0.11161
-0.089363
-0.012051
0.082765
-0.61103
0.1467
0.013385
-0.97264
0.28997
-0.76747
-0.65559
-0.7759
0.25825
-0.28483
-1.0307
-0.19239
0.0010886
0.43034
0.14716
0.66916
0.39014
-0.12474
0.0036242
-0.00022968
-0.47569
1.4499
-0.73541
0.04634
0.25109
-0.0096328
1.3888
0.84323
-0.50257
-0.14623
0.38149
-0.48735
-0.00311
0.054035
-0.16061
1.269
-0.64908
-0.27203
0.49718
-0.67936
0.84227
-0.67409
0.68952
0.0030088
0.24221
-0.72792
0.0023567
-0.0035952
0.25114
-0.07195
0.29461
0.19423
0.68652
0.10527
0.23999
-0.0002151
-0.15357
0.18247
0.34903
0.007171
0.16061
-0.67516
0.45035
0.06072
0.16445
0.05801
0.0060849
-0.28459
-0.46021
-0.31618
-0.015864
-0.77646
0.54753
-0.45581
-0.49874
0.019676
-0.46362
0.0091583
-0.011875
0.12153
-0.32928
0.30685
-0.0039642
-0.97908
0.37051
0.34621
-0.398
-0.46098
0.26884
-0.92165
-1.192
-0.47137
0.0065004
0.7783
0.23352
0.6439
0.47712
-0.10186
0.0050663
-0.00056602
-0.1857
0.98404
-0.78598
0.035392
-0.16214
-0.0042113
0.73007
1.1328
-0.36017
-0.43954
0.48398
0.3596
-0.018875
0.2018
-0.80056
1.359
-0.86326
-0.45792
0.51968
-0.42958
-0.25768
-0.52805
0.72967
0.0031914
1.0586
-0.54046
-0.0039229
-0.00030867
-0.30596
-0.18061
0.028114
-0.1344
0.26709
-0.18663
0.35376
0.002407
0.5952
0.63391
-0.21587
0.0031072
-0.064366
-0.10552
0.44783
-0.25827
-0.79647
0.038396
0.029263
0.084695
-0.88117
-0.54105
-0.010825
-0.61845
-0.7914
0.15497
-0.61882
-0.0052324
-0.83658
-0.17272
-0.014505
0.11303
0.3366
0.53652
-0.030277
0.083249
0.30307
1.2063
0.025196
0.40205
0.051412
-1.0162
-1.0141
-0.4838
0.0039978
0.65065
0.23169
0.034795
0.36793
0.17451
0.00041558
-0.005033
0.035553
0.03358
-0.3701
0.021332
-0.60386
0.0012662
0.15036
1.1485
-0.091301
-0.72243
0.63664
0.82076
-0.026417
0.33177
-0.51556
0.9943
-0.92436
-0.27925
-0.10045
0.017495
-0.66308
-0.48787
0.71366
0.0019296
0.4276
-0.47325
-0.011461
0.0014262
-0.84009
-0.19605
-0.19301
-0.41392
-0.48949
-0.73074
-0.0038937
0.00028027
0.89314
0.77648
-0.13484
0.0023553
-0.5059
0.11938
0.68967
-0.80388
-1.1149
0.0021416
0.050622
0.62739
-0.89295
-0.62795
-0.0070783
0.049432
-1.0232
0.81353
-0.48349
-0.021613
-0.010273
-0.34057
-0.0089035
0.056327
0.68044
0.65136
-0.051527
0.86452
0.15079
0.58395
0.54717
0.93764
-0.42897
0.038344
-0.92896
0.058336
-0.0047023
0.14681
0.1954
-0.7545
0.30959
0.1264
4.2501e-05
-0.012542
0.036632
-0.55862
0.21612
0.0024219
-0.59617
-0.0030134
-0.071719
1.1109
0.12411
-0.87849
0.37747
0.66795
-0.022051
0.0028975
1.12
0.62469
-0.87819
0.28236
-0.55768
0.45975
-0.1539
-0.41252
0.16926
0.0028688
-0.21222
-0.35903
-0.0079498
0.0022542
-0.28171
-0.077563
-0.34793
-0.54268
-0.65598
-0.57454
-0.68164
-0.004312
0.2523
0.15821
0.59058
-0.00041787
-0.8008
-0.14057
0.87522
-1.1363
-0.62709
-0.029468
0.046102
0.7621
-0.55566
-0.12713
-0.004292
0.35789
-0.47998
0.32625
-0.28105
-0.019273
0.95283
-0.19867
-0.0027147
0.0075851
0.45873
0.36825
-0.03843
0.40055
-0.097426
-0.46971
1.048
0.92088
-0.98217
0.79449
-0.85278
0.71926
-0.011474
-0.22199
0.22153
-0.80904
0.38475
-0.80589
-0.0053989
-0.010006
-0.033823
-0.55662
0.65948
-0.010783
0.10031
-0.0030278
-0.25869
0.88469
0.64278
-0.97731
-0.31661
0.39327
-0.0099196
-0.42052
1.6977
0.5347
-0.69871
0.88863
-0.32508
0.73233
0.34252
0.12841
-0.56279
-0.0091625
-0.14139
-0.021806
0.0021199
0.00026337
0.76018
-0.09031
-0.62629
0.14511
-0.41259
0.42305
-0.7131
-0.0072493
-0.65796
-0.51824
0.7979
-0.00030791
-0.78161
-0.43649
0.46662
-0.8967
0.04189
-0.058852
0.010667
0.14577
-0.062725
0.76796
-0.0041949
0.034235
-0.09181
-0.47574
-0.25353
-0.0071709
0.80918
-0.061666
0.0015643
-0.021831
0.14558
-0.40925
-0.0066798
-0.014444
-0.35469
-0.48669
1.2907
0.56846
-1.0828
0.32228
-0.57054
0.68782
-0.013628
-0.33959
0.24245
-0.11793
0.33678
-1.183
-0.011671
-0.0023024
-0.0045967
-0.26205
0.82417
-0.015092
0.64903
0.0018127
-0.26992
0.7515
1.2261
-0.83074
-0.97915
0.37769
-0.005634
-0.41436
0.29465
0.59984
-0.34441
1.0735
-0.08782
0.79945
0.34308
0.69533
-0.39861
-0.018991
0.054333
0.50305
0.017619
-0.0038371
0.82425
-0.44154
-0.75816
1.2895
-0.30464
0.80738
0.24613
-0.0086064
-0.87712
-0.58244
0.055951
-0.006173
-0.60937
-0.2986
-0.24609
-0.30185
0.1071
-0.066079
-0.029932
-0.75989
0.29315
1.0381
-0.0047286
-0.44781
-0.18825
-0.56507
-0.4978
0.0081356
0.24213
-0.10355
0.0011799
-0.031844
-0.14495
-1.1665
0.015189
0.33033
-0.57147
0.12052
1.0195
-0.075333
-0.52991
-0.23007
-0.22541
0.10183
-0.01526
-0.31386
0.2054
0.48707
0.095954
0.43631
-0.01524
-0.0030003
0.0014575
0.0088926
0.73289
-0.0091235
0.4101
0.0034539
-0.11794
0.64885
1.1445
-0.50039
-1.0128
0.38638
-0.0027063
-0.23939
-0.81105
0.56088
-0.10103
0.80494
-0.03575
0.63964
0.067705
0.59023
0.32428
-0.019997
0.049638
0.63319
0.016617
-0.0035506
0.01558
-0.60539
-0.35865
1.4483
-0.21201
0.39294
1.0004
-0.010075
-0.45038
-0.33317
-0.62539
-0.006285
-0.36941
-0.060257
-0.61137
0.10099
-0.17117
-0.047879
-0.046796
-1.0625
0.39683
0.51268
-0.0026779
-0.51331
-0.31793
-0.17822
-0.57398
0.0056533
0.098596
-0.14389
0.0014302
-0.030675
-0.3424
-1.1889
0.017982
0.45568
-0.57228
0.29692
0.55845
-0.47848
0.064342
-0.25064
-0.067847
-0.17356
-0.013865
-0.18916
0.097824
0.50143
0.0077721
1.6146
0.011262
0.0020845
-0.5809
0.50405
-0.4714
0.024722
-0.046084
-0.017061
0.09834
-0.2135
-0.17409
0.75269
1.0525
-0.82253
0.0061949
-0.26808
0.074372
0.92873
-0.78667
-0.062258
0.053564
-0.081057
1.7524
-0.087186
0.30783
-0.011044
-0.90896
-0.47986
-0.022433
0.0015117
0.045853
-0.16058
0.43173
0.18733
1.1902
-0.0014835
0.18295
-0.0014861
-0.42075
-0.019975
0.41989
0.0016425
0.255
-1.3519
-0.21448
0.47137
0.21436
0.041103
-0.01601
-0.46774
0.050025
-0.2439
-0.0067479
-0.69846
1.1993
-0.38698
-0.34361
0.0040424
0.049909
-0.026882
-0.0030632
0.0063787
-0.51064
-0.11011
0.015006
-1.1922
-0.16313
-0.12848
-0.71948
-0.11498
0.11652
-0.059258
-0.12273
0.20019
-0.001283
0.33341
0.15847
0.10056
0.59977
-0.049855
0.018004
-9.8134e-05
-0.48494
1.139
-0.64128
0.019909
0.043579
-0.013105
-0.20253
0.12366
-0.012956
1.2403
1.0195
-0.71193
-0.0018188
-0.27098
-0.33262
1.4075
-1.0528
-0.23596
0.20406
0.14475
1.6254
0.15918
-0.026026
-0.0076513
0.16753
-0.65044
-0.029005
0.0084795
-0.041194
-0.19543
0.18903
0.027393
1.1573
0.07297
0.38167
-0.0046671
-0.22876
0.19423
0.4081
0.0094081
0.39912
-1.6116
-0.23386
0.32255
-0.31263
0.042859
-0.0038107
-0.40044
-0.19994
-0.11546
-0.008644
-0.9083
0.63876
-0.041645
-0.29883
0.001485
-0.53136
-0.056103
-0.0046972
0.02261
-0.08585
0.013093
0.0011321
-1.3415
-0.066296
0.63393
-0.66669
0.5951
0.081359
-0.69384
-0.0031142
-0.14094
-0.0027863
0.39775
0.25706
-0.030565
0.6926
0.025785
0.013308
-0.0016147
0.0088351
1.2292
-0.39742
0.020839
-0.12121
-0.0066027
-0.60392
0.34902
0.35176
1.2167
0.6573
-0.022253
-0.019335
-0.091877
-0.96339
1.2837
-1.0025
-0.53417
0.25755
0.47892
0.40712
0.44778
-0.12612
0.00057717
0.96961
-0.64522
-0.029833
0.0080122
-0.63155
-0.16339
-0.14912
-0.34925
0.18205
-0.24528
0.26217
0.0010912
0.65687
0.71226
-0.081949
0.00033937
0.34648
-1.1896
-0.056936
-0.37254
-0.80665
0.027695
0.025279
0.1106
-0.5067
-0.28098
-0.0014001
-0.2774
-0.52535
0.60205
-0.24707
-0.021824
-0.93396
-0.29138
-0.0013989
0.023029
0.62092
0.22368
-0.029663
-0.24025
0.11702
0.6372
-0.59896
1.2006
0.037866
-1.0402
-0.086843
-0.51113
-0.0067018
0.045962
0.24573
-0.37659
0.44952
0.31414
0.0097972
-0.0098008
0.39427
0.54699
0.41958
0.015716
-0.47932
0.0041868
-0.64199
0.33291
0.78068
0.92212
0.61477
0.36756
-0.035418
0.10945
-0.27314
0.87032
-0.62563
-0.74275
-0.047997
0.80984
-0.54589
0.21416
0.025396
0.0064279
0.52274
-0.59378
-0.021517
0.00252
-0.83982
-0.017924
-0.31821
-0.64563
-0.81605
-0.76202
-0.43924
0.0020929
0.90383
0.74285
-0.27753
-0.0076883
-0.093937
-0.67375
0.59459
-0.9099
-0.72561
0.0070585
0.052016
0.90674
-0.6408
-0.54016
0.0002228
0.36832
-0.83802
0.57917
-0.26985
-0.035285
-0.22928
-0.38604
0.002009
-0.013387
0.96436
0.061802
-0.045794
0.83005
0.34726
-0.091645
-0.63978
1.0793
-0.10363
-0.28729
-0.5058
-0.43062
-0.0093766
-0.466
0.19867
-0.71509
0.40929
0.18894
0.0027749
-0.010179
0.35676
-0.23494
1.1435
-0.015989
-0.63591
0.0020404
-0.36688
0.19132
0.90796
0.5324
0.39126
0.33129
-0.025115
0.012766
1.4645
0.37994
-0.054992
-0.6953
-0.34964
0.78948
-0.46647
-0.19807
-0.10017
0.0005566
-0.14474
-0.39834
-0.0081636
-0.00091306
0.057902
0.1173
-0.43624
-0.56982
-0.92305
-0.65605
-0.9558
0.00054479
0.19743
-0.12251
0.13419
-0.004771
-0.57525
-0.48091
1.2965
-0.71166
-0.2987
-0.0192
0.036939
1.2018
-0.69033
-0.51527
-0.0051121
0.37787
-0.49353
-0.24541
-0.29705
-0.033105
0.69321
-0.1323
0.0029197
-0.03454
0.67544
-0.55112
-0.026849
0.66266
0.5069
-0.51071
-0.3641
0.52659
-0.43344
0.59367
-0.8667
0.10735
-0.0090109
-0.6721
0.27484
-0.57669
0.7437
-0.86051
-0.01003
-0.0030239
0.11402
-0.51693
1.3683
-0.070979
-0.067382
-0.0014477
-0.14204
-0.16585
0.85592
0.13218
-0.41522
0.41803
-0.0076237
-0.118
1.5891
0.21968
0.56258
-0.70566
-0.2355
0.34515
0.0041359
0.0048686
-0.45153
-0.01141
-0.14038
0.0018178
-0.0012722
-0.012292
1.1461
0.17882
-0.68249
0.22924
-0.69168
0.35212
-0.045835
0.00066793
-0.57591
-0.82377
0.54934
-0.0056484
-0.71372
-0.61789
1.6169
0.050926
0.0022566
-0.050102
-0.01856
0.48596
-0.74513
0.14881
-0.0097417
-0.03242
-0.14841
-0.637
-0.20267
-0.015716
0.7103
-0.06582
-0.003058
-0.0494
0.1163
-1.2338
0.0026564
0.1612
0.33808
-0.12948
0.26143
0.054763
-0.77704
0.43084
-0.83465
0.35901
-0.0057203
-0.67885
0.29636
0.014385
0.86641
-1.225
-0.015265
0.0074151
0.010282
-0.4399
1.2833
-0.10754
0.63555
0.0064321
-0.018636
-0.30096
0.60646
-0.10362
-1.0541
0.71615
-0.00035514
-0.031226
-0.24888
0.42615
0.96747
-0.73844
-0.049934
-0.13167
0.19838
0.39523
-0.20565
-0.02407
0.051388
0.52362
0.0079481
-0.017405
0.89167
-0.11104
-0.89492
1.1225
-0.6897
0.86422
1.4371
-0.0028917
-0.73216
-0.78858
0.23575
-0.0082786
-0.46938
-0.61769
1.3776
0.56677
-0.12821
-0.075412
-0.070645
-0.62412
-0.58415
0.83039
-0.0087264
-0.27169
-0.18249
-0.23561
-0.21271
0.0049287
0.34441
-0.14005
-0.00839
-0.053835
-0.30786
-1.4507
0.019951
0.30661
-0.14262
0.28237
0.62139
-0.37127
-0.90028
-0.039826
-0.47971
0.0053397
-0.0063922
-0.63285
0.21669
0.36581
0.53915
0.35119
-0.014646
0.0043769
0.048932
-0.31055
1.041
-0.08032
0.55278
0.0023969
0.0093896
-0.16444
0.23916
-0.080098
-0.93003
0.71431
0.0058015
-0.0626
-1.2758
0.48523
0.79486
-0.56054
0.076357
-0.22232
0.10236
0.35199
0.35959
-0.030254
0.054236
0.61441
0.0087704
-0.013853
-0.19226
-0.33913
-0.64212
1.1175
-0.50357
0.51344
1.7166
-0.01029
-0.36241
-0.38377
-0.21596
-0.011504
-0.12536
-0.3379
0.73579
0.45135
-0.2885
-0.056763
-0.073769
-1.0364
-0.26402
0.73994
-0.00599
-0.10875
-0.22057
0.16634
-0.23244
0.0029426
0.19388
-0.09872
-0.0085611
-0.040444
-0.4891
-1.1218
0.019452
0.32876
-0.36437
0.14454
0.55438
-0.44033
-0.64227
-0.11754
-0.1674
-0.1621
-0.0071431
-0.41416
0.052982
0.30676
0.27008
1.5719
0.0084401
-0.0014193
-0.4467
0.075449
-0.14618
0.0016807
-0.29954
-0.011126
-0.43986
-0.46923
-0.0089071
0.6829
1.0856
-0.70367
0.0058892
-0.3877
-0.050218
0.089726
-0.62563
0.21337
-0.070876
0.4643
1.3893
0.36373
-0.19717
-0.013185
-0.77341
-0.29388
-0.032714
0.0046558
-0.16359
-0.35307
0.32098
0.021269
1.2191
0.0071149
0.1561
-0.0033782
-0.34655
0.0068598
0.23371
-0.0023134
0.026321
-0.85108
-0.22505
0.52587
-0.1906
0.026467
-0.021205
-0.35711
0.16208
-0.16911
-0.0027524
-0.69796
0.98745
-0.26052
-0.11767
-2.1137e-05
-0.017505
-0.0022751
-0.0014153
-0.041914
-0.39062
-0.22041
0.014476
-1.1655
-0.24583
0.23888
-0.26878
0.42362
0.083888
0.017242
0.52111
0.13287
-0.0036145
0.090912
-0.017655
-0.25119
0.54626
0.015676
0.015964
-0.0029489
-0.30646
0.54597
-0.099263
-0.0076526
-0.16721
-0.012814
-0.81976
-0.31659
0.17909
1.278
1.0244
-0.59294
0.0032284
-0.44241
-0.38862
-0.017141
-0.78779
0.015964
-0.067488
0.65714
1.4775
0.67972
-0.57329
-0.0099599
-0.00035127
-0.47143
-0.041683
0.0072486
-0.34905
-0.40312
0.19543
-0.14426
1.1661
0.035828
0.29268
-0.0073529
-0.1695
0.22263
0.39578
0.00084065
0.19254
-1.1599
-0.44181
0.45822
-0.41354
0.029997
-0.018072
-0.44835
0.042429
0.042981
0.00087254
-0.62612
0.72318
0.24403
0.15651
-0.011099
-0.41974
-0.033961
0.0015345
-0.051414
-0.054841
-0.27316
0.0089603
-1.2912
-0.18667
0.54672
-0.23026
0.95912
-0.12631
-0.51118
0.85513
-0.04919
-0.0084649
-0.047001
0.14029
-0.36801
0.60719
0.082327
0.012636
-0.00025176
0.030347
0.95928
0.22544
-0.008201
-0.18207
-0.0086142
-0.89431
-0.11568
0.30184
1.5935
0.58764
-0.12751
-0.017655
-0.22689
-0.69188
-0.25056
-0.63
-0.34585
-0.082253
0.77097
0.80594
0.78672
-0.59919
-0.0015058
0.65515
-0.54479
-0.037318
0.0041926
-0.68365
-0.30573
0.023228
-0.45563
0.15084
-0.2675
0.069919
-0.003208
0.59045
0.6305
0.084439
-0.0045275
0.29444
-0.96954
-0.472
-0.039997
-0.29696
0.018545
0.0095129
-0.021771
-0.025817
-0.069396
0.0027008
-0.0065727
-0.080109
0.68336
0.20699
-0.023903
-0.76739
-0.16746
0.0010888
-0.055835
0.61626
-0.21139
-0.013008
-0.34671
-0.023194
0.18754
-0.34887
1.1119
-0.17762
-0.77988
0.79112
-0.31161
-0.010216
-0.38667
0.20527
-0.4409
0.41883
0.32919
0.011137
-0.0058754
0.27238
0.74157
0.92063
-0.0066867
-0.39607
-0.00091275
-0.61028
-0.086728
0.41031
1.6574
0.47629
0.1084
-0.028481
0.007719
-0.020033
-0.36204
-0.018672
-0.68841
-0.20385
0.75954
-0.013148
0.37029
-0.31487
0.0022753
0.38348
-0.46688
-0.019491
0.0032573
-0.60201
-0.15783
0.0093296
-0.56782
-0.69086
-0.69517
-0.60971
0.003415
0.609
0.54449
-0.26175
-0.011414
0.0023782
-0.61344
-0.11048
-0.28596
0.013383
0.0086125
0.029808
0.76525
-0.0090151
-0.33308
-0.0018929
0.43237
-0.41842
0.28379
-0.092923
-0.032201
-0.40717
-0.14296
0.0042061
-0.067631
0.95363
-0.40834
-0.021908
0.60876
0.38035
-0.30164
-0.78537
0.60391
0.01857
-0.33915
0.30897
-0.49589
-0.0095272
-0.6953
0.21666
-0.45098
0.43868
0.19353
0.0037682
-0.01017
0.23929
0.1794
1.3356
-0.034456
-0.43486
0.0016579
-0.17798
-0.22854
0.28834
1.4591
0.19092
0.24036
-0.018814
-0.043726
1.0824
-0.50596
0.69951
-0.95989
-0.31706
0.4418
-0.26003
-0.22016
-0.23682
0.004598
-0.0802
-0.30429
-0.0024905
-0.0078545
0.20086
-0.064288
-0.069972
-0.32316
-0.7973
-0.63856
-0.82019
0.0035892
-0.023215
-0.18713
-0.12346
-0.011715
-0.35227
-0.34124
0.50726
0.18625
0.18674
-0.014722
0.018116
1.1128
-0.131
-0.55962
-0.0043722
0.26021
-0.32643
-0.43765
-0.31769
-0.02714
0.31169
0.0044676
0.0032611
-0.072747
0.64857
-0.80847
-0.015307
0.61807
0.75041
-0.26142
-1.0791
0.053748
0.067649
0.3324
-0.41787
-0.25231
-0.0011467
-0.74735
0.34123
-0.28844
0.75543
-0.70455
-0.010652
-0.0049723
0.055247
-0.20168
1.2043
-0.096979
-0.028218
0.002175
0.093203
-0.55811
0.040468
1.1049
-0.47573
0.47432
-0.0020457
-0.10059
0.8552
-0.49708
1.261
-1.4053
-0.25571
-0.13511
-0.1024
-0.23704
-0.33775
-0.0051093
-0.10331
0.035259
0.0026944
-0.015197
1.0347
-0.039928
-0.27761
0.24985
-0.69376
0.10396
0.31418
0.0037122
-0.4845
-0.651
0.20365
-0.014049
-0.45532
-0.3679
0.98211
0.98787
0.053768
-0.040687
-0.035213
0.52543
-0.46295
-0.39959
-0.0068674
-0.030622
-0.15823
-0.47065
-0.1396
-0.013578
0.46196
-0.077658
-0.0044037
-0.0687
0.09425
-1.0502
0.0064342
0.12029
0.59394
0.13612
-0.78455
-0.20913
-0.20095
0.4304
-0.6925
0.0035977
-0.0026639
-0.60697
0.33374
-0.025341
0.75777
-1.0123
-0.011342
0.0070168
0.015095
-0.39333
0.81059
-0.13274
0.54289
0.0067882
0.09565
-0.71523
-0.30319
0.63035
-0.82684
0.6999
0.0024153
0.026665
-0.68058
-0.31888
1.4269
-1.6185
-0.098926
-0.54029
0.020667
-0.014449
-0.18532
-0.019284
-0.011152
0.45205
0.00082716
-0.017167
0.80018
-0.21665
-0.55859
0.72732
-0.72199
0.52275
1.4415
0.00027743
-0.50736
-0.56413
0.20556
-0.0148
-0.26232
-0.48892
1.2155
1.1622
-0.23478
-0.062907
-0.070476
-0.46712
-0.5257
0.22561
-0.0088852
-0.063373
-0.14523
0.032231
-0.017054
0.00074437
0.30413
-0.16951
-0.0086591
-0.068814
-0.29568
-0.93746
0.017665
0.037899
0.10876
0.20544
-0.15382
-0.36861
-0.54493
0.17706
-0.46002
-0.1085
-0.00040203
-0.57136
0.18379
0.097428
0.47884
0.16097
-0.012582
0.0045541
0.098025
-0.41135
0.56947
-0.09668
0.57554
-0.0010644
-0.05287
-0.55462
-0.42192
0.26248
-0.55522
0.56653
0.0032305
0.038421
-1.2298
-0.13991
1.0043
-1.2741
0.12011
-0.46437
0.016392
0.072179
0.11923
-0.024181
-0.019844
0.48421
0.0016478
-0.0073134
-0.060994
-0.29201
-0.52136
0.67907
-0.53457
0.28104
1.3663
-0.0066634
-0.18313
-0.24578
-0.0048891
-0.011225
-0.033802
-0.38258
0.90714
0.69906
-0.23332
-0.041099
-0.060086
-0.88384
-0.32922
0.51447
-0.0073728
0.13891
-0.15592
0.26616
-0.006052
0.0024289
0.22443
-0.10557
-0.0091749
-0.046835
-0.38198
-0.62183
0.015988
0.011924
-0.17388
-0.08029
0.15499
-0.32517
-0.56345
0.060815
-0.12152
-0.12801
-0.0018305
-0.37097
-0.017753
0.057766
0.26011
1.0671
-0.0016051
-0.0073675
-0.0016863
0.0050167
0.0040112
0.0036776
-0.00090233
-0.012368
-0.0040528
-0.0037884
-0.0015758
0.0046538
0.012886
0.0059904
-0.0048478
-0.016438
0.00024925
-0.0013891
-0.0020178
0.0045694
0.011608
0.0038327
-0.0070591
-0.01403
0.00031744
-0.0038245
-0.0070974
0.0010877
0.0020278
0.0029051
-0.0034874
-0.010496
-0.0058493
-0.010365
-0.0080627
-0.00027552
-0.00036236
0.003051
-0.003894
-0.010649
0.0021421
0.0024311
0.0051215
0.002821
-0.0010269
0.00065531
-0.0065614
-0.014352
0.017129
0.018511
0.015019
0.0093116
6.9269e-05
-0.0031662
-0.0089186
-0.013709
0.016072
0.014509
0.013445
0.014081
0.0059331
-0.0075961
-0.011794
-0.005234
0.0015389
-0.00058829
-0.0018065
-0.00087889
-0.0044381
0.00091304
0.004125
0.0011233
0.0051276
0.0010009
-0.0012826
-0.0052842
-0.0010711
-0.00024158
0.0037094
0.0049923
0.0045507
0.0040969
-0.00065045
-0.0018064
0.0032022
0.00036987
-0.0016913
0.0018191
0.007231
0.0063762
0.0022691
-0.0013996
8.7445e-05
-0.0019229
-0.0039888
-0.0029923
0.0043674
0.0041544
0.00191
-0.0018451
-0.0026879
-0.0078037
-0.0052541
-0.0039629
0.00687
0.0012122
-0.0026936
-0.0031433
-0.0089794
-0.0035859
-0.0021892
-9.7993e-05
0.0069155
-0.00062516
0.00050959
-0.0047873
-0.0097283
-0.0015071
0.0083345
0.0068951
0.0033983
1.0296e-05
-0.00051904
-0.0045853
-0.0085809
0.0012091
0.0068178
0.0058981
0.54976
1.1279
1.2434
0.71153
0.040367
-0.40388
-0.6257
-0.68068
1.0956
1.5091
1.1067
0.17367
-0.50532
-0.70734
-0.74531
-0.53728
1.1807
1.172
0.27055
-0.66454
-0.91386
-0.73942
-0.38618
-0.038684
0.54914
0.31755
-0.43517
-0.85632
-0.7278
-0.28913
0.021358
0.25949
-0.083234
-0.20829
-0.43859
-0.47059
-0.28956
-0.042431
0.077186
0.08501
-0.48292
-0.4423
-0.15687
0.064257
0.0098185
-0.0057529
0.012018
-0.025201
-0.61368
-0.50769
0.058931
0.3961
0.28459
0.050128
0.0024651
0.023073
-0.44108
-0.26816
0.063639
0.29982
0.25139
-0.008397
-0.035351
0.085123
-0.63672
-0.58977
-0.2476
0.066175
0.071808
-0.25908
-0.56464
-0.46022
-0.45133
-0.79405
-0.72607
-0.2979
-0.023384
-0.13298
-0.31906
-0.22382
0.3774
-0.37302
-0.95182
-0.65933
-0.14958
0.040195
-0.047367
-0.027162
1.1563
0.41953
-0.64532
-0.77144
-0.31034
-0.0547
-0.06624
-0.010594
1.3058
1.1784
0.21955
-0.4784
-0.5432
-0.35039
-0.12025
0.09037
1.0371
1.4363
1.0581
0.12418
-0.55872
-0.56996
-0.25333
0.0087243
0.56033
1.1733
1.2442
0.59799
-0.19362
-0.53196
-0.41853
-0.33175
0.15516
0.58459
0.92064
0.71777
0.17432
-0.20027
-0.384
-0.40941
-0.035673
-0.27231
-0.44114
-0.43243
-0.3372
-0.32983
-0.35089
-0.27911
-0.080601
-0.29627
-0.355
-0.33389
-0.34718
-0.35225
-0.30204
-0.2406
-0.048472
-0.038032
0.011588
-0.12695
-0.31945
-0.38169
-0.36134
-0.34505
-0.012747
0.046702
0.031101
-0.24145
-0.36513
-0.2991
-0.34817
-0.38817
-0.15189
-0.30383
-0.43832
-0.45839
-0.21246
0.067862
0.10076
0.058858
-0.42431
-0.74123
-0.75114
-0.28646
0.25597
0.63209
0.81999
0.75481
-0.49131
-0.6669
-0.41183
0.44198
1.1258
1.2853
1.2203
1.0436
-0.16579
-0.06825
0.2379
0.89123
1.2996
1.1888
0.81905
0.57982
0.053783
0.079077
0.068032
0.028608
-0.022521
-0.056277
-0.06187
-0.039211
0.086567
0.1208
0.10931
0.056634
-0.0099757
-0.071424
-0.091217
-0.06103
0.081729
0.11256
0.10285
0.055726
-0.021589
-0.091073
-0.10164
-0.062525
0.062523
0.079024
0.065186
0.019664
-0.041965
-0.080917
-0.067417
-0.02812
0.050952
0.057251
0.037753
0.0046567
-0.023876
-0.027517
-0.006055
0.011309
0.047083
0.045363
0.032487
0.020884
0.004293
-0.0086157
-0.013641
-0.0091486
0.032154
0.018874
0.018919
0.021611
-0.01079
-0.06036
-0.097031
-0.071093
0.0051409
-0.0010914
-0.0011972
-0.00027256
-0.032328
-0.095835
-0.13246
-0.094697
-0.64228
-0.87064
-0.41284
0.64224
1.1059
0.59905
-0.093791
-0.26644
-0.67301
-1.0186
-0.82671
0.35394
1.2286
1.0022
0.15604
-0.27909
-0.39992
-0.70057
-0.88531
-0.20293
0.83078
0.99268
0.45471
-0.085745
-0.070765
-0.23513
-0.67613
-0.5699
0.23978
0.75671
0.57068
0.040769
0.17197
0.054524
-0.3997
-0.71325
-0.28479
0.4834
0.64023
0.16997
0.20666
0.21216
-0.15995
-0.5956
-0.61485
0.13534
0.67339
0.38234
-0.034005
0.064364
-0.10285
-0.47377
-0.66837
-0.076215
0.66951
0.56939
-0.32159
-0.19948
-0.23506
-0.42804
-0.49287
-0.063301
0.55677
0.68581
-0.0028631
-0.0077603
-0.0051485
-0.0025797
-0.0011327
-0.00031836
0.0086886
0.0095857
-0.0034029
-0.0080401
-0.0070088
-0.0052558
-0.0065988
0.0039867
0.01252
0.013417
-0.010484
-0.0098655
-0.00056946
-0.0036409
-0.0043525
0.0075235
0.011569
0.0076088
-0.0064001
-0.0049242
-0.002011
0.0005958
0.0014698
0.0060486
0.00748
0.0050968
-0.0044565
-0.0052085
0.0017449
0.0033314
0.0062093
-0.00020537
0.0014566
-0.00017079
-0.010064
-0.011291
0.00021126
0.007442
0.0045154
-0.0026279
-0.00088412
0.0058881
-0.012091
-0.010258
0.0018195
0.0071612
0.0018076
0.0039902
0.0055596
0.0077754
-0.011518
-0.0077693
0.0021557
0.0050877
0.0028555
0.0049432
0.0026002
0.0009248
0.47477
0.45503
0.27776
-0.11259
-0.48573
-0.59764
-0.48659
-0.29563
-0.49064
-0.53375
-0.64143
-0.68545
-0.58683
-0.27681
-0.031319
0.12438
-1.1109
-1.2048
-1.0415
-0.54297
0.081705
0.55597
0.58028
0.41223
-0.19616
-0.11107
0.0085256
0.38444
0.8305
0.82753
0.45797
0.031369
1.1708
1.4345
1.1658
0.87803
0.69499
0.26471
-0.10449
-0.32756
1.1901
1.306
0.68257
0.18947
-0.10162
-0.25953
-0.17809
-0.11027
0.15456
-0.20786
-0.61604
-0.59591
-0.29849
-0.076627
-0.0089803
-0.012204
-0.41066
-0.79913
-0.92228
-0.61135
-0.16827
0.083753
0.020065
-0.032191
-0.14903
-0.074168
0.2495
0.39123
0.26125
0.055719
-0.086257
-0.099626
-0.16956
-0.14858
-0.068062
-0.15778
-0.3033
-0.34792
-0.37302
-0.345
-0.45771
-0.59647
-0.78149
-1.037
-1.125
-0.94438
-0.69283
-0.5521
-0.19883
-0.29952
-0.42329
-0.66812
-0.7053
-0.48256
-0.14136
-0.020636
0.43146
0.65201
0.77433
0.7983
0.81487
0.85073
0.94937
0.83799
0.4
0.73306
1.0542
1.1249
1.0685
0.83624
0.75691
0.65939
-0.20162
0.10691
0.33328
0.37179
0.2396
-0.13305
-0.25758
-0.16824
-0.43158
-0.26616
-0.084674
-0.043699
-0.19175
-0.50167
-0.64188
-0.56323
-0.32375
-0.36433
-0.38655
-0.22588
0.12598
0.37919
0.29341
-0.019248
-0.41513
-0.28912
0.11054
0.63007
0.97898
0.7471
0.095852
-0.43887
-0.3684
-0.086524
0.45389
0.76914
0.7417
0.023088
-0.75909
-0.9463
-0.18247
-0.15073
-0.041582
-0.28564
-0.72692
-1.038
-0.85439
-0.37703
-0.15317
-0.43063
-0.67822
-0.92373
-1.0999
-0.69272
0.34314
0.8643
-0.34447
-0.45841
-0.32042
-0.075238
0.14683
0.58856
1.1127
1.0856
-0.19306
-0.04915
0.32166
0.7725
0.89491
0.8196
0.54508
0.22609
0.044422
0.1628
0.32145
0.39892
0.27374
0.063342
-0.29119
-0.39408
-0.010118
-0.063736
-0.025101
-0.032321
-0.1569
-0.27335
-0.29612
-0.24114
-0.20501
-0.1227
0.055646
0.035816
-0.12039
-0.18382
-0.21606
-0.15925
-0.15193
-0.049574
0.047759
-0.0027227
-0.013262
0.058157
0.024717
-0.02121
-0.25426
-0.33227
-0.42554
-0.47286
-0.38289
-0.22343
-0.1052
-0.044421
-0.53561
-0.84847
-1.0147
-1.0027
-0.92255
-0.82313
-0.61449
-0.30632
-0.022267
-0.1279
-0.365
-0.57586
-0.76534
-0.94134
-0.80058
-0.40467
0.83737
1.2737
1.2694
0.99449
0.60277
0.15646
-0.065635
-0.072824
0.72577
1.305
1.574
1.601
1.4401
1.1257
0.6914
0.31293
0.18415
0.12108
-0.089671
0.025797
0.37173
0.48431
0.24292
-0.063583
0.059219
0.11967
0.10895
0.31375
0.52823
0.36421
-0.058073
-0.30451
-0.086867
0.030783
0.12705
0.19956
0.084109
-0.1882
-0.5422
-0.64884
-0.15136
-0.056527
0.059585
0.016408
-0.28741
-0.53897
-0.7732
-0.80977
-0.16385
-0.058787
0.2274
0.31481
-0.029004
-0.47188
-0.86194
-0.88171
0.28789
0.40983
0.481
0.66314
0.3319
-0.35683
-0.96444
-0.95918
1.0436
0.98187
0.66213
0.63914
0.39395
-0.41396
-1.0313
-0.91016
1.1037
0.99259
0.58586
0.48502
0.21539
-0.45947
-0.81051
-0.57464
0.69027
0.85731
0.49572
-0.14707
-0.47382
-0.52799
-0.52623
-0.51821
0.19357
0.46133
0.14126
-0.43253
-0.69038
-0.60258
-0.58234
-0.58766
-0.57908
-0.36149
-0.27664
-0.3703
-0.33849
-0.21274
-0.29932
-0.39849
-0.82026
-0.55043
-0.083635
0.29982
0.45174
0.37766
0.11042
-0.07479
-0.77338
-0.4179
0.3202
0.84603
0.85983
0.57616
0.31917
0.12463
-0.70649
-0.47149
0.31086
0.76973
0.5927
0.34903
0.37958
0.38722
-0.71312
-0.6804
-0.020447
0.36255
0.34761
0.41411
0.69789
0.68248
-0.69071
-0.62116
-0.1354
0.11582
0.30448
0.52658
0.73795
0.61063
0.0088131
0.0092221
0.0027824
-0.001631
-0.0040702
0.0014883
0.0074398
0.0035223
0.018121
0.015052
0.006861
0.0039758
0.0053499
0.0076825
0.0083148
0.0055143
0.01414
0.0093635
0.0043023
0.0013696
0.0067854
0.01085
0.010221
0.0098801
0.0060373
0.0035976
0.0007254
-0.0027882
-0.0025973
0.0039191
0.0080798
0.0070085
0.0020534
0.00044225
-0.0042182
-0.013846
-0.014616
-0.0033696
-0.000159
0.0031297
0.005333
-0.0021408
-0.015592
-0.024888
-0.02214
-0.0074649
0.001478
-0.001137
0.0097341
0.00054151
-0.017108
-0.032226
-0.023382
-0.011143
0.0025791
0.0054344
0.0068399
0.0060851
-0.012137
-0.0244
-0.021856
-0.007478
0.0047258
0.009747
-0.57714
-0.66624
-0.33612
0.5738
1.3441
1.4151
0.84244
0.25187
-0.4088
-0.77078
-0.86808
-0.29087
0.6609
1.4393
1.4801
1.0413
0.051427
-0.2574
-0.67906
-0.88025
-0.73755
0.051856
0.96643
1.1006
0.2251
0.071896
-0.15159
-0.46833
-0.98448
-1.0027
-0.17032
0.4264
0.097139
0.12135
0.2778
0.26695
-0.33316
-0.90613
-0.67535
-0.17044
-0.026868
0.046002
0.21827
0.35136
0.039483
-0.35106
-0.38359
-0.16694
-0.2113
-0.2292
-0.11001
0.053665
-0.023597
-0.10967
-0.037395
-0.029903
-0.34708
-0.44675
-0.24344
-0.0068295
-0.077218
-0.13853
-0.025958
0.088653
0.074983
-0.025402
-0.0047085
0.043368
-0.042845
-0.054154
0.098591
0.19106
0.072332
-0.019279
-0.040333
-0.15664
-0.20395
0.06443
0.38108
0.24235
-0.0012714
-0.012704
-0.15556
-0.43278
-0.3125
0.32975
0.56181
0.16798
-0.17524
-0.11045
-0.36564
-0.72869
-0.22232
0.6076
0.47467
-0.1541
-0.17359
-0.14859
-0.5836
-0.73979
0.34011
1.128
0.43488
-0.44632
0.025906
-0.18945
-0.82104
-0.4741
1.1085
1.5559
0.2584
-0.77612
0.055159
-0.34835
-0.94239
-0.23892
1.4114
1.4439
-0.25939
-1.1641
-0.02927
-0.38625
-0.66448
0.039788
1.0638
0.80166
-0.61848
-1.1002
0.57301
0.40641
0.018993
-0.29922
-0.32365
-0.1206
0.19403
0.31336
0.46816
0.36523
0.12079
-0.13607
-0.27043
-0.11858
0.14983
0.27292
-0.40963
-0.54662
-0.4361
-0.32467
-0.39232
-0.36995
-0.27585
-0.20498
-1.1141
-1.4025
-1.184
-0.85712
-0.64764
-0.58966
-0.63878
-0.61244
-0.64632
-0.69817
-0.52715
-0.37672
-0.1998
-0.11604
-0.12545
-0.13994
0.6489
1.163
1.2966
0.98123
0.61067
0.5084
0.5699
0.58148
0.9045
1.3428
1.2649
0.87012
0.40166
0.23802
0.39345
0.45985
0.12051
0.053971
-0.20972
-0.37208
-0.45399
-0.41595
-0.29873
-0.12518
0.32889
0.28447
0.27264
0.24448
0.12691
-0.040011
-0.084296
-0.012365
0.42454
0.27434
0.10252
0.1151
0.16801
0.19208
0.17538
0.07723
0.52484
0.34211
0.019088
0.052718
0.2838
0.36782
0.33539
0.10681
0.67192
0.4732
0.077552
-0.015313
0.021332
-0.025986
-0.00036149
-0.024494
0.35771
0.064551
-0.32688
-0.49582
-0.65669
-0.79746
-0.6186
-0.31521
-0.28215
-0.64228
-0.81737
-0.85289
-0.81881
-0.64557
-0.29087
-0.060415
-0.74714
-1.0376
-0.95313
-0.57595
-0.052691
0.55138
0.91445
0.74021
-0.6017
-0.76459
-0.59606
-0.033993
0.65186
1.1838
1.3153
0.93174
0.16004
-0.019065
-0.069097
0.037761
0.12371
0.22123
0.26035
0.23982
0.1459
-0.015091
-0.0082778
0.33018
0.6182
0.63697
0.57878
0.54179
-0.16512
-0.31106
-0.23295
0.27726
0.66556
0.50247
0.39756
0.39042
-0.30364
-0.46183
-0.39005
0.10595
0.47966
0.46731
0.35477
0.28234
-0.10829
-0.35346
-0.4301
-0.041846
0.5617
1.0276
1.0975
0.8194
-0.095164
-0.29443
-0.45958
-0.31718
0.18974
0.79042
1.022
0.80456
-0.056406
-0.28562
-0.52765
-0.712
-0.681
-0.69328
-0.67624
-0.47444
0.21246
-0.048601
-0.35829
-0.70413
-0.96173
-1.3477
-1.532
-1.1444
-0.015014
0.21019
0.73321
0.81965
0.32459
-0.25163
-0.63224
-0.69426
0.041462
0.48035
1.0654
1.0503
0.32912
-0.3816
-0.76312
-0.71299
0.24708
0.6528
0.98079
0.67023
-0.13856
-0.64167
-0.71851
-0.56881
0.32881
0.66079
0.69158
0.04515
-0.63587
-0.77863
-0.59317
-0.45338
0.32118
0.64778
0.51475
-0.22002
-0.7822
-0.63539
-0.36482
-0.28265
0.25303
0.56406
0.54255
-0.059972
-0.58175
-0.38307
-0.13012
-0.046227
0.04646
0.21299
0.30707
0.003476
-0.36285
-0.29416
-0.056746
0.072711
-0.017135
-0.1009
-0.089507
-0.15311
-0.27235
-0.24183
-0.033468
0.12586
-0.38198
0.033214
0.53788
0.59439
0.21634
-0.24464
-0.45832
-0.37878
-0.31982
-0.027272
0.40575
0.38802
-0.13011
-0.7493
-0.96252
-0.70975
-0.084955
-0.075396
0.10656
-0.02673
-0.50814
-0.8299
-0.68937
-0.25443
-0.10562
-0.29317
-0.38506
-0.62885
-0.62999
-0.12593
0.5062
0.6825
-0.40842
-0.6671
-0.76537
-0.70478
-0.2357
0.59906
1.1999
1.1766
-0.59542
-0.67539
-0.42711
0.086345
0.4765
0.70159
0.80804
0.62863
-0.12956
0.10505
0.47738
0.77484
0.73714
0.30831
-0.1263
-0.19228
0.46291
0.6682
0.75151
0.71133
0.42376
-0.11403
-0.48308
-0.37806
-0.66069
-0.82152
-0.54444
-0.3021
-0.19656
0.18299
0.41625
0.27399
-1.0234
-1.0065
-0.51662
-0.33407
-0.32712
-0.070086
0.19321
0.095647
-1.048
-0.97999
-0.36858
-0.095632
-0.16341
-0.18357
-0.068343
-0.10113
-0.64865
-0.75497
-0.3025
0.097877
0.32781
0.17664
-0.11565
-0.1525
0.10626
-0.095108
-0.31586
-0.14608
0.35518
0.4891
0.1647
-0.11956
1.1611
0.83158
-0.1856
-0.65099
-0.14648
0.38711
0.40118
0.07387
1.7071
1.5568
0.38734
-0.57222
-0.49587
0.027979
0.25782
0.10853
1.3605
1.4101
0.75432
-0.041861
-0.20684
-0.068033
0.017614
0.015175
-0.089342
-0.21474
-0.61401
-0.78848
-0.27549
0.65998
0.96701
0.49955
0.11465
-0.027327
-0.51861
-0.92633
-0.49321
0.57403
0.92474
0.50094
0.34086
0.17136
-0.24113
-0.6917
-0.4763
0.2894
0.58649
0.30625
0.12377
-0.10366
-0.36251
-0.64844
-0.44891
0.19542
0.46645
0.24194
-0.47305
-0.64574
-0.73321
-0.78509
-0.51247
0.1946
0.63714
0.40767
-0.60895
-0.6175
-0.47429
-0.44356
-0.38152
0.16147
0.69249
0.56001
-0.12015
0.14572
0.38255
0.16677
-0.21856
-0.027088
0.3915
0.35255
0.31964
0.65362
0.71488
0.30708
-0.22224
-0.23007
0.014171
0.11392
-0.46459
-0.6796
-0.53114
0.024388
0.58213
0.28451
-0.38435
-0.59268
-0.41443
-0.54645
-0.22484
0.6876
1.1117
0.38204
-0.58211
-0.76069
-0.35566
-0.25886
0.23201
0.96828
0.97708
0.022463
-0.80068
-0.75725
-0.064401
0.15956
0.54105
0.93548
0.49413
-0.55879
-0.92969
-0.50306
0.45719
0.70731
0.88137
0.9084
0.2444
-0.76594
-0.75098
-0.002007
0.63481
0.74921
0.72656
0.69518
0.14271
-0.57955
-0.39463
0.30123
0.36108
0.033146
-0.090925
0.043239
-0.10668
-0.45362
-0.21835
0.31413
-0.15558
-0.56664
-0.6593
-0.30975
-0.22476
-0.35015
-0.22246
0.14656
-0.0075411
-0.0048814
0.0016273
0.0032724
0.0081889
0.011692
0.0028279
-0.0033344
-0.0052066
-0.0040471
0.0017912
0.0073407
0.011732
0.015811
0.0069406
0.0037242
0.0041066
0.0045318
0.0051161
0.0099551
0.013132
0.0083332
0.0057092
0.0039988
0.0097672
0.0095187
0.007584
0.0020544
0.0023738
-0.00084168
-0.0035316
0.0018901
0.002715
0.0096434
0.0085449
0.0039975
0.0014273
-0.0030325
-0.0074109
-0.0061968
-0.0014314
0.0048063
0.0068618
0.0051755
0.004367
-0.0044828
-0.018624
-0.01865
-0.0027009
-0.0022227
-0.00036306
0.0054451
0.0025545
-0.007078
-0.026047
-0.025609
-0.0066777
-0.0066438
0.0018489
0.0053898
0.0074801
-0.0028136
-0.018362
-0.017487
-1.111
-0.75836
0.4347
0.77941
0.16581
-0.35775
-0.37185
-0.1798
-1.3802
-0.64238
0.89685
0.99206
0.16616
-0.28072
-0.25994
-0.1496
-1.3168
-0.21708
1.2255
0.83577
-0.036906
-0.22682
-0.088822
-0.048483
-1.1826
0.06288
1.2227
0.61264
-0.17179
-0.16923
-0.011765
-0.038491
-1.0976
0.15025
1.1235
0.4041
-0.20496
-0.070204
0.034701
0.016414
-0.96288
0.21985
1.0951
0.40318
-0.21151
-0.070515
0.05107
0.062282
-0.91481
0.19726
1.0021
0.53602
-0.14532
-0.10298
0.020404
0.020644
-0.78856
0.062881
0.686
0.44143
-0.050215
-0.0686
0.0093273
-0.033566
-0.28177
0.088666
0.36089
0.28513
0.18598
0.23123
0.32119
0.2934
-0.38644
0.050509
0.33106
0.19291
0.18407
0.42093
0.61345
0.50619
-0.56972
-0.28438
0.059261
0.040018
0.065669
0.42243
0.84577
0.7211
-0.80006
-0.59004
-0.19939
-0.04977
0.0087094
0.36913
0.85006
0.79719
-0.86246
-0.76902
-0.39383
-0.26577
-0.18677
0.19925
0.67313
0.72134
-0.67983
-0.67253
-0.49252
-0.48963
-0.352
0.036813
0.51087
0.62709
-0.48666
-0.613
-0.57953
-0.57712
-0.39732
0.026642
0.55174
0.64537
-0.29973
-0.46714
-0.54666
-0.46827
-0.32333
0.017728
0.45316
0.5545
0.00014967
-0.0043077
-0.0065313
-0.012441
-0.018578
-0.021164
-0.01216
-0.0062307
0.0023814
0.011095
0.0074724
-0.010429
-0.024546
-0.021639
-0.017824
-0.01339
0.0054076
0.02033
0.020179
0.00080888
-0.012437
-0.008111
-0.00088824
0.00063833
0.010289
0.023879
0.022881
0.0077038
0.0073485
0.012632
0.022201
0.022181
0.015329
0.019823
0.015692
0.0019543
0.004884
0.016327
0.030756
0.029418
0.0073683
0.0020342
-0.0082397
-0.012747
-0.0033884
0.0092329
0.020184
0.023387
-0.016884
-0.023931
-0.025293
-0.016588
-0.0031931
0.0075727
0.011126
0.0096189
-0.027574
-0.037135
-0.030755
-0.016084
-0.000876
0.0055922
0.00083243
0.0014756
0.0058378
0.0057962
0.0032549
0.0031143
0.00085148
0.00042189
6.7401e-05
0.0013087
0.0025497
-0.0029815
-0.00769
-0.0034689
-0.001853
0.0011722
0.001459
-0.00039651
0.001164
-0.0075283
-0.010741
-0.0072511
-0.0054412
0.0064715
0.012473
0.006085
-0.0089111
-0.014505
-0.013048
-0.0054471
0.00026845
0.0092943
0.018862
0.015168
-0.012687
-0.012264
-0.0065361
-0.0040585
0.0048907
0.0098095
0.0115
0.0063496
-0.0059703
0.0011015
0.00032149
-0.00034372
0.0030447
0.00080701
-0.0048658
-0.0025006
0.0043108
0.010935
0.010905
0.0034241
-0.0034716
-0.0092944
-0.011345
-0.0079166
0.011114
0.013008
0.0095086
0.0034415
-0.0035285
-0.011674
-0.011965
-0.0088595
-0.24894
-0.1403
0.24454
0.29989
-0.3361
-1.0026
-0.69056
0.28322
-0.20237
-0.043173
0.3126
0.13128
-0.68288
-1.0438
-0.14569
0.77992
-0.16606
-0.019383
0.16004
-0.19402
-0.97632
-0.804
0.57895
1.2822
-0.075149
0.013992
0.051261
-0.42028
-1.0082
-0.39553
0.895
1.1975
0.16384
0.20611
-0.058533
-0.61283
-0.69301
0.2183
0.92618
0.63641
0.17559
0.23728
-0.27611
-0.82366
-0.29775
0.80907
0.88481
0.068424
-0.027291
-0.022831
-0.56195
-0.85382
0.0042775
1.1052
0.86514
-0.19866
-0.227
-0.35052
-0.66512
-0.6296
0.17156
0.9533
0.70806
-0.032531
0.18027
0.097822
-0.0021802
-0.19722
-0.29446
-0.20332
0.042098
0.23187
0.66833
0.97813
1.1132
0.98892
0.8526
0.83557
0.93332
0.92182
0.45051
0.7682
1.0241
1.008
0.94535
0.87024
0.9324
0.90412
-0.38221
-0.47258
-0.55075
-0.61365
-0.65766
-0.64328
-0.42324
-0.12259
-0.43714
-0.52905
-0.80062
-0.96426
-0.92774
-0.95222
-0.98606
-0.74641
-0.1874
-0.12591
-0.1746
-0.20451
-0.093151
-0.15461
-0.44672
-0.50915
-0.22983
-0.22088
-0.11628
-0.01741
0.079159
0.10564
-0.15762
-0.32903
-0.3296
-0.40594
-0.29839
-0.14297
-0.0287
-0.05119
-0.2435
-0.32056
0.052723
-0.10078
-0.2169
-0.50273
-0.65905
0.043428
0.9294
1.0551
-0.35907
-0.43562
-0.40498
-0.68245
-0.96006
-0.18899
1.1356
1.4522
-0.27486
-0.26994
-0.23727
-0.44765
-0.73679
-0.19596
1.0151
1.3856
0.17318
0.23447
0.1966
0.046377
-0.10443
0.045529
0.65446
0.92307
0.30564
0.44212
0.35654
0.23246
0.032264
-0.12912
-0.07967
0.24964
0.35267
0.29563
0.04353
-0.16167
-0.35797
-0.5992
-0.67889
-0.27941
0.45499
0.19077
-0.18348
-0.30758
-0.38897
-0.61947
-0.83742
-0.60687
0.37489
0.23323
0.013189
0.0076501
0.010003
-0.22041
-0.60551
-0.54739
0.27806
0.0062863
-0.33779
-0.2617
0.11393
0.050827
-0.46361
-0.58343
0.29954
-0.042461
-0.45309
-0.35126
-0.040169
-0.25225
-0.8053
-0.75149
0.2287
-0.17047
-0.47598
-0.38018
-0.30055
-0.52441
-0.61299
-0.30214
0.20851
-0.12826
-0.31335
-0.23493
-0.33202
-0.29671
0.21694
0.72179
0.27356
0.074052
-0.14678
-0.19904
-0.32849
0.042779
1.002
1.3494
0.34547
0.1614
-0.17288
-0.41093
-0.51242
0.23838
1.2406
1.3732
0.173
0.015152
-0.33475
-0.60385
-0.54429
0.24813
1.0945
1.0802
-0.029629
-0.13093
-0.43962
-0.56434
-0.353
0.2042
0.70416
0.70654
-0.15663
-0.0079119
0.53539
0.72908
0.27125
-0.203
-0.38221
-0.25707
-0.276
-0.11862
0.46348
0.61461
0.0029798
-0.42788
-0.37951
-0.22682
-0.16057
0.052765
0.53178
0.48092
-0.24777
-0.44994
-0.10835
0.041001
0.081054
0.41955
0.71079
0.42761
-0.24881
-0.31883
0.11308
0.21695
0.13516
0.50992
0.54858
0.079888
-0.39994
-0.30378
0.062642
0.11622
0.48745
0.69284
0.27882
-0.42505
-0.64317
-0.44714
-0.32493
-0.18707
1.1048
1.1186
0.19727
-0.72631
-0.84934
-0.65727
-0.65453
-0.47205
1.2206
1.1397
0.15359
-0.67576
-0.74193
-0.62815
-0.64917
-0.50774
0.2674
0.43143
0.056193
-0.75716
-0.80147
0.16512
0.81853
0.62566
0.036577
0.21
-0.13041
-0.8867
-0.78628
0.47891
1.0344
0.5702
-0.30225
-0.25589
-0.40994
-0.85195
-0.51549
0.67787
0.92879
0.22135
-0.24669
-0.22772
-0.41039
-0.75596
-0.33877
0.68883
0.70606
0.076413
-0.07439
-0.051062
-0.26076
-0.74023
-0.40529
0.59169
0.65905
0.22022
-0.069675
0.10666
-0.1503
-0.7351
-0.57732
0.47344
0.83515
0.44913
-0.02508
0.10496
-0.20513
-0.73969
-0.66872
0.28968
0.83161
0.52028
-0.011291
0.054786
-0.26496
-0.68667
-0.59238
0.053079
0.49468
0.36495
0.4077
0.3938
0.3619
0.14986
-0.28672
-0.51653
-0.22635
-0.0057675
0.42859
0.45458
0.40652
0.12538
-0.29684
-0.46894
-0.36454
-0.16901
0.068546
0.17304
0.21352
0.12868
-0.093339
-0.38973
-0.60511
-0.41747
-0.20481
-0.13486
0.027366
0.17768
-0.071903
-0.7535
-1.0764
-0.63754
-0.13894
-0.039054
0.12522
0.19712
-0.33281
-1.0344
-0.91523
-0.17055
0.07324
0.28937
0.36302
0.00042443
-0.72643
-0.70656
0.24388
0.96526
0.15905
0.33965
0.26569
-0.42688
-0.95299
-0.045682
1.4107
1.6361
0.14901
0.26633
0.055044
-0.64053
-0.81047
0.35759
1.4287
1.3191
-0.0026575
-0.00084751
-0.0036576
0.00085519
0.0017845
0.0054337
-0.0021037
-0.0048963
-0.0025883
-0.0018354
-0.0046901
-0.0002543
0.0067645
0.0063151
-0.00066932
8.1127e-05
0.0012258
-0.00084904
-0.00010175
-0.00064055
0.002096
0.00033406
-0.00079752
-0.00028344
0.0044271
0.0035497
0.00028754
-0.0011189
9.3e-05
0.00059492
-0.0056726
-0.0058222
0.0034631
0.00623
0.0042146
-0.00022024
-0.0035977
-0.0010816
-0.0083261
-0.0060956
0.0041597
0.0060683
0.0046815
0.0041446
0.0014409
-0.00287
-0.0097519
-0.0082347
0.00040047
0.00029759
-4.3366e-05
0.0050284
0.0035162
0.0020162
-0.004686
-0.0050606
-0.0038365
-0.0038878
0.00036929
0.0020871
0.0058299
0.0065402
0.00051579
-0.00084571
0.21817
0.55637
0.71692
0.36221
-0.4357
-0.89296
-0.092667
0.75044
0.16727
0.41987
0.62417
0.4909
-0.29023
-0.99189
-0.21215
0.88813
0.0061541
0.16305
0.51046
0.59597
-0.19225
-1.0113
-0.39536
0.71558
-0.077234
0.020821
0.48221
0.6527
-0.12637
-1.014
-0.77999
0.21327
-0.032885
-0.012038
0.51165
0.71324
0.063288
-0.84356
-0.95645
-0.26714
-0.20184
-0.13017
0.58413
0.8519
0.22107
-0.59937
-0.8653
-0.41458
-0.35931
-0.19812
0.63717
0.88284
0.16138
-0.56225
-0.73867
-0.3903
-0.27364
-0.15124
0.5515
0.65881
0.057286
-0.42501
-0.49387
-0.22349
0.21676
0.13148
-0.086088
-0.26234
-0.45251
-0.59996
-0.72732
-0.65686
0.19226
0.063413
-0.20241
-0.42881
-0.65594
-0.80544
-0.78981
-0.63419
0.48779
0.36892
0.091712
-0.073038
-0.35066
-0.47683
-0.35802
-0.17443
0.77476
0.78015
0.64134
0.57906
0.32042
0.058658
0.091747
0.15187
0.51332
0.62786
0.75301
0.79271
0.4225
0.012783
-0.056973
-0.020191
0.092499
0.24
0.6445
0.78381
0.14446
-0.51151
-0.54951
-0.32805
-0.0078407
0.21595
0.673
0.74464
-0.099535
-0.78505
-0.73209
-0.38144
-0.0098712
0.19166
0.60751
0.58446
-0.13
-0.64384
-0.52853
-0.25493
-0.35635
-0.015941
0.61398
0.59717
-0.33735
-1.0065
-0.91962
-0.37605
-0.33276
0.047346
0.62686
0.80434
0.048962
-0.94401
-1.1232
-0.66008
0.1384
0.2109
0.34155
0.68798
0.50408
-0.44376
-1.0894
-0.8493
0.4518
0.3302
0.067584
0.44675
0.80973
0.093526
-0.94768
-1.1217
0.52124
0.31916
-0.10177
0.16595
0.82907
0.63417
-0.49627
-1.0514
0.5186
0.33637
-0.12133
-0.078117
0.58155
0.76502
0.0064976
-0.62337
0.4266
0.38052
-0.019787
-0.22587
0.12925
0.53672
0.21775
-0.22385
0.23753
0.36331
0.090191
-0.22885
-0.10387
0.22931
0.24576
-0.0013284
0.0027798
0.0074354
0.010445
0.0089008
0.008476
0.0053174
0.0041659
0.00055817
0.0034912
0.0029084
0.0073454
0.006129
0.0063266
0.0035832
0.0028332
0.0023045
0.001051
-0.001955
-0.0022067
-0.0015939
-0.0027743
-0.0016327
-0.0031518
-0.0049066
-0.003578
-0.005117
-0.0041266
-0.0053882
-0.0038066
-0.007992
-0.0046804
-0.0029246
-0.0010983
0.0018319
-0.0024234
-0.003535
-0.00092939
0.0013663
0.0019789
0.0011416
0.0057738
0.010362
0.0048475
0.0044966
0.0071828
0.0059748
-0.0026375
-0.0063521
0.0086996
0.0060129
0.0040313
-0.0018534
-0.003883
-0.0077173
-0.0122
-0.01377
0.0014598
0.0017538
-0.0031649
-0.0094554
-0.0078574
-0.0086413
-0.011691
-0.010726
0.51702
0.7218
0.38187
-0.40907
-0.86372
-0.98149
-0.91808
-0.68376
0.33455
0.77593
0.74469
0.19993
-0.21386
-0.37172
-0.4679
-0.51272
-0.38515
0.044571
0.6148
0.98287
1.0729
0.98907
0.66906
0.22196
-0.80506
-0.65568
-0.067089
0.63727
1.0934
1.2254
1.0264
0.68655
-0.32846
-0.50512
-0.51354
-0.37577
-0.16333
0.066171
0.13632
0.14349
0.17811
0.10087
-0.095721
-0.5114
-0.80634
-0.75877
-0.58754
-0.3765
0.20419
0.28056
0.26337
-0.10964
-0.54066
-0.69206
-0.45272
-0.06812
0.018997
0.10599
0.19516
0.014405
-0.27996
-0.45355
-0.29257
-0.04237
0.44857
0.59746
0.49632
0.29556
0.13356
0.065989
-0.17148
-0.2857
0.48388
0.63733
0.4526
0.32847
0.28875
0.24692
0.038011
-0.12848
0.49471
0.67809
0.46685
0.29747
0.23863
0.22597
0.17219
0.066096
0.61376
1.0524
1.0412
0.62732
0.21309
0.13107
0.27742
0.20131
0.2665
0.76346
1.1347
0.86413
0.26679
-0.0033834
0.15368
0.20438
-0.82172
-0.70115
-0.19694
0.076115
-0.093234
-0.41328
-0.2987
-0.056008
-1.3786
-1.5611
-1.1836
-0.66584
-0.40132
-0.59506
-0.64338
-0.36647
-0.86908
-1.0682
-0.91538
-0.62931
-0.30031
-0.38191
-0.52427
-0.4121
-0.37007
-0.051084
0.29246
0.21998
-0.20108
-0.35303
-0.3064
-0.20413
-0.52854
-0.42985
-0.050331
0.10812
0.045507
0.064796
0.13767
0.0092323
-0.4754
-0.60576
-0.56169
-0.35508
-0.072217
0.21161
0.25694
0.042944
-0.1932
-0.23371
-0.50792
-0.73026
-0.66653
-0.63025
-0.60881
-0.5751
0.24704
0.47676
0.26248
-0.12897
-0.46108
-0.89849
-1.2419
-1.2418
0.19629
0.4335
0.4955
0.69847
0.82037
0.44618
-0.18814
-0.53905
-0.1645
-0.23791
-0.046599
0.5803
1.2478
1.5413
1.3441
0.79095
-0.15492
-0.39226
-0.39823
-0.0889
0.51934
1.0316
1.2261
0.91182
0.36396
0.21088
-0.13461
0.1109
0.80696
0.8955
0.2892
-0.26536
0.19366
-0.014026
-0.17552
0.2951
0.91777
0.73504
-0.099217
-0.62795
-0.21809
-0.27359
0.033662
0.51822
0.54543
0.055759
-0.45963
-0.60236
-0.50152
-0.32646
0.26315
0.44788
-0.065188
-0.55896
-0.55766
-0.20973
-0.32963
-0.13034
0.16878
0.012925
-0.64472
-0.92368
-0.52778
0.032892
0.12132
0.086887
-0.2222
-0.72104
-1.037
-0.83952
-0.29948
0.13796
0.44535
0.29392
-0.36648
-0.84755
-0.66323
0.061089
0.55084
0.39414
0.58832
0.45563
-0.10606
-0.34471
0.15949
0.94849
1.1099
0.64337
-0.55895
-0.84029
-0.52474
0.13688
0.71311
1.1743
1.218
0.80113
-0.96795
-0.97165
-0.17442
0.57917
0.82039
0.85921
0.64043
0.27049
-0.80431
-0.24436
0.69056
0.88346
0.44852
-0.068808
-0.51509
-0.60892
0.14975
0.84186
1.0967
0.6166
-0.0051035
-0.34512
-0.63046
-0.63253
0.75278
0.91473
0.28598
-0.41234
-0.43415
-0.13314
-0.1327
-0.29873
0.65783
0.19479
-0.74089
-1.0746
-0.59214
0.043358
0.088856
-0.17763
0.22673
-0.29043
-0.78409
-0.6929
-0.22904
0.033978
-0.1217
-0.28561
-0.2032
-0.41344
-0.29148
0.0083485
0.17724
0.048074
-0.19667
-0.17153
0.055234
0.077534
0.060375
0.025967
-0.022714
-0.062507
-0.077812
-0.053621
0.070934
0.1045
0.088751
0.043427
-0.010767
-0.067551
-0.099319
-0.081265
0.071648
0.10188
0.088568
0.042052
-0.0076504
-0.058613
-0.092379
-0.075951
0.074902
0.093111
0.073076
0.027801
-0.023593
-0.066649
-0.078916
-0.05156
0.078373
0.089664
0.059062
0.013006
-0.035875
-0.069587
-0.069052
-0.044841
0.065695
0.064893
0.04193
0.004618
-0.0319
-0.059215
-0.070602
-0.052083
0.047641
0.046294
0.030977
0.0078776
-0.025288
-0.052315
-0.073059
-0.054205
0.031431
0.03242
0.025579
0.01302
-0.01287
-0.043517
-0.057909
-0.041013
-0.041084
-0.046926
-0.026825
-0.0050294
0.0095392
0.014318
0.0030371
-0.015889
-0.036904
-0.04047
-0.023386
0.0059594
0.024982
0.020346
0.004839
-0.012637
-0.022001
-0.01814
-0.0028199
0.016217
0.02834
0.023048
0.011255
-0.0039222
-0.0074221
-0.0036224
0.010901
0.021218
0.0237
0.020043
0.013073
-0.0012671
0.0024606
0.0091296
0.023358
0.035817
0.033281
0.021973
0.005367
-0.015355
-0.0034407
0.01063
0.035365
0.05658
0.049969
0.018457
-0.023671
-0.042938
-0.022558
-0.0061074
0.025048
0.054846
0.038191
-0.016117
-0.067451
-0.071278
-0.016438
-0.010164
0.01209
0.034513
0.01786
-0.032484
-0.06595
-0.057813
0.50052
0.39918
0.035334
0.069018
0.46863
0.14002
-0.73765
-0.99345
0.59972
0.46778
0.027148
0.20807
0.74224
0.31348
-0.80034
-1.1207
0.36249
0.30223
0.027216
0.32828
0.85524
0.41842
-0.66012
-1.0367
0.13459
0.14517
0.078671
0.3187
0.61265
0.23523
-0.60919
-0.9862
-0.096108
-0.038528
0.11081
0.32661
0.45508
0.0017702
-0.75141
-1.0203
-0.37953
-0.30248
0.14899
0.69567
0.7801
0.1606
-0.77032
-1.0686
-0.41563
-0.41926
0.14903
0.97075
1.2024
0.48203
-0.64827
-1.0232
-0.30345
-0.43356
0.028454
0.84674
1.1072
0.43785
-0.48401
-0.82348
-0.194
-0.33551
-0.39911
-0.19385
0.062222
0.013061
-0.21432
-0.20127
0.21821
0.036819
-0.20956
-0.35727
-0.42303
-0.63875
-0.83249
-0.62263
0.69983
0.62506
0.24667
0.059062
0.015915
-0.16601
-0.38953
-0.43657
0.49512
0.4694
0.33318
0.50867
0.93864
1.2721
1.1253
0.68705
0.052105
-0.20278
-0.41212
-0.11484
0.63788
1.2581
1.4265
1.0804
-0.080059
-0.48125
-0.90366
-0.90997
-0.54965
-0.053275
0.28896
0.41794
0.076887
-0.19147
-0.51064
-0.63473
-0.64986
-0.68308
-0.49283
-0.13839
0.070926
-0.003385
-0.035628
-0.029538
-0.13276
-0.46334
-0.50187
-0.32677
-0.078805
0.32979
0.72252
0.58167
-0.045949
-0.65229
-0.87973
-0.66104
-0.20753
0.20284
0.75372
0.90615
0.62988
-0.16536
-0.83053
-0.90609
-0.25714
-0.18259
0.15609
0.72135
1.0018
0.45637
-0.50716
-0.83186
-0.29611
-0.48929
-0.43017
0.11549
0.78687
0.72209
-0.10543
-0.62775
-0.29241
-0.4554
-0.63
-0.41514
0.33416
0.85526
0.5075
-0.13178
-0.29093
-0.29041
-0.49446
-0.6374
-0.12352
0.72624
0.96739
0.54474
-0.25579
-0.095819
-0.25218
-0.56205
-0.50641
0.18905
0.86735
0.80252
-0.20387
-0.014403
-0.09999
-0.35514
-0.57773
-0.35747
0.24935
0.49151
0.0017638
-0.0012745
0.00023249
0.00046509
0.00025747
0.0079458
0.012282
0.0085477
0.0038308
-0.0018959
-0.00045289
0.00064813
0.00076572
0.0054784
0.0074212
0.002542
0.00070488
-0.0047902
0.00049207
0.0035021
0.0016678
0.0073939
0.0093854
0.0030937
-0.0049272
-0.0099637
-0.0048511
-0.00042642
0.00054927
0.0047766
0.0057113
0.0045784
-0.013538
-0.010722
-0.0073278
-0.00096884
0.0037933
0.0023198
0.00047403
0.0015358
-0.013235
-0.0089524
-0.0050081
0.00086977
0.002834
-0.0041747
0.00084444
0.0040272
-0.0059372
-0.00084744
-0.00058044
0.0012786
-0.0010415
-0.0067178
-0.0021621
0.0011949
6.2555e-05
0.0029237
0.0055817
0.0050343
-0.002914
-0.0069403
-0.0027366
-0.0040344
0.44299
0.65972
0.42075
-0.31758
-0.7802
-0.43306
0.36466
0.62871
0.89303
0.8599
0.065346
-0.86665
-0.96025
-0.17526
0.66139
0.80069
1.0581
0.73291
-0.37859
-1.0104
-0.72075
0.19264
0.85602
0.69145
0.89038
0.32816
-0.70048
-0.75283
-0.10964
0.42798
0.4307
0.10904
0.46066
-0.22421
-0.74499
-0.32748
0.43622
0.35925
-0.15657
-0.46016
-0.23568
-0.7525
-0.63292
0.075717
0.4229
0.082903
-0.43528
-0.47822
-0.63577
-0.88834
-0.2768
0.38108
0.37939
-0.078103
-0.25463
-0.075064
-0.6434
-0.62421
-0.044366
0.45058
0.27164
-0.076032
-0.078821
0.17118
0.8388
0.81466
0.13777
-0.28865
-0.31469
-0.2164
-0.17031
-0.23293
1.0774
0.92203
0.083631
-0.35692
-0.2262
-0.1511
-0.24644
-0.38166
1.1209
0.84592
-0.23383
-0.56667
-0.18699
-0.0040993
-0.24107
-0.37784
1.2993
0.78066
-0.53466
-0.842
-0.2496
0.018703
-0.22326
-0.3568
1.3996
0.70698
-0.68568
-0.93588
-0.34772
-0.060744
-0.25078
-0.32406
1.2141
0.56297
-0.72405
-0.97989
-0.47353
-0.12506
-0.18943
-0.23886
1.1593
0.69961
-0.48641
-0.84953
-0.50914
-0.21884
-0.14671
-0.17551
0.99261
0.8208
-0.069416
-0.46001
-0.33403
-0.21633
-0.089186
-0.10567
-0.095166
-0.1062
-0.50276
-0.99412
-0.55633
0.67954
1.0874
0.50356
0.11098
-0.0071234
-0.64533
-1.062
-0.043664
1.146
0.95585
0.032133
0.16214
-0.12912
-0.73316
-0.54257
0.82889
1.3114
0.28778
-0.59934
-0.0017583
-0.45298
-0.70151
0.15353
1.1564
0.77409
-0.39154
-0.82916
-0.18841
-0.62199
-0.36915
0.67947
0.9513
0.084198
-0.67906
-0.62132
-0.345
-0.45494
0.13851
0.7926
0.36711
-0.4233
-0.55222
-0.17054
-0.38283
-0.082693
0.55388
0.57831
-0.14582
-0.57835
-0.27387
0.1443
-0.24788
0.23672
0.6786
0.3371
-0.33747
-0.40944
0.04061
0.23578
-0.95912
-1.1644
-1.0894
-0.88429
-0.75176
-0.63119
-0.39122
-0.23867
-0.74983
-0.81194
-0.64048
-0.27908
0.070215
0.28122
0.45904
0.40853
0.37543
0.79808
0.96784
1.0894
1.1752
1.1382
1.0803
0.84972
0.91051
1.313
1.1774
0.89644
0.76061
0.58761
0.38506
0.18384
0.32503
0.30778
-0.034311
-0.28367
-0.25255
-0.28675
-0.50614
-0.56722
-0.27299
-0.48312
-0.61489
-0.50785
-0.24531
-0.20583
-0.48129
-0.58315
-0.40611
-0.34044
-0.2444
-0.24334
-0.21477
-0.16241
-0.22829
-0.18091
-0.10141
0.18186
0.23794
-0.065761
-0.28076
-0.1344
-0.011443
0.05702
-0.018211
-0.024259
-0.010657
0.002724
0.0019336
-0.0068299
-0.0055176
0.0022845
-0.012755
-0.01722
-0.011721
-0.0027399
-0.0018087
-0.0090006
-0.0042814
0.0038133
0.0052785
0.003531
-0.00080333
1.0557e-05
-0.0046537
-0.0041312
0.0024843
0.012307
0.017403
0.017515
0.0082593
0.0016666
-0.0015049
-0.00058742
0.01337
0.015093
0.022287
0.020841
0.0039255
-0.0082773
-0.0055793
0.0025251
0.016013
0.015767
0.026821
0.01932
-0.0053676
-0.021652
-0.011911
0.0026641
0.016915
0.015022
0.013617
0.0074071
-0.017364
-0.030057
-0.025973
-0.0031776
0.014631
0.013115
0.0013025
-0.003161
-0.014507
-0.028342
-0.031197
-0.0082417
0.010161
0.013134
0.057807
-0.2928
-0.86312
-0.81568
0.014912
0.60853
0.49289
0.2543
-0.18781
-0.53665
-0.95109
-0.7154
0.33536
0.77417
0.4319
0.17325
-0.24165
-0.57051
-0.882
-0.40242
0.62063
0.81372
0.28322
-0.02114
-0.095701
-0.46889
-0.83392
-0.23157
0.77428
0.77592
0.25278
0.022093
0.053824
-0.42022
-0.83363
-0.13291
0.91111
0.76281
0.20764
0.077296
0.11304
-0.46479
-0.84223
-0.037449
0.91791
0.7908
0.2143
0.098983
0.081144
-0.54029
-0.89905
-0.20381
0.67464
0.67889
0.28813
0.2331
0.048246
-0.41829
-0.70379
-0.32299
0.33144
0.50007
0.33482
0.32149
0.87684
1.4506
1.6305
1.6019
1.5337
1.1886
0.63995
0.18809
0.34716
0.7137
0.95514
0.97022
0.97447
0.79534
0.3723
0.20052
-0.68838
-0.84557
-0.87872
-0.74163
-0.52697
-0.38505
-0.38853
-0.29145
-0.64986
-0.86519
-0.94398
-0.91568
-0.71973
-0.53918
-0.47008
-0.49562
-0.15565
-0.25008
-0.28436
-0.35238
-0.26071
-0.14448
-0.18091
-0.28287
-0.091613
-0.047371
-0.20129
-0.35656
-0.20329
-0.09809
-0.15185
-0.1183
-0.083663
-0.082447
-0.2748
-0.37559
-0.11365
-0.055428
-0.12449
0.015371
-0.0018073
-0.043084
-0.15173
-0.11007
-0.00092049
-0.10037
-0.23714
-0.080268
-3.9794e-05
0.00022225
0.00035054
0.0014874
0.0017013
0.00521
0.0039177
0.00017003
-0.0028919
-0.0057259
-0.0032762
-0.0041467
-0.0042912
-0.0021246
0.0036662
0.0057838
-0.00051409
-0.0035008
-0.011937
-0.012155
-0.011515
-0.0022839
0.0091973
0.0087226
-0.0017048
-0.0052542
-0.014383
-0.010931
-0.0048614
0.012153
0.019844
0.015836
-0.0080578
-0.010783
-0.015177
-0.012765
-0.001724
0.012588
0.017989
0.01689
-0.0039763
-0.0074238
-0.011275
-0.0089629
-0.00095758
0.0068976
0.0098071
0.0070945
0.0011717
0.002657
0.001906
0.002773
0.0027503
0.00096421
-0.0010204
-0.0030758
0.0065866
0.0042568
0.0055781
0.0029473
0.003483
-0.0020684
-0.0078989
-0.0086523
0.051326
0.036392
-0.0052947
-0.035339
-0.044888
-0.047998
-0.0536
-0.038619
0.065566
0.064463
0.019044
-0.0077199
-0.0096094
-0.018728
-0.045512
-0.044309
0.052946
0.062504
0.031164
0.0073689
-0.0024461
-0.014135
-0.037102
-0.044145
0.070963
0.083397
0.047973
0.0071241
-0.024205
-0.050942
-0.057634
-0.047966
0.11125
0.13918
0.10807
0.051022
-0.0096668
-0.048736
-0.054634
-0.038025
0.086083
0.12546
0.11549
0.06036
0.009977
-0.017814
-0.026355
-0.021672
0.0014851
0.018233
0.019756
-0.0067218
-0.032845
-0.038051
-0.0455
-0.041517
-0.038068
-0.054166
-0.055025
-0.063008
-0.067612
-0.063657
-0.058084
-0.038324
-0.52754
-0.89081
-0.58886
0.3272
0.93862
0.73243
0.22997
-0.13465
-0.67604
-1.0921
-0.62278
0.52768
0.94922
0.55474
0.13078
-0.046794
-0.70631
-0.98194
-0.43892
0.38278
0.51974
0.17592
0.0542
0.050617
-0.71156
-0.81408
-0.20192
0.25327
0.20521
0.094694
0.14815
0.06949
-0.69359
-0.61985
0.077611
0.42422
0.29957
0.22692
0.1345
-0.0080687
-0.67647
-0.38715
0.38294
0.69071
0.44855
0.21351
-0.11448
-0.30033
-0.61497
-0.1958
0.63465
0.92791
0.62261
0.15319
-0.28547
-0.42686
-0.43021
-0.024906
0.66901
0.95063
0.61323
0.098536
-0.26068
-0.30277
-0.31131
-0.028938
0.4339
0.76128
0.61974
0.38664
0.022977
-0.099209
-0.25078
0.0083399
0.34644
0.50947
0.48686
0.52108
0.32837
0.03402
-0.20512
-0.20211
-0.067873
0.16101
0.44873
0.7169
0.60146
0.17137
-0.17118
-0.26942
-0.17398
0.30537
0.8117
0.94072
0.47575
-0.11662
0.081107
0.10096
0.26873
0.64793
0.91076
0.58254
-0.29602
-0.75807
0.12273
0.28822
0.51078
0.64665
0.32178
-0.41376
-1.0834
-1.1189
-0.13669
0.0031212
0.18629
0.07352
-0.51513
-1.1389
-1.3316
-1.0678
-0.17331
-0.24659
-0.22397
-0.39133
-0.74087
-0.96548
-0.85473
-0.5339
0.015577
0.011513
-0.0066649
-0.020048
-0.010224
0.0062262
0.019125
0.017342
0.021291
0.011097
-0.012591
-0.027547
-0.021587
0.0011544
0.0227
0.021441
0.019777
0.0085751
-0.010845
-0.023999
-0.023192
0.0051768
0.019498
0.018565
0.010476
0.0092928
-0.0081147
-0.027184
-0.019047
0.0048225
0.016702
0.016927
0.015638
0.0057641
-0.015628
-0.034519
-0.026789
-0.0034492
0.015964
0.020792
0.016501
0.0032648
-0.026722
-0.043137
-0.033474
-0.0082163
0.021142
0.023288
0.015565
-4.0076e-05
-0.027956
-0.043594
-0.02791
0.0049043
0.030329
0.027346
0.013665
0.0089443
-0.011225
-0.024245
-0.010727
0.010812
0.026025
0.020745
-0.056753
-0.16752
-0.23568
-0.086526
0.17567
0.11015
0.0018765
-0.00051033
-0.22492
-0.39694
-0.38751
-0.042413
0.20383
0.16072
0.19312
0.25707
-0.41066
-0.64706
-0.37018
0.21506
0.29957
0.23714
0.46111
0.51044
-0.58683
-0.74325
-0.13823
0.49536
0.25233
0.20145
0.66023
0.77515
-0.76211
-0.83656
0.098548
0.72651
0.24374
0.047628
0.49945
0.66584
-0.94482
-1.0337
0.070031
0.8339
0.39415
0.066627
0.35105
0.49172
-1.1956
-1.3472
-0.1815
0.80908
0.62074
0.22548
0.32604
0.37973
-1.1458
-1.2201
-0.30131
0.60027
0.62866
0.1828
0.047616
0.046347
-0.12043
-0.049241
-0.37729
-0.71368
-0.27893
0.75275
1.4913
1.4137
0.02515
0.056309
-0.29894
-0.85345
-0.89987
-0.12949
0.855
1.2422
0.18135
0.27393
0.14102
-0.31073
-0.84417
-0.9883
-0.55285
0.13469
0.31216
0.544
0.56916
0.23441
-0.489
-1.0334
-1.0568
-0.63932
0.45952
0.62493
0.55752
0.24726
-0.36478
-0.72003
-0.841
-0.66007
0.26166
0.35618
0.37265
0.18973
-0.11197
-0.35444
-0.57182
-0.55707
-0.099807
-0.069964
0.13159
0.34642
0.48834
0.36074
-0.094435
-0.36104
-0.1356
-0.14034
0.0407
0.40085
0.74951
0.62152
0.13358
-0.16883
0.27662
-0.31553
-1.0594
-1.0762
-0.33454
0.17613
0.22172
0.15133
0.1731
-0.68969
-1.1572
-0.44098
0.43345
0.46034
0.22766
0.18226
-0.37444
-1.0077
-0.63326
0.59792
0.94764
0.32548
0.030761
0.17856
-0.89276
-0.95809
0.22325
1.0835
0.65334
-0.12234
-0.10975
0.27231
-1.1022
-0.36349
1.0376
0.97293
-0.062198
-0.46027
-0.061101
0.31535
-0.74215
0.33975
1.1764
0.46832
-0.44719
-0.38866
0.16482
0.30144
-0.16144
0.59556
0.65162
-0.10457
-0.46129
-0.051332
0.27748
0.14158
0.2144
0.51966
0.13184
-0.30589
-0.20861
0.10772
0.16778
-0.013787
-0.41958
-0.66518
-0.67898
-0.41414
-0.095335
0.063152
0.12759
0.22359
-0.24473
-0.618
-0.72936
-0.59181
-0.3031
-0.1262
0.015494
0.17872
0.57864
0.44829
-0.020052
-0.48608
-0.6167
-0.60276
-0.52877
-0.33421
0.84508
1.0963
0.85743
0.40689
0.011904
-0.43611
-0.65233
-0.58493
0.14026
0.54726
0.89306
1.1411
1.09
0.806
0.25226
-0.059445
-0.65044
-0.42643
-0.041975
0.51088
1.0044
1.2173
0.95668
0.47456
-0.65909
-0.62041
-0.54319
-0.528
-0.31704
0.1927
0.57473
0.53194
-0.29612
-0.2673
-0.35387
-0.72904
-1.0048
-0.7034
-0.11834
0.13904
-0.07203
-0.12944
-0.24857
-0.28989
-0.44102
-0.51791
-0.26501
0.075635
-0.00011333
-0.25597
-0.52628
-0.69611
-0.75432
-0.51029
0.066092
0.46559
-0.078674
-0.43166
-0.70315
-0.83852
-0.60411
-0.016127
0.61909
0.75892
-0.40519
-0.75823
-0.78756
-0.49349
0.069417
0.55966
0.6618
0.36113
-0.76343
-0.95705
-0.44319
0.28634
0.78586
0.83461
0.40483
-0.18644
-0.76686
-0.49845
0.35887
0.93548
0.91225
0.58704
0.015984
-0.41112
-0.14543
0.51316
1.1726
1.0706
0.5908
0.059231
-0.39473
-0.43085
0.39013
1.0127
1.107
0.57171
0.10199
-0.17086
-0.32499
-0.25606
0.01479
0.088111
0.061439
0.18191
0.59559
0.56163
0.051457
-0.18482
0.097195
0.033106
-0.11817
0.073689
0.63025
0.96729
0.46837
-0.096986
0.03839
-0.0042004
-0.22332
-0.31968
0.13271
0.96418
1.1814
0.72018
-0.027981
-0.054482
-0.33807
-0.76979
-0.80256
0.32011
1.4548
1.4368
0.12653
0.052079
-0.2234
-0.7778
-1.2111
-0.6654
0.65155
1.1263
0.21165
0.22909
0.052609
-0.3924
-0.95748
-1.0596
-0.50165
0.14695
0.14195
0.10607
-0.014328
-0.12109
-0.41865
-0.80147
-0.89513
-0.54624
0.082037
-0.1526
-0.27437
-0.039191
0.060943
-0.20863
-0.6074
-0.58611
-0.87966
-0.23132
0.8292
0.93571
0.34849
0.0082692
0.14925
0.31268
-0.95754
-0.48132
0.92494
1.243
0.41086
-0.13702
0.068663
0.34091
-0.6997
-0.71979
0.44229
1.1427
0.53485
-0.20361
-0.15446
0.25421
-0.51841
-0.92714
-0.16672
0.97721
0.83356
0.037899
-0.26558
0.088208
-0.48646
-1.0695
-0.72949
0.57994
0.96306
0.25254
-0.25154
-0.076468
-0.30486
-0.95464
-0.97461
0.0632
0.79592
0.26928
-0.24221
-0.1695
-0.081528
-0.72292
-0.96318
-0.22834
0.54731
0.38769
-0.011486
-0.027039
0.0016489
-0.56066
-0.81085
-0.34724
0.31507
0.46143
0.19043
0.057707
-0.10542
0.22681
0.42632
0.49479
0.55881
0.6862
0.67476
0.47491
0.45884
0.91599
0.88433
0.58067
0.49143
0.50422
0.38538
0.08252
0.91864
1.331
1.114
0.55398
0.23129
-0.0058622
-0.19704
-0.40429
0.22545
0.50066
0.62661
0.42936
0.1899
-0.15304
-0.35543
-0.45006
-0.95584
-0.9801
-0.6025
-0.41353
-0.35699
-0.28954
-0.15048
-0.114
-1.0657
-1.2048
-0.99163
-0.92751
-0.85312
-0.60895
-0.23986
-0.027666
-0.18282
-0.07214
-0.11749
-0.51511
-0.879
-0.84967
-0.48935
-0.20887
0.51958
0.81561
0.73019
0.25409
-0.41035
-0.65154
-0.43079
-0.19348
0.58293
0.4491
-0.30632
-0.98302
-1.0563
-0.5712
-0.079903
0.10837
1.0405
1.1774
0.62343
-0.35742
-1.014
-0.89086
-0.34973
-0.0060396
0.45591
1.0171
1.3307
0.84406
-0.29837
-0.88424
-0.63819
-0.16852
-0.4996
0.10776
1.0005
1.25
0.5292
-0.44627
-0.68923
-0.35506
-0.68544
-0.49511
0.14364
0.78185
0.88456
0.39009
-0.23194
-0.36011
-0.24936
-0.41241
-0.39687
0.030368
0.688
0.70673
0.10936
-0.21273
0.15993
-0.11605
-0.49689
-0.43231
0.10844
0.33022
0.037848
-0.13602
0.092559
-0.11991
-0.38108
-0.42406
-0.17276
-0.013159
-0.11788
-0.14937
-0.00018486
-0.0026457
-0.0025453
0.0016598
0.0020809
0.0013665
-0.0035199
-0.0079582
0.0015954
0.0011224
0.00045311
0.0024921
0.008123
0.0041866
-0.005732
-0.008084
0.0072119
0.014335
0.010941
0.0086579
0.011586
0.0027372
-0.0049424
-0.0052388
0.014847
0.016176
0.00885
0.0021192
-0.00021895
-0.0048402
-0.010431
-0.011594
0.012827
0.013405
0.0036129
-0.00047268
-0.0043572
-0.00989
-0.010197
-0.014532
0.0033305
0.0087771
0.0018092
0.00016748
-0.0077308
-0.0089973
-0.0060545
-0.0056687
-0.0016815
-0.0020354
-0.0051487
-0.0029399
-0.0070879
-0.0058319
-0.0031861
-0.0033621
-0.001005
-0.0034894
-0.0070836
-0.003907
0.0037136
0.0072459
0.0041383
-0.0010902
0.95327
0.75225
-0.25369
-0.80396
-0.45768
0.099422
0.15979
-0.045757
1.2483
1.1078
-0.099682
-0.91219
-0.66984
-0.037581
0.15556
0.041554
1.0372
1.0209
0.0015586
-0.76394
-0.61114
-0.14536
0.0040607
-0.027274
0.53729
0.65908
0.1714
-0.32646
-0.31015
-0.078576
0.018505
-0.059998
0.34919
0.68725
0.66929
0.25843
-0.017131
-0.045364
0.0029389
0.0044397
0.46583
0.76239
0.67021
0.22251
-0.17783
-0.31796
-0.29932
-0.17152
0.39978
0.44196
0.0047525
-0.47236
-0.65628
-0.69721
-0.62672
-0.4485
0.10803
-0.018383
-0.40458
-0.65508
-0.64145
-0.56222
-0.50819
-0.34999
-0.66156
-0.86924
-1.0459
-1.0404
-0.87184
-0.82374
-0.94723
-0.88237
-0.7321
-0.82222
-0.81341
-0.74137
-0.69654
-0.76441
-0.91559
-0.86405
-0.23202
-0.066413
0.14086
0.22514
0.28774
0.22672
-0.01295
-0.1829
0.020201
0.32837
0.6251
0.80629
0.93967
0.98384
0.84121
0.49111
0.070436
0.19826
0.38745
0.52389
0.63631
0.70166
0.66675
0.36506
0.16786
0.2358
0.22375
0.22927
0.26529
0.29011
0.29239
0.095311
0.19687
0.26653
0.26946
0.27877
0.33471
0.35625
0.26996
0.0012853
-0.0031036
0.060305
0.1675
0.21786
0.34951
0.39534
0.21764
-0.050719
-0.28301
-0.17715
0.027523
-0.072354
-0.24972
-0.25054
-0.18067
-0.11152
-0.17328
0.12746
0.38699
0.095607
-0.2537
-0.2896
-0.18958
-0.050158
0.23783
0.71532
0.7656
0.10909
-0.40378
-0.47803
-0.28298
-0.05927
0.74262
1.1963
0.90726
-0.045486
-0.67022
-0.66049
-0.27437
0.082941
0.95992
1.1666
0.58967
-0.40465
-0.83965
-0.48342
0.12234
0.40837
0.70464
0.66671
0.058479
-0.70883
-0.79541
-0.12683
0.4801
0.51237
0.084932
-0.0020172
-0.2931
-0.66039
-0.56919
-0.045859
0.32333
0.27091
-0.25816
-0.37918
-0.38281
-0.43158
-0.29117
-0.056531
0.066137
0.026952
-0.23085
-0.61983
-0.77493
-0.77902
-0.62811
-0.43416
-0.35346
-0.18094
-0.1839
-0.58628
-0.90043
-0.94932
-0.80787
-0.7155
-0.66983
-0.43448
0.28127
0.10044
-0.26586
-0.54253
-0.67529
-0.71945
-0.722
-0.5368
0.56523
0.64472
0.47314
0.10223
-0.27546
-0.4808
-0.54857
-0.40033
0.47238
0.55804
0.54265
0.38787
0.052992
-0.13108
-0.28486
-0.21744
0.43646
0.43945
0.39924
0.38174
0.39721
0.30239
0.097087
0.052586
0.62518
0.65849
0.469
0.47792
0.7414
0.81468
0.53059
0.29957
0.55319
0.56154
0.41459
0.49347
0.73212
0.76593
0.52415
0.24665
-0.0013088
-0.13258
-0.054094
-0.094253
-0.34349
-0.58176
-0.14884
0.59997
-0.039681
-0.16944
-0.067227
-0.09379
-0.48493
-0.69614
0.080936
0.99895
-0.053954
-0.060958
0.051404
-0.026149
-0.50009
-0.73871
0.26949
1.2368
0.041713
0.007542
0.076474
-0.028829
-0.58236
-0.843
0.30641
1.2892
-0.048653
-0.11975
0.013484
-0.021319
-0.71438
-1.0174
0.36327
1.4234
-0.024264
-0.06517
0.12216
0.10906
-0.78995
-1.1118
0.43737
1.5601
-0.0028625
0.042073
0.25476
0.20588
-0.84797
-1.1827
0.33704
1.4999
-0.010017
0.054264
0.25055
0.1818
-0.70506
-1.007
0.16315
1.0388
-4.5036
-4.5155
-4.8636
-4.9466
-4.8089
-4.5051
-4.9613
-4.5028
-4.8094
-4.8558
-4.7255
-4.6369
-4.9335
-4.8786
-4.5166
-4.7362
-4.9866
-5.0477
-4.7374
-5.2069
-4.9446
-4.8635
-4.9891
-4.8488
-4.9901
-4.5019
-5.138
-5.0107
-4.5062
-4.5025
-5.001
-4.9596
-4.7409
-4.7427
-5.0603
-4.9858
-4.9369
-4.5004
-4.9168
-4.9298
-5.2294
-4.4994
-4.9018
-5.1614
-4.795
-4.8251
-4.9065
-4.587
-4.5228
-5.0091
-4.8254
-4.9061
-4.5093
-4.8691
-5.0303
-4.9619
-4.9992
-4.501
-5.1455
-4.7294
-4.5009
-4.4821
-5.0085
-4.9905
-4.5169
-5.0721
-4.7203
-4.9645
-4.6914
-5.0891
-5.0263
-4.9043
-5.0149
-4.8574
-4.5054
-4.9852
-5.1587
-4.9164
-5.0281
-5.0991
0.0070993
0.0016425
0.0005315
0.011027
0.014498
0.0072154
0.005562
0.010679
0.018622
0.0095095
-0.00042475
0.0037164
0.0022506
-0.0055418
-0.0074375
-0.00084169
0.015987
0.002126
-0.005167
-0.0053081
0.0034672
0.0028867
-0.0092982
-0.0088228
0.0011765
-0.0071939
-0.0092287
-0.0031925
0.0099097
0.01116
-0.001887
-0.0094306
-6.2409e-05
-0.0059754
-0.0052821
0.0019774
0.0098693
0.0046906
-0.0085497
-0.011421
0.0076742
-0.0027655
-0.0076424
0.00074663
0.014011
-0.001037
-0.018489
-0.023228
0.0068488
-0.0025987
-0.0050995
0.0034162
0.013434
0.0038181
-0.012027
-0.020852
0.0052319
-0.0033225
-0.0017187
-0.0016963
-8.2984e-05
0.0073689
0.0079995
-0.00032911
