0.17547
-0.19542
0.1523
0.12164
-0.34475
0.91383
-0.24291
-0.0019315
0.5682
-0.52594
0.039368
-0.46551
-0.092699
0.0072667
0.45325
-0.98845
-0.38313
0.23245
0.23584
-0.58606
-0.011817
-0.34822
-0.46964
-0.495
-1.365
-0.24428
0.33577
-0.3324
0.25215
-0.012676
-0.089644
-0.13518
0.84242
0.036404
0.082564
-0.45749
0.57389
-0.36824
-0.0017877
-0.078802
-0.33532
-0.17104
0.72995
-0.096344
1.1278
0.00082336
0.055345
-0.16891
-0.022564
-0.313
1.0314
-0.21881
0.045547
0.36162
-0.61011
0.16581
-0.66959
-0.54051
0.0028958
0.57562
-1.2865
-0.53777
0.30681
0.19374
-0.58734
-0.010243
-0.47176
-0.73945
-0.18869
-1.3093
-0.45532
0.7196
-0.81619
0.21485
-0.091609
-0.14332
-0.51112
1.3052
-0.1017
0.3004
-0.23678
0.89328
-0.08657
0.22108
-0.18328
-0.44058
-0.26396
1.0691
0.49069
1.2896
-0.21507
0.65091
-0.76929
-0.11163
-0.20918
0.68483
-0.21607
0.058873
-0.49678
-0.35615
0.33299
-0.5187
-0.75699
-0.053537
0.43216
-1.3777
-0.24906
0.18901
-0.05153
-0.32157
-0.014528
-0.28575
-0.76746
0.5531
0.011865
-0.40738
0.50266
-0.94268
0.0099437
-0.088535
-0.2853
-0.90542
1.6422
-0.38266
0.63509
0.32833
0.90342
0.46989
0.43461
-0.29497
-0.3807
-0.3892
0.6562
0.76628
0.46653
0.062686
0.94585
-0.9644
0.062818
-0.12137
0.19126
-0.61958
-0.048231
-0.99206
0.045786
0.33058
-0.19404
-0.064944
-0.3406
0.14931
-1.3557
0.56292
0.063522
-0.2178
-0.089319
-0.018027
0.041815
-0.64996
0.78747
1.094
-0.093066
-0.11365
-0.54854
-0.15673
0.092221
-0.45782
-1.0496
1.7524
-0.70823
0.59077
0.56249
0.48645
0.9242
0.34483
-0.052583
0.047551
-0.43764
-0.12702
0.34303
-0.39509
0.73925
0.46867
-0.40776
0.24628
-0.0064268
-0.20782
-1.2132
-0.16783
-0.28892
0.32229
0.057946
0.11504
0.83101
-0.73354
-0.09367
-1.1442
1.1518
0.020838
-0.1215
0.11668
-0.018106
0.21429
-0.55606
0.24452
0.95186
0.058862
-0.47127
-0.15885
-0.2357
0.21551
-0.26891
-0.85433
1.6188
-1.0613
-0.028642
0.14044
-0.092402
0.93974
-0.073789
0.40147
0.73279
-0.22177
-0.56032
-0.072899
-0.73402
0.94805
-0.29957
0.2511
0.1301
0.1252
-0.41595
-1.0308
-0.18574
0.8258
0.58566
-0.38178
0.16877
0.78293
-0.58344
-0.1967
-0.82915
0.96401
0.15861
0.15188
0.20797
-0.0090243
0.2363
-0.43165
-0.41423
0.35456
-0.18846
-0.50844
-0.098836
-0.25497
0.16474
0.71811
-0.46283
1.1726
-1.4139
-0.82698
-0.47895
-0.41335
0.51172
-0.3757
0.63576
1.3375
0.057826
-0.34062
-0.10306
-0.58978
0.26262
-0.58689
0.40958
-0.21498
0.14863
-0.37474
0.051169
-0.079348
0.829
0.86026
-0.72732
-0.039637
0.10984
0.1943
-0.17841
-0.53518
0.28311
0.35158
0.35782
0.094813
0.0038062
0.19951
-0.20929
-0.67117
0.063905
-0.57134
-0.33375
-0.26957
-0.24938
0.019275
1.8038
-0.018814
0.63628
-1.6275
-1.1536
-0.66472
-0.43651
-0.042103
-0.34915
0.3947
1.5839
0.098059
0.12715
-0.022227
-0.36844
-0.46888
-0.37187
0.21761
-0.39049
0.074994
-0.13428
0.71486
0.016224
0.17026
0.76858
-0.64265
-0.11708
-0.29083
0.73681
-0.089862
-0.31029
-0.11356
0.35995
0.28267
-0.08864
0.0048212
0.13976
-0.050699
-0.42658
0.010988
-0.5746
-0.14066
-0.31397
-0.20104
-0.038022
1.7212
0.22405
0.28122
-1.3834
-0.89337
-0.34456
-0.40493
-0.28542
-0.22859
-0.031523
1.2225
0.0053165
0.25901
-0.054476
-0.18245
0.19592
-0.48656
0.0752
1.0254
-0.39277
0.83293
-0.42371
-0.13279
0.70845
-0.60989
-0.030216
-0.58541
0.068895
0.057311
0.30593
-0.73969
-0.50826
0.0048275
0.27902
-1.1693
-0.012162
-0.32026
-0.97496
-0.62567
-1.6711
-0.25241
0.2354
0.18368
-0.059435
0.3614
0.0070627
0.50912
0.62333
0.26055
-0.040746
-0.38723
0.57584
-0.18251
0.070808
-0.042921
-0.31174
-0.20765
1.3375
-0.3613
1.3012
-0.082864
-0.3703
-0.48625
1.1742
-0.41645
0.79305
-0.35481
-0.088479
0.48481
-0.6941
-0.025575
-0.82605
-0.52327
0.073286
0.21997
-0.73154
-0.86872
0.081592
0.15493
-1.3729
-0.014651
-0.49399
-1.2631
-0.055528
-1.4201
-0.4568
0.8534
-0.48224
-0.083507
0.34127
0.025882
0.20439
0.88205
0.18644
0.19767
-0.029374
1.0135
0.298
0.33688
-0.23279
-0.2895
-0.33682
1.4426
0.37295
1.4227
-0.2765
0.3879
-1.1516
0.96799
-0.39928
0.3752
-0.32139
-0.016662
-0.57171
-0.32809
0.016076
-0.64262
-0.92501
0.047686
0.062591
-0.50021
-0.74221
0.09795
-0.28283
-1.1731
-0.019715
-0.31679
-1.0135
0.90124
0.345
-0.2999
0.68638
-1.0351
-0.08876
0.23418
-0.18655
-0.4743
0.98079
-0.10859
0.69209
0.57596
1.3416
0.90265
0.54487
-0.36434
-0.088009
-0.4306
0.45543
0.97726
0.4085
0.25904
1.1044
-0.96578
0.73112
-0.35639
0.031013
-0.80308
-0.11144
-1.2857
0.10196
-0.18348
-0.16587
-0.19151
-0.38072
-0.13282
-0.20991
0.063494
-0.032739
-0.50218
-0.89943
-0.022524
0.053787
-0.56218
0.95282
1.4012
0.13485
-0.087865
-0.80788
-0.090638
0.27012
-0.62515
-1.0337
0.92591
-0.45653
0.90841
0.56408
1.2685
1.1706
0.34467
-0.037161
0.42969
-0.43527
-0.53019
0.63829
-0.60136
1.159
0.92587
0.030049
0.43546
-0.18752
-0.26377
-1.293
-0.22944
-0.48242
0.30606
-0.61039
0.23188
0.89734
-0.91004
-0.30967
0.17805
1.0751
-0.19439
-0.24409
-0.61223
-0.024847
0.25197
-0.31249
0.069976
0.87322
0.2783
-0.59027
-0.27241
-0.13805
0.32997
-0.80208
-1.2213
0.76014
-0.80042
0.3261
-0.24135
0.92916
0.88614
-0.15352
0.5841
1.0985
-0.33366
-0.72391
-0.0066663
-0.84799
1.1197
0.084634
0.67698
-0.0093736
0.0063167
-0.54427
-0.64031
-0.23102
0.94576
0.55033
-0.88091
0.22793
0.88923
-0.70635
-0.36349
0.43921
1.4663
-0.10631
0.35567
-0.40226
-0.0061687
0.22405
-0.15235
-0.76965
0.081347
-0.082705
-0.58717
-0.12126
-0.18168
0.30876
0.12857
-1.0385
0.39832
-1.212
-0.74518
-0.83675
0.69822
0.20947
-0.39088
0.91175
1.5559
-0.33643
-0.25663
-0.10611
-0.62497
-0.10312
-0.57542
0.54214
-0.40801
0.10783
-0.56996
0.81766
-0.1321
0.95529
0.93853
-0.8118
-0.021297
0.013481
0.40332
-0.28241
0.44367
0.95762
0.11888
0.72481
-0.36101
0.011091
0.1419
0.066095
-0.88111
-0.11503
-0.6135
-0.32534
-0.31996
-0.26885
0.21054
1.7201
-0.58623
0.057965
-1.6044
-1.4065
-0.52592
0.55993
-0.45917
-0.28691
0.45091
1.5614
-0.52507
0.20566
0.071557
-0.43394
-0.91316
-0.55813
0.18296
-0.52636
0.1172
-0.25623
1.285
0.022271
0.11191
0.96031
-0.44235
-0.051143
-0.47515
1.0814
-0.13444
0.31611
0.22243
0.21854
0.54624
-0.37041
0.012449
0.084746
0.17636
-0.40381
-0.0055724
-0.65774
-0.10034
-0.37771
-0.27778
0.1073
2.0084
-0.13238
-0.081558
-1.4489
-1.1726
0.06632
0.27303
-0.61051
-0.18851
-0.20954
1.0833
-0.52558
0.2394
0.10357
-0.27508
0.085149
-0.63347
-0.19791
1.2415
-0.28574
0.29778
-0.41622
-0.17074
0.52405
-0.58691
-0.1058
-0.39072
0.30413
0.11622
-0.36332
0.26343
-0.35279
-0.17862
0.41267
-0.63944
-0.006568
0.093459
-1.306
-0.55461
-1.5208
-0.23142
-0.096856
0.88997
-0.69295
0.69263
0.11512
0.88599
-0.31753
0.22444
-0.16914
-0.058678
-0.15401
0.47754
0.081054
0.021652
0.03116
-0.13189
1.4421
-0.79748
1.0493
-0.14645
-0.85452
-0.86951
1.5768
-0.41814
0.017688
-0.37756
-0.14331
0.35416
-0.66223
-0.28777
-0.54474
-0.3066
0.1874
-0.67886
0.79398
-0.70569
-0.026079
0.3299
-0.76837
-0.011005
-0.24488
-1.3078
0.21873
-0.99844
-0.33571
0.71793
0.39022
-0.77062
0.80455
0.18729
1.0964
-0.55145
0.2487
-0.075932
0.34808
-0.0058942
0.99174
0.31823
-0.13074
0.18784
-0.21137
1.0954
-0.12378
1.0923
-0.074504
-0.40835
-1.1574
1.3957
-0.59594
-0.17631
-0.40564
-0.019965
-0.52628
-0.29401
-0.50141
-0.38222
-0.88465
0.22233
-0.7557
1.238
-0.9513
0.35482
-0.14602
-0.6843
-0.012693
-0.37151
-0.5942
1.0495
0.62743
-0.13095
0.86003
-0.55486
-0.50658
0.58763
0.070961
0.82748
-0.79367
0.18899
0.32763
0.60112
0.39025
1.1037
0.50435
-0.29593
0.2982
-0.24343
-0.19346
0.91426
0.1665
0.65247
0.56828
-0.33051
0.86195
-0.75469
-0.053139
-0.76607
-0.058132
-1.2309
0.082364
-0.83031
-0.059481
-0.34135
-0.2335
-0.66735
1.4487
-0.75298
0.5368
-0.38754
-0.59595
-0.023099
-0.065606
0.11491
0.77159
1.1671
0.24143
0.14617
-0.80184
-0.1972
0.38241
-0.38561
0.15093
-0.90941
0.27664
0.82537
-0.0077322
0.79412
0.77659
0.33183
-0.020661
0.39087
-0.34888
-0.85907
0.95214
-0.63543
1.2571
1.0856
0.74927
0.18831
-0.74025
-0.1166
-0.74135
-0.10461
-0.53374
0.15098
-1.0135
0.098874
0.74856
-0.89599
-0.57406
1.4834
0.10703
0.49085
-0.10514
-0.56531
-0.01934
0.15718
0.38841
-0.30456
0.32198
0.36273
-0.4792
-0.46878
-0.060164
0.30157
-1.0019
-0.62582
-0.89244
0.52589
0.65595
-0.98684
1.0802
0.18558
-0.093707
0.62643
0.42654
-0.61877
-0.50043
0.24396
-0.6901
0.63958
0.6908
0.85088
-0.34452
-0.56736
-0.49214
0.23966
-0.061834
0.83358
0.30566
-0.64785
-0.022415
0.78848
-0.72909
-0.45918
1.3112
1.1202
0.45779
0.46858
-0.56119
-0.0086872
0.10026
0.47146
-0.97281
-0.30698
0.065626
-0.48403
-0.233
-0.071667
0.29355
-0.8213
-1.1222
-0.83056
0.55773
-0.31293
-0.90597
1.3311
-0.39086
-0.30353
0.88437
0.19309
-1.0192
0.034716
-0.11235
-0.43542
-0.76958
-0.18615
0.3488
-0.53413
-0.43576
-0.62859
1.2444
0.022548
0.86373
0.77958
0.040344
-0.06768
-0.082232
0.5764
-0.31802
0.94181
1.3473
0.42939
0.73644
-0.50303
0.006485
-0.066772
0.50874
-0.76931
-0.16714
-0.35999
-0.15746
-0.25593
-0.19863
0.2579
0.46619
-1.0949
-0.75076
0.2224
-1.2102
0.17138
1.3645
-0.76854
-0.23281
0.23444
-0.16364
-1.2556
0.20197
-0.016432
-0.33291
-1.182
-0.58043
0.0085025
-0.4729
-0.26515
-0.24173
1.1513
0.12262
0.040992
0.8937
0.42974
0.086727
-0.48393
1.3007
-0.20014
0.53726
0.75872
0.30212
0.45991
-0.35514
0.0024062
-0.066339
0.3661
-0.15939
0.062114
-0.42616
0.010369
-0.26785
-0.25217
0.099313
1.1988
-0.68097
-0.5289
-0.097266
-1.1637
0.79152
0.92473
-0.68632
-0.20094
-0.50486
-0.32657
-0.97179
0.088791
0.058383
-0.27193
-0.092211
-0.44276
-0.6342
0.0082056
-0.020597
0.1023
-0.25892
-0.13496
0.1263
-0.57829
-0.32365
-0.21575
0.33884
0.045831
-0.56851
0.74253
0.063358
-0.3008
0.72981
0.97201
-0.0041261
0.73375
-1.0295
-0.38972
-1.2161
-0.23901
-0.46428
1.2237
-1.1234
0.44929
0.045442
0.35113
-0.61381
-0.044625
-0.0087263
0.28595
-0.58514
1.211
0.091066
0.014172
0.18365
-0.04843
1.0256
-1.1295
0.89345
-0.13876
-0.85352
-1.2052
0.040589
-0.1416
-0.23529
-0.35485
-0.19752
0.04847
-0.69375
-0.58117
-0.22787
-0.25055
0.14328
-0.71178
1.1778
-0.12035
-0.077277
1.0006
1.1786
-0.00048172
0.15462
-0.51534
0.49358
-0.53217
-0.34165
0.49673
1.0874
-1.4659
0.65669
0.15157
0.79314
-0.87064
0.0095805
-0.11852
0.58691
-0.81794
1.434
0.28659
-0.1323
0.19641
-0.11445
0.2548
-0.72146
0.86062
0.31127
-0.92371
-0.79262
0.025342
-0.36817
-0.26301
-0.50527
-0.14483
-0.51896
-0.38302
-0.71766
-0.061038
-0.86545
0.24699
-0.5978
1.1974
-0.56313
0.53403
0.72506
1.0974
-0.013797
-0.49797
0.38974
1.048
0.64927
-0.19169
1.1039
0.05544
-1.2271
0.62372
0.24062
1.177
-1.058
0.12347
-0.033758
0.26903
-0.7807
0.82721
0.50031
-0.23897
0.024941
-0.25704
-0.86907
0.54476
0.025138
1.0014
-0.22982
0.53962
-0.14757
-0.67272
0.011335
-0.60693
-0.16802
-1.1002
-0.020888
-0.68288
-0.066207
-0.41753
-0.1383
-0.32478
0.92968
-0.94425
1.1246
0.31323
0.8606
-0.021042
-0.3739
0.82849
0.46983
0.7361
0.016114
0.46705
-0.68038
-0.69382
0.53606
0.077739
1.2006
-1.0769
0.51754
0.52665
-0.79032
-0.5187
0.046317
0.53707
0.11301
-0.22978
-0.50247
-0.92298
1.1775
-0.60518
0.94168
0.79812
1.1028
-0.40188
-0.96497
-0.061917
-0.066719
-0.23983
-0.53112
0.065275
-0.28334
-0.29426
0.72147
-0.86816
-0.087728
0.63229
-0.72791
1.3972
0.1313
0.53604
-0.02283
0.026356
0.72492
-0.5788
-0.0088875
0.064704
-0.44383
-0.6783
-0.32197
0.55051
-0.54505
0.63356
-0.97278
1.1576
0.79488
-1.3512
-0.16559
-0.42753
0.16107
0.76449
-0.53938
-0.8011
-0.17105
0.67682
-0.57509
-0.15761
1.1213
0.53814
-0.48186
-1.1367
-0.48607
0.77388
-0.2708
0.7426
0.23821
0.50054
-0.35042
0.84249
-0.74832
0.02326
0.35164
0.255
1.3866
0.14883
0.32842
-0.0049664
0.049484
0.5304
-0.95193
-0.28142
-0.0475
-0.57243
-0.34796
-0.15836
0.60166
-1.009
-0.28202
-0.84603
1.6393
0.10047
-0.36395
0.22716
-0.58398
-0.22483
0.81509
-0.95804
-0.92121
0.21955
0.014398
-0.34864
-1.2173
0.52242
-0.023476
-0.33358
-1.1754
-0.54089
0.972
-0.25618
0.84872
0.74408
1.0527
-0.014613
0.010616
0.67258
0.053157
0.10862
1.1061
1.0935
0.088664
0.25196
-0.0010992
-0.17429
0.34339
-0.49994
-0.026723
-0.13557
-0.17282
-0.11871
-0.13553
0.5377
-0.54828
-0.87756
-0.70939
1.5403
-0.92751
1.0001
0.44849
-0.60524
-0.35943
-0.10775
-1.2598
-0.74434
0.078907
-0.16106
-0.32408
-1.0513
-0.19114
-0.099428
-0.1932
-0.88091
-0.089489
0.4622
-0.14051
0.10962
0.85914
0.96679
0.26297
-0.42201
1.4322
-0.0075451
-0.046126
1.0149
0.65052
-0.11283
0.21049
0.00057143
-0.21212
0.11146
0.1101
0.1008
-0.093103
0.060407
-0.0439
-0.12538
0.25886
0.1837
-0.82425
-0.48816
0.97675
-1.1049
1.1512
0.35926
-0.41716
-0.33999
-0.79704
-1.0952
-0.35074
-0.10523
-0.13014
-0.29924
-0.18288
-0.12895
-0.95183
-1.2166
0.34116
0.010836
-0.043785
-0.24114
-0.1717
-0.5905
-0.61261
-0.18301
0.25039
-0.048299
0.35682
0.25808
0.36496
-0.49279
0.86294
1.2236
0.0053751
1.2848
0.064681
-0.024754
-0.92617
-0.41236
-0.86639
1.0474
-0.46557
-0.13886
-0.0082999
-0.28889
-0.24973
0.010765
0.31316
0.50528
-0.3399
1.1464
0.16249
0.028458
-0.17045
-0.085157
0.26922
-1.15
0.90232
-0.0047099
-0.51225
-1.1417
-1.4999
0.5391
-0.21062
-0.23811
-0.49337
-0.16071
-0.741
-0.76143
-0.061168
-0.30947
0.018115
0.6768
0.25257
0.35749
-0.56007
1.3935
1.3515
0.0051123
0.64697
0.86649
0.79866
-0.24567
-0.49258
0.19473
1.3431
-0.81319
0.032011
0.023224
-0.10905
-0.2623
0.075346
0.11418
0.50679
-0.52218
0.90714
0.32145
-0.19056
-0.32316
-0.16134
-0.60663
-1.1167
0.81983
0.59174
-0.9053
-0.093279
-1.2823
0.53942
-0.22551
-0.48796
-0.67732
-0.48374
-0.4698
-0.39556
0.062111
-0.93675
0.17776
0.89715
-0.044882
0.027463
-0.33661
1.3153
1.2087
-0.0079284
-0.58467
1.2211
0.9797
0.63451
-0.28684
1.2965
0.62314
-0.89772
0.29405
0.22824
0.39812
-0.25701
0.08929
-0.081456
-0.26043
-0.665
0.0012825
0.55801
-0.16605
-0.54809
-0.33337
-1.1566
-0.011345
0.037819
0.89544
-0.71985
1.1084
-0.87721
0.40526
-0.16431
-0.35607
-0.80069
-0.93032
-0.10413
0.27938
-0.24454
-0.46601
-0.12226
1.0237
-0.38768
-0.49457
0.066631
0.73701
0.99119
-0.015579
-0.76004
0.87421
0.13161
0.54132
-0.1083
0.8431
-0.35367
-0.70781
0.57498
0.32432
1.0591
-0.1659
0.15284
0.30573
-1.2196
-0.79481
-0.57052
0.69097
0.41208
-0.7173
-0.39312
-0.63294
1.0653
-0.49856
0.19288
0.16895
0.9465
-0.52076
0.0028901
-0.3577
0.4104
-0.92469
-0.51552
0.068714
0.89981
-0.62495
0.80578
-0.89403
1.0513
-0.54235
-0.87876
0.40634
0.040302
0.77706
-0.0094166
-0.17298
0.35837
-0.76203
0.026626
-0.1484
-0.33925
-0.73605
-0.46299
0.85482
0.0048038
1.1966
-0.1239
0.36808
0.79408
-1.0018
-0.90514
-0.60257
0.28334
1.0399
-0.76288
-0.14098
0.21643
1.0111
-0.46849
-0.87875
1.0228
0.094265
-0.18311
-0.61426
-0.56209
0.89269
-1.0124
0.58411
0.26895
1.1954
-0.36267
1.0097
-0.86532
0.92375
-0.52924
-0.5666
0.4568
-0.49582
0.69652
-0.00041216
0.10795
0.0078682
-0.83536
-0.060662
-0.14246
-0.74461
-0.52988
-0.20237
1.0263
-0.62439
0.59344
-0.1673
0.72353
0.43211
0.45792
-0.91341
-0.44204
-0.36119
0.64818
-0.74765
0.44903
0.33295
0.30913
-0.32721
-1.2132
1.1533
-0.1746
0.16929
-1.1019
-0.21825
0.51229
-0.99272
0.81233
0.73397
1.0218
0.40862
0.1335
0.6367
0.77287
-0.46637
0.26566
0.3173
-0.73083
0.76591
-0.003159
-0.089716
-0.22795
-0.19882
0.079053
0.074265
-0.36702
-0.17504
-0.0084814
0.97865
-0.89975
-0.20596
-0.22837
0.91897
-0.63115
1.335
-0.82601
-0.31694
-0.69626
-0.59278
-0.73778
1.0353
-0.046837
-0.13418
-0.39012
-0.59965
0.60661
0.027815
0.2466
-1.0438
0.31478
-0.059238
-0.71591
0.24929
0.81085
0.5601
0.66102
-0.40369
1.5101
0.48568
-0.34922
0.65831
0.1598
-0.67551
0.64721
-0.012029
-0.26296
-0.30935
0.32114
0.055592
0.23592
0.00266
0.021662
0.036606
0.57448
-0.50506
-0.52338
-0.17902
0.73367
-1.0507
0.84973
-0.61943
-0.22855
-0.57384
-1.0859
-0.58893
1.0361
-0.23317
-0.18443
-0.38332
-0.02825
-0.012474
-0.9547
-0.93513
0.39098
-0.2589
0.095992
-0.25886
-0.14005
-0.57463
-0.72552
0.012017
0.20306
-0.081804
0.87848
-0.21631
0.18957
-0.36396
0.1064
-0.056532
0.018382
1.6648
0.93493
0.44222
-0.72867
-0.7439
-1.2427
0.45702
1.021
-0.51221
0.1247
-0.24898
-0.043494
0.16444
0.41822
0.41797
-0.026543
0.27341
0.20587
-0.082081
-0.365
-0.11216
-0.37396
-0.86806
0.92918
0.26944
-0.19356
-0.65525
-1.0603
0.77556
-0.44084
-0.13772
-0.48889
-0.087223
-0.75086
-0.5626
0.14879
-0.40536
0.01048
1.2862
-0.36599
0.31515
-0.71731
0.34676
-0.26034
0.023881
1.1668
1.4768
1.0384
-0.041776
-0.81333
-0.34498
1.0945
1.1739
-0.46378
0.10966
-0.29281
0.017545
0.24689
0.22708
0.12215
-0.0040814
-0.1777
0.52249
-0.27964
-0.57424
-0.18936
-1.0446
-1.2146
0.72639
0.60703
-0.55208
0.58569
-0.84513
1.0575
-0.5429
-0.38316
-0.72651
-0.32546
-0.48117
0.28855
0.035477
-1.0653
0.22557
1.3415
-0.50085
0.32491
-1.0946
0.38554
-0.2754
0.0032152
-0.4628
1.0868
0.72107
0.71729
-0.26873
1.1496
1.1227
0.77722
-0.24793
0.16872
-0.16559
0.12671
0.19711
-0.057994
-0.68182
-0.092165
-0.65479
0.76567
-0.018278
-0.70926
-0.16769
-0.94246
-0.68707
-0.046273
0.35656
-0.81204
1.1713
-0.53962
1.257
-0.68656
-0.070449
-0.88275
-0.80784
-0.11107
1.0033
-0.53736
-0.56425
-0.085443
1.1982
-0.54092
0.020942
-1.2824
0.12696
-0.13346
-0.0061298
-1.1059
0.28886
-0.32146
0.55689
0.28283
1.177
0.38562
0.26162
-0.028683
0.24684
0.25036
0.2136
-0.043123
0.20383
-1.0794
-0.31694
-0.65688
0.74882
0.80293
-0.69731
0.1716
-0.037897
0.38978
-0.45197
-0.55961
-0.52946
0.49496
-0.24857
1.2287
-0.75528
0.65208
-0.97006
-0.59916
0.062477
1.073
-0.81543
0.83817
-0.9518
0.99315
-0.44127
-0.53801
-1.2738
-0.312
-0.031839
-0.0032405
-0.58828
-0.11875
-0.90422
0.13069
0.35219
0.11027
-0.38794
-0.076714
0.20451
0.16858
0.65485
0.14671
-0.2752
0.81115
-0.24477
-0.58169
-0.39892
0.10384
1.2241
-0.42534
0.7899
0.60827
0.87406
-0.37034
-1.1531
0.30486
-0.19643
0.046305
0.76462
-0.31941
0.84996
-1.0292
0.35196
0.22409
0.65271
0.028286
1.127
-1.0572
0.78429
-0.29618
-0.87085
-1.2641
-0.67117
0.15647
0.00074401
-0.066972
-0.23448
-0.61352
0.042749
0.33837
-0.59199
-0.61757
-0.08947
0.41454
-0.34437
0.70114
0.019361
-0.25272
0.6712
0.95934
-0.79646
-0.25192
-0.74829
0.26934
-0.053323
1.4863
0.34665
0.5601
-0.28785
-0.74604
1.0743
-0.074007
0.34834
0.11364
0.61154
0.30007
-1.0072
0.71131
0.559
0.069231
1.1736
0.23526
0.41653
0.68307
-0.18225
-0.60594
-1.1373
-0.72649
0.39928
-0.0049473
-0.08691
-0.36418
0.10729
0.054902
0.52056
-0.5211
-0.39978
0.047466
0.45175
-0.97503
0.37627
-0.10118
-0.0058144
-0.38015
0.98239
-0.9311
-0.24005
-1.0957
-1.1282
0.14565
1.8242
-0.16276
0.11313
-0.36972
0.032012
1.0339
0.22704
0.39485
-0.28669
1.0303
-0.18482
-0.72515
0.28948
0.57531
-0.25165
1.2376
-0.42825
1.4101
0.45363
-0.11183
-0.1011
-0.76244
-0.54936
0.39356
-0.017759
-0.2227
-0.35202
0.44928
-0.015353
0.52679
-0.1718
-0.12943
0.11375
0.2321
-0.87043
0.032966
-0.056767
0.14051
-0.98843
0.14275
-0.80255
-0.2428
-0.81484
-1.3432
0.1415
1.4847
-0.26342
-0.02266
-0.36392
0.16981
0.019085
-0.6415
0.16325
0.061812
-0.34602
-0.026361
0.25565
0.10214
-0.63537
-0.37115
0.2693
0.17338
-0.11282
0.096557
-0.20893
-0.17956
0.19052
-0.94715
-0.49865
0.027124
1.7944
0.89734
0.6237
-0.56835
-1.0467
-1.4562
-0.11049
1.5033
-0.60895
0.35167
0.068399
-0.10235
0.062916
0.33393
0.073426
-0.10241
-0.50488
0.3863
-0.29091
-0.21814
0.18674
-0.79563
-0.49727
0.86412
0.37005
0.049044
-0.028454
0.37299
0.16392
-0.58695
-0.24934
0.48373
0.17111
-0.82305
0.16107
0.24624
-0.49377
0.10675
0.056649
-0.24193
-0.027561
0.0018745
-1.2293
-0.65431
0.027551
1.5124
0.94336
0.86822
0.083248
-1.0609
-0.91148
0.58639
1.9164
-0.7455
0.3318
0.033109
-0.10493
0.067937
0.20484
-0.36577
-0.15934
-0.89077
0.87883
-0.3531
-0.38126
0.18588
-1.0739
-1.117
0.59027
0.35207
-0.11718
0.90673
0.33928
0.31482
-0.81948
-0.32813
0.56969
-0.18956
-0.54924
0.96256
-0.19442
-1.1455
0.38863
-0.19409
-0.23029
0.24846
-0.43285
-1.1567
-0.48236
0.012847
-0.14214
0.25466
0.21328
0.73366
-0.13928
0.63619
1.2444
1.5995
-0.77249
0.14863
-0.16884
0.0042586
0.061181
-0.018419
-0.84387
-0.21103
-0.77475
1.0628
0.17644
-0.42738
0.23816
-0.47659
-1.2257
-0.14161
-0.23154
-0.57254
0.84363
0.06473
0.68091
-0.91717
0.10332
0.62748
-0.78038
-0.16013
1.0158
-0.87098
-0.66962
-0.0048933
-0.46343
-0.14721
0.25142
-0.80485
-0.8432
-0.27177
-0.0015413
-1.1652
-0.26562
-0.66203
0.56047
0.96819
1.2531
1.0823
0.9149
-0.90451
0.039187
-0.25556
0.025885
-0.027391
0.26612
-0.6472
-0.27041
-0.32725
0.69763
1.0249
-0.29711
0.56503
0.48834
-0.52296
-0.45202
-0.95153
-0.89308
0.024987
-0.20214
1.0973
-0.54535
0.70844
0.6986
-0.75865
0.025706
0.42933
-0.86849
0.68682
-0.95763
-0.54124
-0.06773
-0.14343
-1.0021
-0.49427
-0.19235
0.0012952
-0.99842
-0.21809
-0.82266
0.12892
1.3118
0.64547
0.30523
0.31475
-1.0189
0.03813
-0.050658
-0.070547
-0.14848
0.89017
0.35174
-0.30164
-0.06051
-0.26178
1.0737
-0.016011
0.90216
0.77042
0.35378
-0.36982
-0.93089
-0.55008
-0.29589
-0.28714
1.3197
0.51707
0.78683
0.70178
0.064816
0.10949
-0.18161
0.43959
1.1354
-1.1765
-0.4462
0.00060489
-0.6663
-1.0905
-0.17537
-0.12374
-0.0033218
-0.48796
-0.016316
-0.31572
-0.054146
1.1712
-0.1562
-0.2891
-0.012759
-1.0159
-0.25584
0.34373
-0.14749
-0.12997
0.81423
0.97378
-0.35466
-0.12441
-1.1558
-0.21525
0.2497
0.97842
0.27688
0.62256
-0.28565
-0.081695
0.28261
0.061007
-0.17323
1.0789
1.5947
0.30523
0.50867
0.48721
0.28692
-0.53323
1.6976
0.40407
0.06616
-0.27111
0.035123
-0.85668
-1.0907
0.046514
-0.073022
-0.017548
-0.27518
-0.065967
0.30125
-0.14376
1.035
-0.4476
-0.43234
-0.1176
-0.93373
-0.87468
0.54175
-0.18505
-0.0063359
-0.1839
0.35496
-0.42703
-0.31236
-1.3966
-1.4899
0.36238
0.76009
-0.21719
0.42554
-0.3081
0.5925
0.6891
0.31539
0.0011402
0.56154
1.5962
-0.096509
0.25995
0.24128
0.30669
-0.50547
1.5455
-0.22018
1.0644
-0.15578
0.023477
-0.57086
-0.78693
0.11124
-0.014265
-0.025103
-0.18388
-0.13032
0.44006
-0.18563
0.74862
-0.27036
-0.27432
-0.067124
-0.71007
-0.93188
0.38936
-0.11421
0.065846
-0.86667
-0.44012
-0.3884
-0.30687
-0.9761
-1.4131
0.30172
0.44785
-0.23745
0.24463
-0.27799
0.13907
0.029419
-0.24431
0.60236
-0.21038
-0.16396
-0.23409
0.59531
0.21329
-0.60822
0.055305
0.32027
0.091552
-0.094645
-0.58158
-0.088397
-0.28689
0.49615
-1.0826
-0.032784
0.01923
1.3454
0.39314
0.46924
-0.39707
-0.96977
-1.2154
-0.3162
0.73094
-0.48318
0.31975
0.17924
-0.10904
-0.13072
0.17645
-0.11966
-0.23704
-0.58994
0.45599
-0.32859
-0.046939
0.39534
-0.75736
-0.24026
0.64381
0.18988
0.14625
0.32789
0.91942
-0.35771
-0.40534
-0.35041
1.0179
0.22945
-0.7686
0.60243
0.2045
-0.41792
0.1425
-0.8869
-0.061143
-0.21036
0.58571
-1.4281
0.0091762
0.01653
1.2053
0.18045
0.40315
0.057208
-0.9304
-0.98827
0.13875
0.96385
-0.70036
0.34513
0.19938
-0.13462
-0.22738
0.1237
-0.49628
-0.39533
-0.79936
0.87824
-0.35567
-0.13291
0.46899
-0.75518
-0.77095
0.38281
0.025492
0.1276
0.78248
0.75479
-0.39734
-0.59527
-0.26239
1.2952
-0.11764
-0.55228
0.94748
-0.34432
-0.90272
0.3694
-1.1089
-0.0642
0.060586
0.46485
-1.348
0.19538
0.0035317
0.068727
-0.23317
-0.16717
0.53094
0.0070303
0.1284
0.82264
0.84807
-0.84954
0.095503
-0.013059
-0.039971
-0.17679
0.0016437
-0.6233
-0.44439
-0.48642
0.9196
0.18293
-0.074618
0.37137
-0.1448
-1.1312
-0.13225
-0.48686
-0.20709
0.44708
0.20373
-0.23226
-0.53003
0.13649
1.5398
-0.62058
-0.19656
0.58589
-0.86948
-0.53148
0.0088942
-1.2469
-0.043378
0.22356
0.32593
-0.93849
0.26647
-0.001816
-0.78402
-0.32286
-0.63194
0.42443
1.0805
0.87899
1.0114
0.55929
-1.0653
-0.076533
-0.24973
-0.04934
-0.039591
0.21907
-0.21253
-0.40371
-0.048296
0.43211
0.78253
0.10083
0.35283
0.48297
-0.8473
-0.34202
-0.85197
-0.64636
-0.11363
-0.26859
0.17601
0.042172
0.5156
1.7182
-0.65677
-0.010092
-0.019784
-0.69034
0.44311
-0.79948
-1.188
-0.017928
0.083469
0.21957
-0.31399
0.14967
-0.0092294
-0.87935
-0.071728
-0.5567
0.11665
1.3987
0.75244
0.61386
0.24861
-1.2599
-0.01205
-0.21531
-0.12998
0.04585
0.70713
0.502
-0.25786
0.072976
-0.43058
0.56784
0.19682
0.32672
0.52743
-0.090576
-0.34583
-0.49605
-0.74895
-0.17411
-0.5295
0.68077
1.0208
0.56896
1.7052
-0.11874
0.03538
-0.32509
0.49246
0.85686
-0.99789
-0.95822
0.012749
-0.27511
0.08201
0.25672
-0.043648
-0.010273
-0.53058
0.15421
-0.10353
-0.085379
1.1886
0.20111
0.10696
-0.02679
-1.3716
-0.11007
0.10691
-0.15356
0.12528
0.6607
0.66882
-0.1076
-0.093633
-1.1041
-0.44687
0.20064
0.048806
0.13363
0.37342
-0.26222
0.29261
-0.31905
0.14436
-0.51928
0.86245
1.6418
0.23569
1.3956
0.24007
0.11127
-0.35512
1.4733
0.4278
-0.12272
-0.68612
0.024916
-0.54275
-0.10522
0.53255
-0.16139
-0.016751
-0.2776
0.10433
0.26418
-0.22737
0.94037
-0.19705
-0.14737
-0.2149
-1.3436
-0.54111
0.38282
-0.16869
0.17828
-0.077678
0.007478
-0.012601
-0.29848
-1.201
-1.2426
0.11357
-0.31526
-0.16975
0.40162
-0.1935
0.67018
0.16786
0.2321
-0.28582
0.57704
1.3058
-0.075106
0.81794
0.13988
0.14813
-0.25156
1.251
0.0077122
0.67674
-0.43153
-0.024224
-0.47172
-0.1493
0.42532
-0.11979
-0.01612
-0.15828
-0.028058
0.25691
-0.25737
0.63944
-0.20234
-0.15499
-0.20806
-0.99489
-0.66047
0.3081
-0.13967
0.16365
-0.59743
-0.49728
0.0022524
-0.27886
-0.78873
-1.0751
0.059498
-0.39247
-0.17128
0.27421
-0.1809
0.2394
0.049151
-0.21033
0.09522
0.80922
0.99224
0.25415
-0.45811
0.29592
-0.0036419
-0.23226
0.33182
1.2083
1.1083
-0.12867
-0.93677
0.14797
-0.091616
-0.0030842
0.72327
1.3224
0.60782
-0.77791
-1.2166
-0.072311
-0.092435
0.3656
1.0669
0.94358
-0.19443
-1.2288
-1.0799
-0.17405
0.068477
0.68451
0.93506
0.19519
-0.9057
-1.233
-0.60174
-0.029928
0.32117
0.67757
0.39479
-0.54425
-1.1906
-0.78126
0.024463
0.16147
0.40761
0.38074
-0.20409
-0.9766
-0.99764
-0.15875
0.52792
0.14438
0.26826
0.042914
-0.54463
-0.92025
-0.57642
0.23659
0.61561
-0.20993
0.080833
0.686
0.98465
0.4839
-0.25577
-0.51212
-0.35599
-0.48334
-0.37863
0.37151
1.1216
0.9397
0.12921
-0.50176
-0.54733
-0.63855
-0.86093
-0.40935
0.59294
1.1484
0.73192
-0.11556
-0.5576
-0.42927
-0.85569
-0.91553
-0.1907
0.84118
1.1577
0.5748
-0.14883
-0.14341
-0.54078
-0.92519
-0.76248
0.13885
1.0814
1.1914
0.63838
-0.049718
-0.24433
-0.60232
-0.85385
-0.56665
0.30865
1.0955
1.0598
-0.028709
-0.01535
-0.17412
-0.55346
-0.86121
-0.54225
0.30665
0.73859
0.04138
0.13074
0.091641
-0.20398
-0.62262
-0.75246
-0.30385
0.20451
0.076747
-0.23486
-0.83406
-1.0256
-0.39117
0.33747
0.48872
0.27909
0.019738
-0.51705
-1.202
-0.96719
0.11308
0.7489
0.59829
0.21812
-0.24966
-0.90874
-1.2194
-0.31452
0.81682
0.89796
0.36765
0.028613
-0.6592
-1.2235
-0.83949
0.51967
1.1813
0.59551
0.028443
-0.03403
-0.98255
-1.1909
-0.16877
1.1078
1.0104
0.15563
-0.097796
0.090537
-1.0194
-0.75228
0.48761
1.2113
0.56218
-0.1316
0.030844
0.2826
-0.70232
-0.10406
0.85601
0.89875
0.057295
-0.2407
0.15261
0.34361
-0.28325
0.33745
0.83162
0.49229
-0.10723
-0.14682
0.17994
0.26617
0.14291
0.024531
-0.066137
0.07245
0.25183
0.14053
-0.21102
-0.34199
1.012
1.1738
0.97792
0.76022
0.45457
-0.0011138
-0.39607
-0.4624
1.2254
1.546
1.381
0.8612
0.20518
-0.31475
-0.51956
-0.44981
0.026414
0.089191
0.072708
-0.10499
-0.36758
-0.47874
-0.34228
-0.18119
-1.194
-1.4
-1.1984
-0.86983
-0.55412
-0.23077
0.13333
0.23914
-0.90764
-1.0192
-0.79403
-0.5404
-0.29589
0.023368
0.34376
0.36907
0.17438
0.3632
0.35017
0.071207
-0.19288
-0.27069
-0.14352
-0.0025462
0.60083
0.89019
0.75566
0.22294
-0.2575
-0.52023
-0.51372
-0.29356
-0.39129
-0.36346
-0.23085
-0.13045
-0.043019
0.069045
0.1071
0.10938
-0.39867
-0.41263
-0.39561
-0.36154
-0.22652
-0.037305
0.069093
0.082091
-0.29061
-0.41965
-0.62774
-0.78543
-0.74221
-0.57068
-0.43803
-0.31527
-0.03077
-0.13818
-0.39321
-0.68338
-0.96861
-1.1285
-1.1491
-0.92256
0.3465
0.55808
0.60957
0.4282
-0.02668
-0.65746
-1.1026
-1.0448
0.42528
0.80218
1.0817
1.2743
1.2342
0.79779
0.1442
-0.28295
0.091206
0.23174
0.41268
0.74034
1.1455
1.3581
1.1172
0.57164
-0.1989
-0.3207
-0.33175
-0.16244
0.19627
0.68922
0.90356
0.63652
0.93847
1.0372
0.67845
0.17928
-0.19487
-0.40032
-0.3722
-0.15636
0.85764
0.79198
0.37134
0.035704
-0.24928
-0.53498
-0.57001
-0.28615
0.33323
0.054277
-0.17932
-0.056127
-0.1236
-0.50545
-0.64023
-0.26418
0.11667
-0.20534
-0.26331
-0.014446
-0.11139
-0.52943
-0.54657
-0.045145
0.049603
-0.20725
-0.24543
-0.19311
-0.41004
-0.60495
-0.17034
0.3752
-0.19899
-0.44933
-0.57947
-0.71577
-0.75952
-0.26326
0.68385
1.06
-0.3128
-0.57444
-0.82468
-0.94091
-0.52751
0.57017
1.6034
1.5862
-0.17333
-0.38913
-0.59437
-0.55607
0.063569
1.0667
1.6577
1.3137
-0.22835
-0.21363
-0.21368
-0.61372
-1.2341
-1.0064
0.10368
0.78084
-0.38463
-0.33382
-0.31631
-0.79442
-1.2815
-0.58559
0.83923
1.2729
-0.41266
-0.40812
-0.46705
-0.81857
-0.7362
0.29306
1.3022
1.1438
-0.29215
-0.38492
-0.59777
-0.68602
-0.028308
0.87728
1.0393
0.51686
-0.10656
-0.30201
-0.6047
-0.4096
0.46206
0.98792
0.57644
0.031794
-0.0106
-0.2298
-0.50412
-0.1273
0.7264
0.93177
0.38299
-0.047689
-0.10823
-0.33418
-0.40245
0.088102
0.75573
0.85745
0.38463
0.032002
-0.26269
-0.37951
-0.24009
0.14913
0.56275
0.65455
0.3113
0.033526
-0.024051
0.031394
0.062582
-0.036774
-0.18608
-0.20742
-0.048373
0.079197
-0.11326
-0.069293
-0.0045376
-0.078943
-0.20676
-0.21712
-0.071882
0.081803
-0.1549
-0.13299
-0.038783
-0.041207
-0.10435
-0.094034
0.023949
0.08874
-0.15532
-0.20581
-0.16598
-0.15816
-0.2553
-0.31183
-0.26197
-0.12636
-0.3074
-0.51392
-0.68563
-0.85384
-0.97383
-1.0473
-1.0137
-0.67801
-0.27825
-0.49227
-0.69471
-0.89753
-1.0046
-1.0213
-1.0129
-0.68674
0.29879
0.51084
0.62796
0.66479
0.72933
0.72672
0.51614
0.2978
0.63808
1.0323
1.3385
1.5627
1.717
1.6991
1.3976
0.86015
0.57301
0.3679
-0.46229
-1.0039
-0.30648
0.83141
0.90464
0.21736
0.66368
0.47466
-0.53475
-1.2651
-0.48763
0.93577
0.97326
0.12174
0.45596
0.32731
-0.51795
-1.2302
-0.53995
0.86701
0.92344
0.080076
0.10797
0.025232
-0.52392
-1.0981
-0.53834
0.78324
0.92582
0.15468
-0.16218
-0.17438
-0.49953
-0.98015
-0.5362
0.63612
0.8972
0.28024
-0.1375
-0.082543
-0.35374
-0.88421
-0.63245
0.39006
0.7954
0.33458
0.12704
0.19846
-0.17835
-0.81849
-0.75129
0.081798
0.54642
0.32206
0.19042
0.22187
-0.11212
-0.64411
-0.67501
-0.10045
0.31186
0.22305
-0.53581
-0.64782
-0.38758
0.047335
0.31687
0.59351
0.92078
0.84172
-0.59966
-0.71686
-0.37683
0.11482
0.33316
0.56739
0.99649
0.98239
-0.61402
-0.70175
-0.37794
0.05327
0.21712
0.38539
0.84148
0.93411
-0.62072
-0.73596
-0.4705
-0.081869
0.12576
0.34657
0.79095
0.90787
-0.60373
-0.75541
-0.54777
-0.15223
0.1143
0.36537
0.76191
0.83123
-0.59449
-0.78361
-0.55141
-0.15005
0.11499
0.31782
0.60789
0.60789
-0.65623
-0.86019
-0.5809
-0.14937
0.083535
0.1906
0.35058
0.3779
-0.61407
-0.79023
-0.54865
-0.20927
-0.0089118
0.068577
0.16598
0.20511
0.057599
0.1457
0.27471
0.26409
0.035012
-0.36898
-0.71358
-0.63395
0.00021252
-0.016751
-0.028465
-0.23132
-0.61234
-0.8678
-0.77679
-0.399
-0.089458
-0.25556
-0.5076
-0.81287
-0.9619
-0.64849
0.02533
0.43701
-0.30442
-0.56124
-0.71292
-0.64809
-0.21396
0.54046
1.0705
0.98359
-0.62957
-0.79658
-0.41578
0.2875
0.90581
1.1843
1.0164
0.5953
-0.74838
-0.56542
0.30271
1.0132
1.0605
0.6175
0.095507
-0.18114
-0.35514
0.17465
0.94031
1.0207
0.43993
-0.13903
-0.45302
-0.43962
0.095052
0.61585
0.95458
0.58881
-0.0001635
-0.28482
-0.3124
-0.23422
-0.46934
-0.67581
-0.5261
-0.17995
0.1701
0.20213
-0.0087781
-0.098509
-0.57537
-0.83011
-0.65967
-0.17277
0.23142
0.23138
0.0017379
-0.036053
-0.38461
-0.55311
-0.40937
-0.10184
0.083146
-0.011234
-0.0054403
0.11315
-0.20975
-0.23883
-0.085015
-0.092099
-0.30012
-0.30432
0.07075
0.2977
-0.15782
-0.083691
0.022964
-0.28393
-0.64561
-0.28838
0.49652
0.68056
0.026216
0.10173
-0.017699
-0.57811
-0.82385
0.092167
1.2248
1.2301
0.27222
0.22565
-0.2049
-0.88234
-0.86868
0.47357
1.6978
1.5396
0.28211
0.18718
-0.32059
-0.90395
-0.69392
0.49917
1.4891
1.2813
-0.13987
-0.57757
-0.75606
-0.043602
0.82217
0.78901
0.15366
-0.26459
0.033248
-0.5631
-0.93093
-0.15557
0.93065
0.89994
0.055877
-0.44593
0.24484
-0.34038
-0.90568
-0.30507
0.83567
0.81804
-0.010053
-0.43653
0.25776
-0.28522
-0.89365
-0.35198
0.79006
0.85813
0.059093
-0.35984
0.16204
-0.35627
-0.98559
-0.4258
0.87189
1.0487
0.17461
-0.36604
0.14976
-0.45307
-1.1129
-0.53894
0.88085
1.1627
0.28813
-0.34658
0.13874
-0.53269
-1.154
-0.60081
0.74344
1.1504
0.43762
-0.16524
0.055478
-0.47934
-0.9226
-0.49613
0.45913
0.86873
0.46203
0.044078
0.047296
0.016625
-0.044112
-0.34256
-0.73582
-0.57585
0.25543
0.84835
0.075142
0.077366
0.050738
-0.36792
-0.94054
-0.71786
0.46093
1.144
0.090433
0.16275
0.20074
-0.24061
-0.96271
-0.74841
0.65749
1.3275
0.047398
0.13997
0.23563
-0.15002
-0.9302
-0.75793
0.77365
1.4664
-0.027025
0.036684
0.17373
-0.13673
-0.93102
-0.85558
0.73839
1.5456
-0.081081
0.0065737
0.20573
-0.1123
-0.98486
-1.0318
0.48758
1.4416
-0.080747
0.070261
0.34935
-0.026692
-0.98831
-1.1428
0.14455
1.1105
-0.044102
0.13137
0.38201
0.020182
-0.82077
-0.95863
-0.048008
0.70333
0.41406
0.58021
0.41623
0.13167
-0.079266
-0.20347
-0.20151
-0.11032
0.30746
0.25739
0.038226
-0.1655
-0.30844
-0.35033
-0.23189
-0.083872
-0.33006
-0.66181
-0.7902
-0.6928
-0.5912
-0.50097
-0.33242
-0.17857
-0.56097
-0.74299
-0.64135
-0.35106
-0.087035
0.023512
0.04441
-0.012766
0.34842
0.6573
0.92516
1.0793
1.1091
1.0151
0.8334
0.49747
0.90929
1.276
1.3681
1.2209
0.98371
0.77517
0.68222
0.49507
0.17344
0.058278
-0.21955
-0.50798
-0.59389
-0.49945
-0.28105
-0.14242
-0.53317
-0.88541
-1.1205
-1.2425
-1.1742
-0.97504
-0.67558
-0.43415
-0.97593
-1.2589
-1.3549
-1.3121
-1.125
-0.83791
-0.53605
-0.28563
-0.71569
-0.69111
-0.46271
-0.16658
0.18702
0.43023
0.42599
0.31686
0.27737
0.80859
1.2319
1.4263
1.4349
1.2695
0.91402
0.55769
0.77398
1.2089
1.2142
0.94236
0.6327
0.34148
0.084284
-0.021654
0.28471
0.26681
-0.0022494
-0.33883
-0.50265
-0.5018
-0.44778
-0.29873
-0.21009
-0.34055
-0.45498
-0.50533
-0.44096
-0.31271
-0.17669
-0.098935
-0.23693
-0.27181
-0.23201
-0.15198
-0.10073
-0.017856
0.030669
0.0011927
-0.13443
-0.074271
-0.071615
-0.048757
-0.029578
-0.013831
0.0065218
-0.055707
-0.42718
-0.57421
-0.25894
0.61573
1.2367
1.0308
0.37719
-0.039967
-0.54217
-0.87056
-0.76756
0.062491
1.1173
1.4751
0.97089
0.30602
-0.35824
-0.69431
-0.97188
-0.75693
0.18401
1.2015
1.3884
0.84001
0.044431
-0.17189
-0.58891
-0.963
-0.71997
0.32264
1.1643
1.0667
0.34018
0.30569
-0.037534
-0.5296
-0.90396
-0.55804
0.29287
0.6867
0.16991
0.28283
0.26327
-0.018685
-0.53915
-0.88983
-0.58908
-0.035077
-0.16359
-0.033032
0.20037
0.23242
-0.10102
-0.63731
-0.87251
-0.53439
-0.23537
-0.2054
0.043229
0.20847
0.10339
-0.28233
-0.56061
-0.49923
0.21406
0.32423
0.24745
0.10641
0.060949
0.20472
0.4001
0.38194
-0.00051473
0.099221
0.15773
0.034036
-0.16031
-0.091456
0.14872
0.24042
-0.14196
0.0010808
0.38387
0.57212
0.51638
0.44874
0.43669
0.32582
-0.28196
-0.06716
0.51394
1.0954
1.3688
1.3452
1.0917
0.70098
-0.52942
-0.606
-0.37822
-0.0010664
0.33909
0.47272
0.35724
0.23707
-0.41628
-0.75046
-1.0941
-1.2581
-1.2489
-1.2061
-1.0854
-0.75852
0.14963
-0.029093
-0.40448
-0.72614
-0.93698
-1.0392
-1.0546
-0.8128
0.46962
0.55242
0.44127
0.34267
0.22704
0.054676
-0.12614
-0.20623
0.26451
0.22889
-0.011876
-0.19934
-0.14296
0.12656
0.35216
0.34823
0.33353
0.21289
-0.21149
-0.44046
-0.21271
0.38702
0.75307
0.58745
0.42978
0.38435
-0.052205
-0.30973
-0.056091
0.48322
0.74899
0.48087
0.74862
1.0242
0.77817
0.34543
0.13809
0.16275
0.080721
-0.11748
0.90789
1.3776
1.2803
0.71846
-0.00075568
-0.49062
-0.71986
-0.65322
0.096328
0.32093
0.39544
0.12507
-0.34418
-0.63592
-0.71281
-0.54296
-0.9957
-1.2563
-1.1724
-0.8856
-0.55989
-0.18441
0.058754
0.096281
-1.1031
-1.4105
-1.3454
-0.9373
-0.35517
0.20716
0.50792
0.42434
-0.60163
-0.57543
-0.33085
-0.10424
0.086802
0.17859
0.090152
-0.050666
-1.1413
-1.2952
-1.1089
-0.85882
-0.58291
-0.36797
-0.37175
-0.38701
-0.57244
-0.7276
-0.69618
-0.61227
-0.53493
-0.53491
-0.50533
-0.37238
0.95127
1.1188
1.0476
0.81959
0.52973
0.33481
0.2652
0.21727
1.1401
1.3014
1.1603
0.94191
0.77077
0.70611
0.75766
0.61703
-0.081485
-0.23506
-0.28269
-0.16617
-0.023832
0.17885
0.3965
0.40263
-0.49548
-0.65834
-0.50038
-0.25847
-0.16894
-0.12008
-0.031136
0.042177
-0.027645
-0.00336
0.1922
0.29397
0.11224
-0.079971
-0.15851
-0.088256
-0.0078046
-0.010819
-0.013677
-0.015009
-0.016251
-0.0012371
0.0075801
0.006385
-0.0075511
-0.007563
-0.015361
-0.019536
-0.01664
-0.0011015
0.0069234
0.013539
0.00092539
-0.0052215
-0.011129
-0.014531
-0.016427
-0.0054512
0.011768
0.0086695
0.0031695
0.0038824
-0.004068
-0.010046
-0.015318
-0.0027903
0.0055671
0.0089425
0.0081149
0.0078085
-0.0033053
-0.010916
-0.0079578
0.0044629
0.0045904
0.0021252
0.027391
0.025341
0.013541
-0.00082373
0.0038343
0.0056046
-0.0078429
-0.01101
0.035799
0.032405
0.015823
0.007673
0.0027715
-0.0025302
-0.01601
-0.019614
0.023066
0.028093
0.012136
-0.00089315
0.00095988
-0.0068594
-0.014797
-0.012621
-0.32739
-0.43546
-0.26923
0.047386
0.22058
0.23704
0.23434
0.13335
-0.30973
-0.49053
-0.35307
0.025267
0.24162
0.23
0.18668
0.12268
0.11841
-0.22997
-0.3937
-0.099419
0.15184
0.10826
-0.018642
-0.052713
0.74625
0.20189
-0.4871
-0.38641
-0.012364
0.050611
-0.16008
-0.22875
1.3163
0.7169
-0.52698
-0.78455
-0.23429
0.082305
-0.11131
-0.26176
1.681
1.2197
-0.40248
-1.1243
-0.63356
-0.11315
-0.10921
-0.22066
1.7893
1.5394
-0.083883
-1.1581
-1.0266
-0.51551
-0.29004
-0.17294
1.3499
1.2328
0.12868
-0.79137
-0.92301
-0.57712
-0.28234
-0.13904
-0.47034
-0.72543
-0.77315
-0.65697
-0.53487
-0.39405
-0.17398
-0.028363
-0.98784
-1.2294
-1.0163
-0.5731
-0.25807
-0.12276
0.060524
0.13924
-1.351
-1.3438
-0.62881
0.052782
0.37362
0.45789
0.51397
0.36484
-1.0294
-0.47692
0.39291
0.80538
0.73709
0.55086
0.38029
0.1147
0.088614
0.89061
1.2216
0.88556
0.42068
0.08466
-0.20181
-0.31912
0.98987
1.4647
1.0626
0.29595
-0.09188
-0.20986
-0.32826
-0.34777
0.94353
0.95229
0.26795
-0.24054
-0.1977
-0.02548
-0.047886
-0.10039
0.42799
0.21877
-0.18926
-0.29094
-0.051838
0.11085
0.065676
-0.026797
-0.43282
-0.084563
0.58288
0.76326
0.24662
-0.41629
-0.69681
-0.47463
-0.53769
0.0077933
0.92402
0.95142
0.058033
-0.7854
-0.89445
-0.42865
-0.46572
0.24821
1.1032
0.80242
-0.27321
-0.982
-0.77134
-0.199
-0.31143
0.56227
1.125
0.48177
-0.6096
-0.993
-0.51233
0.088424
0.027781
0.86798
1.0634
0.10115
-0.81004
-0.85766
-0.23803
0.27301
0.48134
1.0812
0.77085
-0.28927
-0.90777
-0.64297
0.0092929
0.37381
0.67767
0.89351
0.25522
-0.61644
-0.83204
-0.37076
0.19439
0.37867
0.50254
0.454
-0.13092
-0.65987
-0.60049
-0.14841
0.2374
0.23774
-1.4129
-1.3354
0.0028458
1.1396
1.0046
0.38613
0.1082
0.020165
-1.7078
-1.4777
0.31324
1.4397
0.90317
0.12569
-0.069711
0.0013467
-1.5402
-1.0806
0.61157
1.2236
0.38984
-0.20729
-0.12495
0.036024
-1.2404
-0.62626
0.69889
0.80703
0.028917
-0.22147
-0.011852
0.095719
-0.9824
-0.31422
0.71749
0.61357
0.04806
-0.030167
0.09478
0.061448
-0.81131
-0.09275
0.75395
0.61704
0.15691
0.073504
0.08482
-0.0011648
-0.63242
0.066012
0.74714
0.5928
0.16036
-0.034845
-0.10201
-0.16462
-0.44196
0.096037
0.60258
0.47164
0.11602
-0.086448
-0.18873
-0.23713
-0.26954
-0.46502
-0.41337
-0.07198
0.076389
-0.17598
-0.52993
-0.52781
-0.27549
-0.46438
-0.3027
0.13522
0.26309
-0.098013
-0.56975
-0.62339
-0.27455
-0.37886
-0.17094
0.2724
0.36502
0.031172
-0.37466
-0.44756
-0.3141
-0.4077
-0.2168
0.098118
0.12099
-0.064644
-0.16508
-0.13514
-0.44624
-0.54954
-0.30413
-0.03412
-0.072639
-0.10672
0.089054
0.24465
-0.7313
-0.83676
-0.30963
0.32659
0.45981
0.40853
0.57143
0.58048
-1.0387
-1.0925
-0.17792
0.99189
1.366
1.1986
1.0614
0.80804
-0.98785
-0.96263
-0.03724
1.071
1.4394
1.2375
1.0076
0.71769
0.39015
0.76164
0.50355
-0.1261
-0.47467
-0.53015
-0.36674
-0.15799
0.25059
0.89663
0.72095
-0.086558
-0.57104
-0.56571
-0.33798
-0.12526
-0.094083
0.76209
0.88259
0.15027
-0.47723
-0.50601
-0.21459
-0.021192
-0.45474
0.53102
1.1246
0.46597
-0.44052
-0.57972
-0.17746
0.045519
-0.85355
0.19996
1.3051
0.84517
-0.33096
-0.73632
-0.35101
-0.0025911
-1.2162
-0.3583
1.1551
1.2133
0.1151
-0.6191
-0.53255
-0.16663
-1.4084
-0.9013
0.60351
1.2639
0.67215
-0.15927
-0.42792
-0.25994
-1.1793
-0.97929
0.071607
0.8576
0.76314
0.18697
-0.19038
-0.21468
-0.35466
-0.77876
-0.90878
-0.56266
-0.16962
-0.08191
-0.25442
-0.34364
0.18837
-0.48853
-1.028
-0.81474
-0.2937
-0.13024
-0.33204
-0.41064
0.9273
0.3792
-0.58462
-0.85021
-0.49879
-0.24678
-0.25297
-0.25812
1.2698
1.103
0.077771
-0.73556
-0.72069
-0.37138
-0.13597
-0.029083
1.0973
1.3835
0.71102
-0.32526
-0.77314
-0.57063
-0.19285
0.023805
0.5007
1.1328
1.1594
0.42517
-0.38807
-0.63821
-0.42792
-0.1681
-0.048933
0.6249
1.2677
1.0981
0.33171
-0.25605
-0.423
-0.30394
-0.26291
0.17156
0.87339
1.0365
0.62399
0.091707
-0.17092
-0.17648
0.21927
0.21684
-0.0039621
-0.15365
-0.23029
-0.25116
-0.23216
-0.20473
-0.090381
-0.081527
-0.092954
-0.09407
-0.15583
-0.23082
-0.28612
-0.28418
-0.73247
-0.76537
-0.50321
-0.22373
-0.078281
-0.11769
-0.23109
-0.2801
-1.1535
-1.4461
-1.218
-0.73765
-0.3439
-0.17963
-0.17174
-0.17255
-0.48916
-0.80861
-0.87771
-0.71806
-0.49283
-0.21872
-0.040005
0.041866
1.0257
1.1564
0.84195
0.33183
-0.013653
-0.06432
0.067528
0.1541
1.5471
1.9114
1.6329
1.0099
0.41642
0.026359
-0.10469
-0.043945
0.79237
0.98883
0.88132
0.62602
0.31346
-0.006396
-0.19943
-0.18554
-0.0091056
-0.097868
-0.069448
0.13866
0.25998
0.20252
0.064526
-0.034032
0.37931
0.3512
0.3015
0.34805
0.38167
0.31578
0.22705
0.089055
0.68745
0.79289
0.62419
0.44018
0.36082
0.31664
0.26817
0.11483
0.47016
0.67689
0.66318
0.58255
0.59784
0.64641
0.55813
0.31683
-0.13652
0.028828
0.32935
0.59889
0.84913
1.0385
0.96881
0.60779
-0.55265
-0.52162
-0.25119
-0.018964
0.19853
0.4215
0.45366
0.2151
-0.64582
-0.78196
-0.81219
-0.92955
-1.04
-1.0195
-0.92193
-0.726
-0.53342
-0.70135
-0.83695
-1.0481
-1.2655
-1.3911
-1.3432
-0.99418
-0.055555
-0.14363
-0.29124
-0.4165
-0.17707
0.77124
1.7699
1.6867
0.053587
0.057348
-0.18343
-0.61204
-0.7441
0.20695
1.6877
1.9621
0.10774
0.21675
0.073314
-0.40921
-1.0218
-0.78023
0.49536
1.2351
0.056085
0.15145
0.23122
0.02462
-0.60679
-1.0121
-0.52859
0.18305
0.0055709
0.033489
0.21408
0.29071
-0.056177
-0.64546
-0.88557
-0.47364
0.1169
0.10913
0.17717
0.25328
0.1323
-0.37073
-0.9559
-0.842
0.36994
0.35221
0.18171
0.06036
0.037786
-0.28295
-0.88277
-0.93145
0.35171
0.3462
0.11626
-0.027805
0.034619
-0.10873
-0.52573
-0.6571
-0.10383
-0.49334
-0.9392
-1.0678
-0.85744
-0.48098
-0.083986
0.17044
0.54354
0.20737
-0.479
-1.0471
-1.235
-1.0282
-0.59655
-0.16275
0.91589
1.1018
0.83231
0.12456
-0.68684
-1.1353
-1.0813
-0.70922
0.38741
0.82721
1.2161
1.2506
0.61955
-0.30653
-0.86306
-0.86424
-0.29465
-0.09387
0.41648
1.0865
1.2163
0.61819
-0.16852
-0.5493
-0.25488
-0.27191
-0.17232
0.23543
0.67797
0.72992
0.39376
0.047892
0.07836
0.024454
-0.17188
-0.2448
-0.025712
0.37561
0.56903
0.46788
0.18691
0.20986
0.0023004
-0.22668
-0.22619
0.069328
0.38414
0.3943
0.84308
1.3253
1.6531
1.7519
1.6018
1.1695
0.65858
0.32274
0.66581
0.93408
1.042
0.98964
0.82994
0.42997
0.063783
-0.038562
-0.26837
-0.48467
-0.74235
-0.88524
-0.87892
-0.84879
-0.78447
-0.54052
-0.6175
-0.90219
-1.094
-1.104
-0.97352
-0.84016
-0.71916
-0.52422
-0.26177
-0.29922
-0.28229
-0.17778
-0.11809
-0.17993
-0.25061
-0.20992
-0.0041652
0.0055447
0.098716
0.19549
0.14105
-0.018187
-0.11234
-0.06392
-0.050079
-0.088253
0.0019626
0.015113
-0.069409
-0.17219
-0.1718
-0.092975
-0.095057
-0.14001
-0.057602
-0.052884
-0.10898
-0.15653
-0.13951
-0.095418
0.025687
-0.11712
-0.40137
-0.74109
-1.0857
-1.3888
-1.6041
-1.369
0.25431
0.19229
-0.10822
-0.46726
-0.82731
-1.263
-1.6257
-1.4399
0.22543
0.26495
0.19427
0.27639
0.48199
0.47532
0.15799
-0.10185
0.02041
0.050873
0.1814
0.588
1.1798
1.626
1.5291
1.0185
0.019811
0.076393
0.10905
0.18876
0.40127
0.75916
0.97501
0.7863
0.12901
0.21486
0.14831
-0.068569
-0.26987
-0.20693
0.035247
0.16077
0.064675
0.076222
0.054051
-0.038837
-0.15172
-0.12842
0.0098236
0.086585
-0.15545
-0.22655
-0.14709
-0.036365
0.016256
0.075868
0.17714
0.20304
0.099308
0.34501
0.65316
0.5985
-0.015638
-0.82003
-1.2038
-0.86699
-0.0085373
0.23085
0.71227
0.91416
0.33797
-0.75036
-1.4228
-1.1483
-0.088439
-0.013101
0.36743
0.86636
0.6879
-0.31405
-1.2503
-1.1693
0.07597
-0.023302
0.070765
0.59445
0.79958
0.069476
-0.98093
-1.1291
0.34176
0.18734
0.012128
0.36772
0.80361
0.35534
-0.69548
-1.0816
0.41187
0.26563
0.0053891
0.25367
0.82459
0.6269
-0.41565
-0.9879
0.32858
0.22379
0.039905
0.28812
0.88511
0.7933
-0.19698
-0.8464
0.17035
0.12822
0.051291
0.24903
0.69148
0.64087
-0.084661
-0.58044
-0.37099
-0.20134
0.29505
0.53007
0.13936
-0.48215
-0.6528
-0.32558
-0.33215
0.013251
0.5768
0.53815
-0.26305
-0.88897
-0.55632
0.093897
-0.056697
0.36478
0.60026
-0.0069751
-0.97839
-0.92149
0.15751
0.81699
0.27334
0.58321
0.26743
-0.79298
-1.3299
-0.33932
1.0274
1.1919
0.49818
0.49648
-0.26778
-1.2287
-1.0109
0.48628
1.3463
0.88171
0.44657
0.11601
-0.71493
-1.1201
-0.26072
0.99283
1.0046
0.1646
0.11199
-0.3706
-0.85736
-0.66696
0.35372
1.0091
0.4052
-0.37101
-0.15275
-0.50347
-0.62739
-0.20103
0.53564
0.71569
0.068588
-0.41576
0.59867
0.94163
0.9576
0.52799
-0.071287
-0.36328
-0.39829
-0.38234
0.55813
1.0657
1.386
1.2901
0.94987
0.72672
0.56769
0.29767
-0.21865
0.017455
0.43027
0.82601
1.1186
1.3361
1.3448
0.92144
-0.61468
-0.80824
-0.79227
-0.51775
-0.14578
0.21608
0.44777
0.39165
-0.37049
-0.52206
-0.68581
-0.85918
-0.95227
-0.91347
-0.82945
-0.59257
-0.084275
-0.044772
-0.099316
-0.34403
-0.60729
-0.81131
-0.93475
-0.80565
-0.14353
-0.18193
-0.18581
-0.21778
-0.26255
-0.31534
-0.40821
-0.40504
-0.25335
-0.4162
-0.45296
-0.38544
-0.25662
-0.13613
-0.038011
-0.035256
-0.3024
-0.016323
0.51951
0.93428
0.93489
0.5248
-0.04652
-0.29064
-0.10987
0.35387
0.96976
1.2182
0.92802
0.20903
-0.48746
-0.62342
0.56545
1.0317
1.1637
0.8484
0.24549
-0.37925
-0.78345
-0.68473
1.2633
1.4988
0.94437
0.11906
-0.42503
-0.61119
-0.64324
-0.44383
1.1539
0.99299
0.14496
-0.56483
-0.65716
-0.48796
-0.38832
-0.2806
0.29194
-0.11333
-0.6238
-0.70563
-0.4616
-0.30381
-0.30792
-0.30487
-0.47752
-0.86399
-0.80028
-0.34673
-0.1245
-0.22003
-0.37662
-0.35705
-0.62366
-0.81163
-0.50764
-0.080154
-0.0064395
-0.1646
-0.2939
-0.28151
0.050248
0.30701
0.45014
0.29993
-0.12317
-0.39193
-0.3863
-0.24945
0.094989
0.39809
0.5862
0.34674
-0.16222
-0.41615
-0.34442
-0.23888
0.13876
0.40101
0.56983
0.38041
-0.073673
-0.3371
-0.29177
-0.25605
0.15523
0.39333
0.59933
0.56555
0.11179
-0.33589
-0.42638
-0.39068
0.21452
0.41447
0.66648
0.72357
0.21679
-0.47062
-0.74143
-0.60787
0.27711
0.57559
0.838
0.79741
0.081751
-0.82509
-1.1272
-0.83924
0.46611
0.88725
1.077
0.72158
-0.25456
-1.1727
-1.4169
-0.97071
0.51591
0.91172
0.93493
0.40356
-0.44134
-1.1223
-1.2414
-0.80102
-0.089498
-0.20804
-0.33934
-0.084741
0.45914
0.70501
0.39445
-0.030654
-0.054753
-0.2241
-0.39808
-0.027084
0.68964
0.98066
0.45353
-0.19192
0.013521
-0.15291
-0.32907
0.035461
0.74444
0.94417
0.2255
-0.50652
0.021202
-0.13966
-0.25471
0.1822
0.87442
0.83599
-0.10856
-0.79899
0.012269
-0.21105
-0.17539
0.47472
1.1055
0.64894
-0.575
-1.0733
-0.10686
-0.32689
-0.027744
0.8659
1.2299
0.2568
-1.0815
-1.3095
-0.3024
-0.40938
0.17045
1.0757
1.0485
-0.22898
-1.4543
-1.4078
-0.31548
-0.36689
0.19556
0.82177
0.55101
-0.45634
-1.2488
-1.0876
-0.35475
-0.46774
-0.35315
0.09606
0.7622
1.3349
1.6087
1.29
-0.32854
-0.33328
-0.084036
0.49528
1.1476
1.5699
1.569
1.1327
0.040847
0.17854
0.29977
0.42733
0.46192
0.22558
-0.12476
-0.30409
0.20059
0.19787
0.030823
-0.22933
-0.55669
-0.93751
-1.2267
-1.1054
-0.19504
-0.34021
-0.54238
-0.72027
-0.77249
-0.75673
-0.75798
-0.57908
-0.40353
-0.56655
-0.72695
-0.71908
-0.43584
-0.070691
0.1422
0.18998
-0.18247
-0.35153
-0.4669
-0.32402
-0.018359
0.28862
0.37522
0.32564
-0.010431
-0.116
-0.081007
0.10339
0.20262
0.19794
0.11107
0.052585
-0.17643
-0.29287
-0.4166
-0.42784
-0.21978
0.049287
0.1027
0.013211
-0.23769
-0.36582
-0.43406
-0.43335
-0.34717
-0.3551
-0.49925
-0.54094
-0.16925
-0.24694
-0.27496
-0.36658
-0.62179
-1.0154
-1.2304
-0.98869
-0.0347
-0.12151
-0.28809
-0.52582
-0.80556
-0.93081
-0.75265
-0.35133
-0.092189
-0.1751
-0.31157
-0.37755
-0.12711
0.44139
1.0081
1.0555
-0.14205
-0.19703
-0.14581
0.20931
0.86615
1.5021
1.7923
1.4961
0.19363
0.21217
0.29462
0.61978
0.97834
1.0188
0.78548
0.52262
0.43214
0.49403
0.40643
0.4057
0.38314
0.10282
-0.23648
-0.2707
0.76257
1.1034
0.68174
-0.11722
-0.5776
-0.36266
0.1025
0.29474
1.3294
1.4317
0.50578
-0.51114
-0.71452
-0.25438
0.21226
0.27158
1.4254
1.0946
-0.16498
-0.86641
-0.52554
0.036293
0.22595
0.10386
1.0154
0.27052
-0.85139
-0.94869
-0.17437
0.25944
0.1189
-0.090431
0.2904
-0.5631
-1.1419
-0.66669
0.19787
0.35809
-0.016472
-0.20406
-0.34965
-1.0088
-0.95637
-0.067707
0.61034
0.37721
-0.1369
-0.24117
-0.76437
-1.0626
-0.51059
0.45178
0.77718
0.29119
-0.2033
-0.21822
-0.74696
-0.74917
-0.12298
0.53303
0.5603
0.132
-0.14989
-0.12379
-0.14179
0.45509
0.73308
0.43571
0.021636
-0.042132
0.03202
-0.01491
-0.37066
0.35123
0.97075
0.70925
0.071541
-0.05005
0.11926
0.12409
-0.81806
-0.16361
0.86559
0.98814
0.30065
-0.045801
0.03736
0.068412
-1.1488
-0.77242
0.52134
1.2211
0.69103
0.088641
-0.094593
-0.1078
-1.151
-1.1765
-0.057503
1.0754
1.0052
0.32726
-0.084989
-0.15412
-0.90435
-1.2572
-0.74562
0.38962
0.9075
0.57451
0.15531
0.034045
-0.56013
-1.1349
-1.2417
-0.52036
0.38472
0.63366
0.42767
0.24976
-0.29372
-0.79624
-1.1472
-0.84752
-0.086247
0.38087
0.43192
0.29643
1.1733
1.334
0.49689
-0.43861
-0.78162
-0.6296
-0.39222
-0.2081
1.371
1.4858
0.44341
-0.60131
-0.87128
-0.65297
-0.4483
-0.28964
1.1348
1.1979
0.20365
-0.64748
-0.72256
-0.4676
-0.36315
-0.29035
0.99061
0.98597
0.11653
-0.62182
-0.64114
-0.41236
-0.36364
-0.31654
0.99425
0.94276
0.12658
-0.50999
-0.5376
-0.40647
-0.41271
-0.38459
0.99721
0.84989
0.027648
-0.4647
-0.42827
-0.33904
-0.39979
-0.34342
0.90913
0.66397
-0.08306
-0.46547
-0.43143
-0.32005
-0.34209
-0.25059
0.66872
0.45338
-0.078883
-0.33807
-0.34693
-0.2669
-0.25068
-0.19032
-5.0483
-4.9565
-5.1576
-4.7142
-4.9805
-4.9207
-5.0131
-4.869
-4.9834
-5.0527
-4.8977
-4.9136
-5.0171
-4.9665
-4.8423
-4.842
-4.959
-4.836
-4.8729
-4.761
-4.4411
-4.8911
-5.0079
-5.1386
-5.1891
-4.8707
-5.0478
-5.1219
-4.8425
-5.1554
-4.8747
-4.9529
-4.7039
-5.081
-5.0807
-4.9753
-4.8429
-4.9875
-5.3218
-5.0155
-4.8795
-4.9759
-4.7994
-5.1944
-5.0597
0.011547
0.0067994
0.006148
0.0021814
-0.0014109
-0.0080403
-0.0074183
-0.0043333
0.0078579
0.002597
0.0001078
-0.0035445
-0.006668
-0.0082749
-0.0066003
-0.00067991
0.007117
-0.00099112
-0.00016537
-0.0027279
-0.0034184
4.1044e-05
-0.0020905
0.0014735
0.0042808
-0.00060603
-0.0024809
-0.0040296
-0.003509
-0.002455
-0.0074134
-0.005709
0.0084763
0.0046806
0.0032969
0.0030455
0.0010621
-0.0025898
-0.0097382
-0.013736
0.01281
0.0079649
0.0082619
0.0071475
0.005461
0.0021189
-0.0071922
-0.014429
0.012545
0.011642
0.008833
0.0028311
-0.00081689
-0.0056364
-0.0088483
-0.011329
0.0172
0.014643
0.009023
0.0029968
-0.0019319
-0.0092154
-0.011673
-0.0085887
