-0.72169
0.49309
-0.31881
0.83552
-0.0023396
-0.4871
0.0010992
0.18666
8.2145e-06
-0.00091678
-0.10637
0.39476
-0.00043076
-0.006786
1.4951
0.0009857
0.020972
0.55524
-0.28416
0.091829
-1.1249
-0.37697
0.25088
-0.011319
-0.82216
-0.79629
-1.0226
-0.76955
0.40818
0.68775
1.1416
0.0025786
-0.26618
0.23209
-0.0015494
-0.0080135
0.49464
0.00028407
0.24644
-0.0051793
0.79174
-0.66827
-0.18902
-0.93667
0.0095379
-0.12493
-0.0035024
0.43901
-0.00088894
-1.2603
-0.86086
0.13006
-0.43223
0.51318
-0.0015149
-0.63378
-0.0012954
-0.38202
-0.0037788
-0.00087309
-0.049102
0.65992
-0.0016654
-0.0030074
1.9266
-0.0026939
0.030183
0.90844
-0.28054
0.10317
-0.37218
-0.47378
0.9636
-0.012413
-1.0406
-1.2372
-0.08676
-0.37976
0.23301
-0.012734
1.516
0.0038806
-0.41286
-0.16749
-0.0051647
-0.012709
0.61596
0.0038322
0.66961
-0.0072646
0.84883
-0.61914
-0.26831
-0.95745
0.012006
-0.131
-0.00092392
0.32147
-8.3641e-05
-1.522
-0.41116
-0.60009
-0.70267
-0.60961
-0.0022972
-0.4532
-0.0022633
-0.9528
-0.011729
0.0012593
0.048782
0.67856
-0.0046153
0.0010699
1.7876
-0.005952
0.019519
0.72526
-0.32507
0.046395
0.81764
-0.034603
1.2499
-0.006836
-0.65713
-1.0304
1.0565
0.61546
-0.058864
-0.83329
0.82323
4.5841e-05
0.20797
-0.69385
-0.0050264
-0.015291
0.27284
-0.0012677
0.76948
-0.0090954
-0.0032454
-0.069742
0.19048
-0.57687
0.010226
-0.14519
0.00059984
-0.18349
-0.0023699
-1.3236
0.32406
-0.66757
-0.95863
-0.94299
-0.0013297
-0.050257
0.00035415
-0.53783
-0.0085569
-0.00025816
-0.34544
0.3394
-0.002795
0.00023682
1.4898
-0.0050008
-0.000519
0.16219
-0.4411
-0.029685
1.0008
0.66511
0.5074
-0.0024208
0.069492
-0.25144
0.90386
0.95449
-0.2611
-0.72939
-0.31878
-0.0006073
1.2511
-0.98035
-0.0037019
-0.012665
-0.16686
-0.0066169
0.17814
-0.0056048
-0.97289
0.87846
0.5961
-0.25624
0.010373
-0.065699
-0.0011348
-0.54885
-0.0011766
-1.1674
0.88171
0.45124
-1.0523
-0.16983
-0.00067791
0.18109
0.00341
0.79809
-0.0033505
-0.0018496
-0.70187
-0.20097
-0.0021026
-0.0066756
1.2468
-0.0037177
-0.0091637
-0.35045
-0.62245
-0.06795
0.14838
0.95356
-0.62016
0.00056202
0.6106
0.26901
0.064863
0.49548
-0.37128
-0.25828
-0.79639
-0.00061156
1.6955
-1.065
-0.0052178
-0.0026736
-0.34492
-0.0079405
-0.95468
-0.00059312
-1.24
1.5524
0.67631
-0.045631
0.013665
-0.071344
-0.0022291
-0.60346
-0.0016924
-1.0177
0.83974
1.2999
-0.86415
0.42465
-0.0036394
-0.046492
0.0078492
1.2712
-0.0043142
-0.0012245
-0.47647
-0.35542
0.0013054
-0.0085855
1.0115
-0.0015715
-0.0061372
-0.50238
-0.69693
-0.063424
-0.40557
0.74552
-0.99744
2.8908e-05
0.56218
0.077369
-0.3613
0.079801
-0.36687
-0.062139
-0.56407
0.00045057
1.3046
-0.93907
-0.0045797
0.006794
-0.28201
-0.0048582
-1.2931
0.0013148
-0.88077
1.4285
0.5253
-0.008687
0.010191
-0.081219
-0.00015132
-0.47873
-0.003252
-0.71492
-1.0255
0.24726
0.097691
1.1274
0.0011233
-0.90984
-0.0035077
0.14102
-0.0010267
0.00078743
0.033823
-0.27814
0.0013314
-0.012241
0.84539
0.0023372
0.029505
0.72067
-0.346
0.12129
-0.96206
-0.53612
-0.52823
-0.01586
-0.84469
-1.121
-1.1972
-0.87706
0.73435
1.0822
1.619
0.002175
-0.44906
0.053172
-0.00058369
-0.011285
0.68846
0.0033735
0.31195
-0.0069782
0.67702
-0.43373
-0.16874
-1.1533
0.0047658
0.99771
-0.0064256
0.38652
0.0010579
-0.64842
-1.4501
-0.09984
-0.046919
1.0618
0.0021994
-0.91141
-0.0055806
-0.54853
-0.0049117
0.0019385
0.0061249
-0.036518
0.00084272
-0.0065165
1.0864
-4.8158e-05
0.038252
1.0615
-0.49897
0.13428
0.19833
-0.72689
0.36023
-0.017559
-0.93743
-1.3016
-0.0068338
-0.6179
0.65172
0.14045
1.5987
0.0028919
-0.88499
-0.69982
-0.0053956
-0.013113
0.77679
0.0075215
0.77543
-0.0092351
1.3687
-0.074583
-0.21535
-1.2337
0.00068706
1.4697
-0.0022622
0.026961
-0.00056532
-0.64699
-1.3431
-0.82724
-0.46871
-0.29156
-0.0020453
-0.16379
-0.0047115
-1.0292
-0.0077096
-0.00041707
-0.21436
0.26245
-7.842e-05
0.0022406
0.86336
-0.0029802
0.018924
0.76371
-0.64064
0.048519
1.4211
-0.19448
1.3411
-0.0077265
-0.37061
-0.45676
1.3421
0.63155
0.22482
-1.0495
0.34167
-0.00048631
-0.65141
-1.2659
-0.0052719
-0.0091214
0.3048
0.0028144
0.93487
-0.0078106
1.2045
0.50604
0.061496
-0.91015
-0.0065355
1.3967
-0.00081007
-0.55993
-0.0018694
-0.60026
-0.74015
-0.83812
-0.92319
-1.144
-0.0024097
0.5621
-0.0010655
-0.17393
-0.0079216
-0.001417
-0.72709
0.13354
-0.0026638
0.0030857
0.56341
-0.0041841
-0.0062363
0.02745
-0.8277
-0.057486
0.89945
0.76835
1.3265
0.0035425
0.43316
0.56607
1.0101
1.2096
0.015452
-1.0044
-0.8491
-0.0006996
0.57871
-1.0364
-0.0050767
-0.0010983
-0.27476
-0.0045828
0.34868
-0.0020564
0.089122
1.1167
0.20314
-0.39965
-0.0053858
1.2937
0.00083445
-0.90711
-0.00015572
-0.68824
0.028819
0.49742
-1.1486
-0.56209
-0.0019376
0.46447
0.0020398
1.2874
-0.0035584
-0.0011781
-0.80193
-0.35533
-0.00075861
-0.00054188
0.4416
-0.0012249
-0.012585
-0.56494
-1.1647
-0.10657
-0.56639
1.0934
0.37959
0.00654
0.72164
0.58807
-0.016666
0.56357
0.034172
-0.27865
-1.0737
-0.004848
1.817
-0.43206
-0.00097725
0.0065754
-0.51121
-0.0092878
-0.93411
0.0051018
-0.98368
1.4139
0.072954
0.099055
-0.0019105
1.1115
-0.001132
-0.7715
-0.0022479
-0.63297
0.39071
1.4618
-0.96711
0.22995
-0.0019934
-0.20438
0.005937
1.4038
-0.0015121
-4.0587e-05
-0.18309
-0.47651
0.0018251
-0.0031565
0.36644
-0.0021748
-0.0084138
-0.67021
-1.1999
-0.083673
-0.89451
0.7335
-0.44483
0.0061292
0.48952
0.1225
-0.44709
-0.094667
0.0059619
0.081143
-0.59176
-0.0032767
1.71
-0.096177
-0.00060543
0.010372
-0.38955
-0.0081487
-1.4372
0.0057645
-1.0212
0.99347
-0.038486
0.29992
-0.0019442
0.72033
-0.0024675
-0.43161
-0.0027374
-0.36275
-0.21432
0.03498
0.54147
0.79755
0.0025831
-0.98461
-0.0065115
-0.19995
9.6647e-05
0.0025622
0.19804
-1.1333
0.00070234
-0.016464
-0.59326
0.0032265
0.027609
0.66955
-0.14503
0.12412
-0.0023016
-0.58117
-1.2037
-0.020525
-0.3448
-1.2923
-1.2494
-0.84496
0.79273
1.4443
1.4811
0.0014205
-0.2188
-0.23733
0.0019583
-0.007923
0.66324
0.0053427
0.19776
-0.0040184
-0.22054
0.47367
-0.10526
-0.68793
-0.0092524
0.85432
-0.0075875
-0.38597
-0.00058474
0.90498
-0.65033
-0.17981
0.34964
1.3181
0.0029044
-0.41882
-0.0091929
-0.90767
-0.001993
0.0027168
0.00010061
-1.2954
0.0020455
-0.012775
-0.65244
0.0012133
0.031574
0.91066
-0.028491
0.13044
1.0606
-0.806
-0.92243
-0.0203
-0.12875
-0.86236
-0.07515
-0.85228
1.0278
0.42293
0.89188
0.00091357
-0.78235
-0.83097
0.0004331
-0.0048219
0.66739
0.0083476
0.61204
-0.004627
0.64281
0.81138
-0.4409
-0.97356
-0.012724
1.139
-0.0073205
-0.83509
0.000161
1.3322
-1.0575
-0.78127
-0.20513
0.39983
0.0037874
0.74057
-0.0046411
-0.9752
-0.0037893
0.0028775
-0.48914
-0.95973
0.00058057
-0.0038444
-0.67506
-0.00034638
0.0071574
0.51134
0.016572
0.051781
1.1697
-0.35787
0.027031
-0.0070755
0.52242
0.5566
1.1997
0.27422
0.92865
-1.0077
-0.48846
-0.0018493
-1.207
-0.67962
-0.00044955
0.0014263
0.1677
-0.0014973
0.94794
-0.00070888
1.4815
0.8758
-0.64341
-0.87148
-0.016931
0.89205
-0.0010672
-1.0693
0.00011477
1.1734
-1.2041
-0.8312
-0.6762
-0.86259
-0.0007948
1.1091
0.00017239
0.17011
-0.0041827
0.0015152
-0.7216
-0.67353
0.00067392
0.0074627
-0.73935
-0.0013707
-0.017702
-0.23811
-0.287
-0.050943
-0.24514
0.58595
1.0203
0.0078511
0.92376
1.1271
0.78201
1.0722
0.90942
-1.0488
-1.0638
-0.0040489
-0.65809
0.44583
0.00018935
0.012265
-0.37095
-0.0083961
0.62702
0.0064209
1.2234
0.57652
-0.97245
-0.28578
-0.022445
0.74778
-0.00044425
-0.88787
-0.0019058
0.72215
-1.0042
0.45803
-0.89396
-1.0403
-0.0024411
0.26728
0.0034414
0.86309
-0.00040821
0.0011971
-0.1096
-0.62055
0.0038532
0.0067427
-0.74273
-0.00037818
-0.024745
-0.76572
-0.90602
-0.10971
-1.3034
0.86871
1.2978
0.013677
0.88663
0.64743
-0.27383
0.51903
1.0302
-0.19008
-0.71214
-0.007345
0.63247
1.3964
0.00099963
0.015755
-0.57785
-0.01374
-0.65987
0.01395
-0.00028845
0.012281
-1.2964
0.54378
-0.024445
0.83519
-0.0013678
-0.32199
-0.00097169
0.48875
-0.50537
1.4375
-0.71174
-0.54642
-0.0013253
-0.58339
0.0062649
0.4238
0.0035197
0.00046263
0.68571
-0.46572
0.0034892
0.0021851
-0.59287
-0.00079448
-0.015072
-0.70185
-1.1655
-0.08862
-0.79783
0.4912
0.7147
0.0096514
0.54293
0.152
-0.56429
-0.16153
0.79674
0.30933
-0.1693
-0.0036498
1.1486
1.2237
0.0032017
0.01345
-0.41695
-0.012119
-1.2585
0.011233
-0.85193
-0.52359
-1.0936
0.86332
-0.017111
0.69294
-0.001813
0.14339
-7.954e-05
0.31856
1.0684
0.01475
0.69553
-0.1341
0.0028808
-0.40192
-0.0067451
-0.51876
0.0028377
-0.0001924
0.061142
-0.69085
0.0018405
-0.016697
-1.0157
0.001772
0.023149
0.62597
-0.018109
0.12551
0.8361
-0.54863
-0.95414
-0.017213
-0.19402
-1.1973
-1.3034
-0.85921
0.31581
1.6276
0.9207
-0.0010776
0.098024
-0.25922
0.003478
-0.007349
0.58933
0.0068346
0.11792
-0.0041408
-1.0491
0.77625
-0.19734
0.17344
-0.010432
-0.49543
-0.0063473
-0.93693
0.00081398
1.4386
1.1342
-0.24616
0.559
0.88719
0.0044676
0.67074
-0.012823
-1.1466
0.00093857
0.0020936
-0.38138
-1.0738
-0.0024431
-0.011972
-1.1119
0.001791
0.01984
0.82461
0.62893
0.13881
1.3583
-0.80839
-1.1928
-0.012829
0.10196
-0.28431
-0.18629
-1.0931
0.75248
0.85138
0.098178
-0.00046154
-0.29904
-0.31627
0.0042612
-0.0027697
0.55817
0.0068267
0.52859
-0.0088789
-0.70239
0.79612
-0.65601
-0.42172
-0.0085135
-0.81087
-0.0068517
-1.0751
0.00021668
1.7796
0.62856
-0.83748
-0.017141
1.0108
0.002098
1.4403
-0.010581
-0.5292
-0.0014779
0.0023661
-0.82929
-1.1748
-0.0032175
-0.0027955
-0.83646
-0.0029797
-0.0027945
0.31238
1.2647
0.06324
0.26706
-0.52213
-0.97703
-0.0022179
0.66747
0.97273
1.1827
-0.19118
0.91327
-0.67163
-0.96301
-0.0022649
-0.8889
0.40514
0.0014894
-0.0011246
0.052887
-0.0045073
0.87413
-0.0046485
0.37434
0.47754
-0.95181
-0.73819
-0.0089654
-1.1484
-0.0018556
-0.52619
2.3538e-05
1.3809
-0.19877
-0.99672
-0.38552
-0.12049
-0.0028519
0.85725
-0.0020859
0.73495
0.00051873
0.001958
-0.28573
-1.0603
-1.646e-05
0.005363
-0.63926
-0.0022645
-0.02601
-0.4878
1.216
-0.046426
-1.3248
0.18331
0.0073589
0.0081321
0.943
0.91684
0.78955
0.72561
0.95576
-1.0007
-0.88357
-0.0050125
-1.1056
1.5967
0.0022627
0.0092834
-0.43673
-0.010633
0.56678
0.005366
1.1069
-0.23518
-1.1273
-0.10909
-0.013871
-1.1816
-0.0013606
0.25874
-0.0039671
0.77342
-0.70119
0.41464
-0.44122
-1.0978
-0.005166
-0.5077
0.0068722
0.47318
0.0051205
-0.001921
1.0151
-0.81628
0.0034507
0.0075821
-0.61532
0.00019719
-0.028854
-0.94184
0.46179
-0.11545
-1.2131
0.54216
1.0303
0.012595
1.1124
0.33425
-0.41295
0.62324
1.0325
-0.31513
-0.1127
-0.0076034
-0.61855
1.8568
0.0039555
0.01382
-0.60356
-0.014748
-0.65734
0.016374
0.7103
-1.0471
-1.0453
0.9417
-0.022902
-0.7388
-0.0014109
0.73727
-0.0026463
0.49967
-0.5138
1.621
-0.30004
-1.0945
-0.0024631
-1.0336
0.011301
-0.53251
0.0046034
-0.0046807
1.5289
-0.4641
0.004174
0.0036015
-0.61408
0.00093648
-0.021306
-0.75568
-0.15901
-0.099194
-0.064225
0.32222
0.94345
0.006755
0.94404
0.058183
-0.74886
0.10307
0.82482
0.20587
0.30691
-0.0034515
-0.044497
1.0446
0.0032479
0.010088
-0.43206
-0.0097327
-1.1754
0.012594
-0.2649
-1.2989
-0.65984
1.1907
-0.023394
-0.31263
-0.0015401
0.70991
-0.0015218
0.2701
1.3552
-0.09203
0.84926
-1.0316
0.0016448
0.58445
-0.011134
-0.79774
0.0011593
-0.0039301
-0.3886
1.2165
-0.0044894
-0.0099253
-0.69634
0.00095994
0.012352
0.61053
-0.27858
0.11969
0.77223
-0.44971
-0.13414
-0.0075809
-0.6595
-0.71215
-1.3409
-0.82365
-0.75257
1.7053
0.16743
0.00090713
0.44537
0.065568
0.00060238
-0.0093379
0.52758
0.0074598
0.1943
-0.010357
-1.1265
0.017779
-0.37593
1.0222
-0.0030175
-0.95629
-0.0027144
-0.71009
-0.00079587
0.51374
1.562
-0.39345
0.99617
0.081615
0.0023484
1.5137
-0.017165
-0.98914
0.0013531
-0.0029143
-1.0268
1.1546
-0.0097801
-0.0054227
-0.75099
-0.0029665
0.0095905
0.66685
0.14142
0.12933
0.68621
-0.7005
-0.4189
-0.00394
-0.71396
0.34068
-0.37577
-1.2154
-0.6888
1.3109
-0.59166
-0.00063188
0.30207
0.23701
-0.00071285
-0.01379
0.44701
0.0042142
0.55173
-0.015022
-1.2222
-0.21955
-0.53931
0.29545
0.0032525
-1.1834
-0.00023049
-0.17539
-0.001313
0.53853
1.2774
-1.0458
0.66537
1.3228
0.0014123
1.3403
-0.017127
0.31464
-0.0018154
-0.0016096
-1.0471
0.50876
-0.010168
0.0021851
-0.46178
-0.0048418
-0.0086442
0.073763
1.0352
0.045261
-0.66028
-0.63051
-0.91105
0.0029608
-0.46323
1.0267
1.1157
-0.64441
-0.6844
-0.14614
-0.9779
-0.00069985
-0.17323
0.66734
-0.0017699
-0.013573
-0.026406
0.00012185
0.74893
-0.012014
-0.55169
-0.44393
-0.20003
-0.53319
0.015759
-1.1963
0.0027586
0.9983
-0.00032782
0.16181
0.66093
-1.1942
0.46154
0.8887
-0.0039157
-0.045589
-0.0055593
1.479
-0.00044406
-0.0033372
0.35492
-0.097615
-0.0043215
0.0073765
-0.2512
-0.0047607
-0.022596
-0.68339
1.5982
-0.078287
-1.4071
-0.096186
-0.77631
0.010804
-0.062346
0.62831
1.0377
0.50792
-0.72956
-0.96013
-0.52322
-0.0046539
-0.71712
0.98441
-0.0041175
-0.0026264
-0.46425
-0.003464
0.31131
-0.0016555
0.46145
-0.79789
0.58566
-0.057544
0.01119
-1.1793
0.0011562
1.5323
-0.0026
-0.085147
0.09037
0.31229
0.40432
-0.49724
-0.0083431
-1.1905
0.012523
0.54938
0.0056539
-0.0050502
1.769
-0.39303
0.00024702
0.0049393
-0.34056
-0.00083335
-0.027383
-1.0423
1.5082
-0.15452
-0.2995
0.32056
-0.077528
0.011092
0.54799
0.24508
-0.18244
0.91405
-0.58219
-0.7367
0.19045
-0.0026811
-1.023
0.4482
-0.0010545
0.0095035
-0.60029
-0.0040773
-0.75367
0.010212
0.89098
-1.1693
1.2331
0.9803
-0.0021909
-0.92217
5.2839e-05
1.1758
-0.0046691
-0.076699
0.062951
1.6491
0.1726
-1.0789
-0.0060016
-1.1164
0.015564
-0.70093
0.003697
-0.0072145
1.6177
-0.31859
0.0028382
0.0025294
-0.44947
0.0018454
-0.023916
-0.79962
1.0095
-0.12683
0.83496
0.28891
0.22658
0.0029026
0.78376
0.22462
-0.69385
0.53589
-0.34972
-0.23975
0.38101
-0.002347
-0.76672
-0.19991
-0.0008149
0.006345
-0.42863
-0.003068
-1.1094
0.010778
0.37016
-1.1254
1.098
1.1085
-0.0067069
-0.5559
-0.0018151
0.59426
-0.0026159
-0.080059
0.43935
-0.17631
0.74432
-1.1599
0.00033955
0.89888
-0.0073215
-0.73099
-0.0010937
-0.003407
-0.6178
1.8344
-0.0063276
-8.0143e-05
-0.25981
-0.0040411
0.0052374
0.39446
-0.5669
0.07687
0.30751
-0.23133
0.55357
-0.0026877
-0.72743
-0.20874
-1.1591
-0.59735
-1.1623
1.2001
-0.3126
-8.0266e-05
0.49184
0.34091
-0.00097847
-0.0030889
0.32449
0.0051817
0.21403
-0.01078
-0.5639
-0.45329
-0.29724
1.1066
0.0026739
-0.39225
0.00056952
-0.22147
7.8474e-05
-0.22528
0.41288
-0.44684
1.1146
-0.46286
4.2302e-05
1.2793
-0.013838
-0.53702
-0.0023073
-0.0047518
-1.0614
2.0886
-0.010084
0.0022373
-0.44191
-0.0048569
0.00087431
0.22702
-0.71211
0.068061
-0.18331
-0.42445
0.31741
-0.0013741
-1.058
0.52574
-0.48673
-0.98125
-1.3834
1.0307
-0.81032
-0.00020175
0.46208
0.27268
-0.00209
-0.011161
0.18884
0.0059016
0.39489
-0.01509
-0.7433
-0.77513
-0.18765
0.67293
0.012452
-0.29721
0.0036445
0.51992
-0.00023298
-0.40257
0.35228
-0.93053
1.1641
1.0335
-0.00070945
0.53726
-0.010742
0.70879
-0.0026768
-0.003643
-0.6133
1.6349
-0.0094483
0.003579
-0.36584
-0.0051197
-0.0095659
-0.23018
-0.24695
-0.0024944
-0.99131
-0.46468
-0.45678
0.0012235
-1.0955
0.75054
0.80467
-0.69028
-1.4517
0.048148
-0.6561
0.00047288
0.13147
0.087753
-0.0054547
-0.010389
-0.12696
0.0051344
0.49931
-0.010626
-0.66482
-0.81389
0.55019
-0.020366
0.019279
-0.12743
0.0026971
1.3717
-0.0015798
-0.43274
0.25671
-0.98724
1.0221
1.2025
-0.0073882
-0.6908
-0.00019821
1.3453
-0.0035447
-0.0064707
0.83758
0.89514
-0.0036979
0.0045762
-0.23236
-0.00076573
-0.017747
-0.70889
0.56042
-0.097258
-0.80637
-0.13254
-0.96202
0.0048311
-0.81666
0.40817
1.0185
0.37752
-1.5065
-0.79435
-0.069358
-0.0025885
-0.31716
-0.27029
-0.0058693
0.00043863
-0.40899
0.005991
0.13466
-0.0032284
-0.064106
-0.76657
1.5774
0.17478
0.018652
-0.17624
0.0039683
1.3837
-0.0031346
-0.26676
0.23499
0.21529
0.76259
0.055699
-0.008555
-1.1607
0.010635
0.36653
0.0022172
-0.0087179
1.5983
0.29236
0.00087216
0.0052706
-0.28091
0.0011157
-0.019287
-0.87569
1.062
-0.13589
0.47541
0.17816
-0.90795
0.005988
-0.27877
0.25281
0.13194
0.91994
-1.3737
-0.79935
0.30885
-0.0011166
-0.70474
-0.82367
-0.0034356
0.0074813
-0.45464
0.0023425
-0.66224
0.0060832
0.50125
-0.7322
2.1153
0.82652
0.0095343
-0.21319
0.00095963
0.68376
-0.0019461
-0.14478
0.26239
1.2685
0.29135
-0.72929
-0.0054549
-0.7899
0.013874
-0.5863
0.0026362
-0.0064207
1.0205
0.036171
0.00014998
0.00019338
-0.29624
0.001723
-0.012933
-0.54382
1.0009
-0.096864
1.1032
0.19502
-0.53326
-0.0014358
0.063929
0.21164
-0.47752
0.62235
-0.95931
-0.42585
0.3522
0.00011687
-0.67361
-0.91154
-0.0027181
0.0013456
-0.2559
0.0015216
-0.81914
0.0060694
0.47686
-0.62635
1.6378
0.79984
0.0034813
-0.17079
-0.001177
0.076672
-0.0023438
-0.14326
-0.73362
-0.8333
-0.37799
0.2911
0.82189
0.8065
-1.0149
-1.405
-1.283
-0.75683
-0.034112
0.31016
-0.23554
-0.63431
-0.98781
-1.1584
-0.98719
-0.51043
1.0714
1.1344
0.61168
-0.17569
-0.65375
-0.51951
1.3092
1.5066
1.2536
0.59254
0.088515
0.040401
0.48017
0.43526
0.41168
0.26875
0.24669
0.29665
0.45867
0.13619
-0.63508
-0.60841
0.54037
1.2395
0.33514
-0.015269
-0.86083
-0.80664
0.60662
1.4541
0.089506
-0.20976
-0.82427
-0.81383
0.5925
1.4478
-0.024294
-0.28469
-0.86336
-0.96165
0.53646
1.569
-0.10645
-0.3628
-0.99439
-1.1231
0.39134
1.6066
-0.21628
-0.49106
-0.96802
-0.99979
0.27807
1.2945
-0.2953
-0.47376
-0.70372
-0.94726
-1.0529
-0.8359
0.11755
-0.078146
-0.45195
-0.87772
-1.1313
-1.0161
0.52506
0.38612
-0.11936
-0.64465
-0.88319
-0.70749
0.73162
0.61815
0.048239
-0.30681
-0.41412
-0.28964
0.85163
1.0345
0.69837
0.51643
0.43834
0.15426
0.72075
1.1271
1.1523
0.98284
0.72911
0.26449
0.86974
0.43346
-0.60014
-0.92675
-0.24095
0.41186
1.117
0.97603
-0.32037
-1.0855
-0.54877
0.236
0.78654
1.2918
0.401
-0.82405
-1.002
-0.48245
-0.13433
0.9144
0.99018
-0.14661
-1.0517
-0.98456
-0.99557
0.16283
1.2706
0.82723
-0.53203
-1.0248
-1.1391
-0.39209
0.99617
1.1055
-0.011636
-0.75934
0.00035368
-0.00099984
-0.0019294
-0.000331
-0.0011793
-0.0015725
0.0019801
0.00029597
-0.00022108
0.0015685
-0.00064223
-0.00286
0.0053664
0.0038101
0.0031248
0.0026546
0.0011164
-0.0030743
0.0035972
0.0054345
0.0042349
0.0020987
-0.00036882
-0.0024956
0.0010161
0.0030841
0.002446
-0.0017177
-0.005308
-0.0038855
0.00092224
0.0018968
-0.00013183
-0.0054443
-0.0055079
-0.0038497
-0.45858
-0.66576
-0.44011
0.064574
0.20482
-0.078483
-0.866
-0.90536
-0.14487
0.6051
0.41285
-0.25298
-0.92929
-0.45339
0.72223
1.0381
0.19121
-0.60508
-0.39383
0.6106
1.3752
0.80763
-0.50206
-0.96517
0.52359
1.4322
1.2895
-0.024648
-1.1552
-1.0728
0.91126
1.2842
0.58422
-0.65453
-1.1489
-0.79758
0.0015318
0.001947
-0.00040886
-0.0002468
0.0033513
0.0052343
0.00032669
0.0022386
0.0020592
0.0028857
0.0048188
0.0056676
-0.0044074
-0.0050966
-0.0028245
0.0011321
0.0046354
0.0048291
-0.0064268
-0.0098298
-0.008074
-0.0011071
0.0085121
0.0090658
-0.0099285
-0.012801
-0.013946
-0.0037222
0.012924
0.014319
-0.0075081
-0.011232
-0.011759
-0.00049751
0.01307
0.013583
0.12065
-0.41432
-0.93691
-0.49308
0.76358
1.2626
0.090774
-0.60933
-1.0208
-0.11896
1.2902
1.374
-0.2145
-0.93279
-0.96476
0.22737
0.92336
0.45083
-0.56501
-1.1613
-0.52308
0.78114
0.49762
-0.45767
-0.83746
-0.96359
0.30489
1.4099
0.58281
-0.62507
-0.71992
-0.43371
0.71099
1.2766
0.34837
-0.5355
-0.00025352
-0.0036367
-0.0050134
-0.0047893
-0.0021339
-0.0031925
0.00049689
-0.0040538
-0.006569
-0.0034989
-0.0021533
-0.00051442
0.0017531
-0.0002964
-0.0029428
-0.0016357
0.000725
0.003697
0.003443
0.0018974
-7.2744e-05
0.0018841
0.0035035
0.0060505
0.0018355
-9.7538e-06
0.00022593
0.00089795
0.0057086
0.0058143
-0.00086612
-0.0014596
-0.0021326
-0.00027693
0.0027458
0.0036777
-0.00085955
-0.0016942
-0.001139
-0.0022384
-0.00024506
-0.00026728
0.0014382
0.0011902
-0.00013825
0.00028218
-0.00086796
0.00095499
0.0025758
0.0053263
0.0020329
0.0025614
0.0019461
-0.00031948
0.0033873
0.0043577
0.0029379
0.0035213
0.00023269
-0.0012156
0.0017676
0.00098559
-4.5209e-05
-0.001057
-0.0051614
-0.0045758
-0.00045314
-0.0017613
-0.0031874
-0.0034767
-0.0070756
-0.0050397
-0.11667
-0.031065
0.030528
-0.34361
-0.67922
-0.49427
0.03383
0.00026615
-0.27806
-0.76333
-0.70096
-0.20193
0.18761
-0.035733
-0.54637
-0.7276
-0.046559
0.66095
0.0048296
-0.40695
-0.82709
-0.25342
1.0382
1.5665
-0.45996
-1.0249
-0.97326
0.37171
1.7163
1.6098
-0.63303
-1.0326
-0.61466
0.80984
1.5455
1.0558
0.42095
0.64806
0.65991
0.36213
-0.16611
-0.33106
-0.25599
-0.062379
0.20288
0.1049
-0.36449
-0.45808
-1.1261
-1.2783
-0.97085
-0.71428
-0.71849
-0.5226
-0.61594
-0.99478
-1.1064
-1.0623
-0.85693
-0.44492
1.1968
1.2154
0.58142
-0.073411
-0.40729
-0.28311
1.785
2.0488
1.6596
0.93325
0.28312
0.0076949
-0.0012276
-0.0030496
-0.0034946
-0.0035733
-3.1088e-05
0.00094415
-0.00223
-0.0023918
-0.0040391
-0.0025279
0.0037007
0.00421
0.0015525
-0.00082244
0.00037201
0.00253
0.0031017
0.0016792
0.00061843
-0.00094485
-0.001978
0.0014476
0.0046525
0.0033687
-0.0025611
-0.0044753
-0.0052014
0.0015428
0.0053899
0.002532
-0.0037183
-0.0057884
-0.0057759
3.0615e-05
0.0046668
0.0026529
-0.0041297
-0.0041737
-0.001476
-0.0026433
-0.0042787
-0.0044637
-0.0082049
-0.0072486
-0.0019958
0.0033775
0.002042
0.0010492
-0.012077
-0.010313
-0.0014873
0.0062839
0.006279
0.0034744
-0.010326
-0.0086009
0.0007722
0.0073277
0.010959
0.0069249
-0.0055782
-0.0034421
0.0030572
0.0085637
0.0085099
0.005226
0.0023235
0.0020448
0.0035962
0.0072728
0.0065823
0.002878
1.5116
1.8801
1.7418
1.52
1.3178
0.9945
0.91468
1.1352
0.91604
0.6581
0.52827
0.41331
-0.59128
-0.62896
-0.65325
-0.73075
-0.73639
-0.5559
-1.0706
-1.1724
-0.91747
-0.73711
-0.75293
-0.71645
-0.75653
-0.78999
-0.51868
-0.34748
-0.39914
-0.40916
-0.32131
-0.42998
-0.31197
-0.19001
-0.22332
-0.19906
0.0018875
0.00079588
-0.0019269
-0.0028251
-0.0020485
-0.0024975
0.0014994
0.0014514
-0.00063549
-0.0018912
-0.0006276
-0.00044986
0.0036698
0.004219
0.0021959
7.6161e-05
-0.0011956
0.0013229
0.003587
0.0032872
0.0012458
0.0009831
0.0011991
0.00020272
-0.0021385
-0.00083732
-0.0023435
-0.00030848
0.00091125
0.0014902
-0.003082
-0.0041558
-0.0026603
-0.0011455
-0.00048711
0.0021757
0.027487
0.032862
0.018426
-0.0025055
-0.010847
-0.0074447
0.028572
0.035454
0.01599
-0.0077291
-0.016611
-0.010752
0.025812
0.027146
0.006164
-0.020294
-0.026356
-0.015937
0.02358
0.021303
-0.0019145
-0.022738
-0.028223
-0.018664
0.016555
0.013158
-0.0035237
-0.019542
-0.025814
-0.019566
0.0065308
0.0033898
-0.0070154
-0.016053
-0.01854
-0.015171
0.56997
0.93222
0.72174
0.1712
-0.37358
-0.52183
0.73219
1.0689
0.76253
0.029415
-0.57446
-0.67189
0.69018
0.90887
0.53201
-0.25132
-0.7878
-0.70473
0.60082
0.79486
0.33943
-0.48261
-0.93094
-0.7362
0.56038
0.6446
0.085515
-0.65772
-1.0287
-0.7761
0.37786
0.25721
-0.24183
-0.73368
-0.92039
-0.59969
-0.30751
-0.2306
-0.2933
-0.45174
-0.62834
-0.72942
-0.39192
-0.53035
-0.67718
-0.87379
-1.1196
-1.1707
-0.17841
-0.017349
0.047143
-0.30208
-0.87023
-1.1119
-0.0079941
0.60995
1.2538
1.2118
0.47248
-0.13702
-0.25223
0.15774
1.0393
1.5262
1.4467
0.98094
-0.56283
-0.70168
-0.20901
0.5254
1.0167
1.0187
0.092242
0.10933
0.048695
-0.028414
-0.070542
-0.063871
0.12507
0.13994
0.053982
-0.053117
-0.10878
-0.087713
0.1269
0.13894
0.061036
-0.045869
-0.11025
-0.094918
0.12558
0.14923
0.072463
-0.040632
-0.11879
-0.106
0.11899
0.13175
0.04457
-0.087335
-0.16373
-0.13251
0.082565
0.068936
-0.0077073
-0.11042
-0.15065
-0.10257
-1.0214
-0.27593
0.78003
0.9738
0.18639
-0.42196
-0.81433
0.24242
1.3343
0.82441
-0.53422
-0.90314
0.070597
1.0375
1.1394
-0.2099
-1.2575
-0.8281
0.85678
1.3055
0.28774
-1.2436
-1.1668
-0.078761
0.77871
0.64587
-0.64948
-1.3523
-0.3386
0.76558
0.32538
-0.12541
-0.95295
-0.80918
0.37046
0.93966
-0.39181
-0.4734
-0.024666
0.72354
0.94884
0.72198
-0.53634
-0.71829
-0.19486
0.77869
1.0701
0.71539
-0.59623
-0.80908
-0.36366
0.59445
0.87687
0.51637
-0.57589
-0.80214
-0.51194
0.25352
0.57284
0.33128
-0.45436
-0.68162
-0.58207
-0.019104
0.38785
0.28625
-0.21852
-0.35767
-0.4331
-0.16353
0.15724
0.22193
0.23213
0.94507
1.1858
0.41231
-0.63471
-1.0063
-0.53418
0.36201
1.2297
1.2614
0.37487
-0.41202
-1.1816
-0.91878
0.050146
1.0009
1.2207
0.68437
-0.88284
-1.1123
-0.90364
0.033295
0.96589
0.93691
-0.11736
-0.41204
-0.89263
-0.74252
-0.069385
0.28237
0.48208
0.24465
-0.41754
-0.92842
-0.90375
-0.4736
-0.006013
-0.0087728
-0.0074064
-0.0026547
0.00075043
0.0014212
-0.014134
-0.016757
-0.0078763
0.0011051
0.0076755
0.0075736
-0.016441
-0.017132
-0.0068326
0.0067342
0.013726
0.01255
-0.011552
-0.010219
-0.00093204
0.0092548
0.013527
0.010386
-0.0048202
-0.0045138
0.0020203
0.010478
0.010035
0.0070319
-0.00098513
-0.00017759
0.0037348
0.0055418
0.005863
0.0022798
-0.83653
-1.0177
-0.61881
0.13852
0.62273
0.58751
-0.83137
-0.93275
-0.37904
0.43614
0.70744
0.5001
-0.35805
-0.19723
0.45578
0.91309
0.88922
0.5787
-0.25433
0.028672
0.60208
0.94932
1.0807
0.91588
-0.68106
-0.71383
-0.42617
0.0087586
0.57546
0.7527
-0.7162
-0.97937
-1.0429
-0.84014
-0.29456
0.096051
-0.80922
-1.2531
-1.0205
-0.20372
0.26052
0.12569
-1.1089
-1.2836
-0.45576
0.55974
0.59094
0.15762
-1.2366
-0.88484
0.49742
1.0954
0.6539
0.18005
-1.1682
-0.3372
0.91039
0.9289
0.35761
0.10795
-0.75978
0.29223
1.0339
0.67103
0.2834
0.23148
-0.2422
0.59151
0.77888
0.37884
0.186
0.22476
-0.9951
-0.18321
1.0002
0.93589
0.050631
-0.32425
-1.1866
-0.13671
1.2866
1.0169
-0.0026357
-0.39124
-1.2109
-0.16764
1.2219
0.76263
-0.28316
-0.55877
-1.2363
-0.2684
1.1975
0.76161
-0.41855
-0.71171
-1.3086
-0.41886
1.0818
1.035
-0.18075
-0.69095
-1.1154
-0.41317
0.82806
0.95475
0.15655
-0.47183
-0.81641
-0.43166
0.6278
1.0071
0.47965
0.086449
-0.88672
-0.63733
0.59327
1.1741
0.57556
-0.019296
-0.87745
-0.91315
0.23117
1.0479
0.56047
-0.044412
-0.8662
-1.0917
-0.21535
0.79949
0.6886
0.15211
-0.83962
-1.1921
-0.59831
0.56381
0.98594
0.54227
-0.61386
-0.94812
-0.62853
0.2792
0.84856
0.72733
0.32582
0.24355
0.00029433
-0.24227
-0.40306
-0.36494
0.68977
0.62863
0.25566
0.064012
0.043609
-0.014549
0.78496
1.0218
0.92424
0.8674
0.99086
0.81734
0.30277
0.75996
0.90823
0.92457
0.97364
0.8281
-0.76841
-0.68002
-0.70262
-0.75297
-0.61002
-0.36322
-1.1586
-1.3576
-1.419
-1.4639
-1.3252
-0.97149
0.72319
0.032831
-0.82826
-0.772
-0.2946
-0.13087
1.087
0.18146
-0.99253
-0.99429
-0.32749
0.056529
1.4802
0.51918
-0.91374
-1.0804
-0.30685
0.26452
1.639
0.93971
-0.58122
-1.0094
-0.39428
0.20493
1.6451
1.3305
-0.15234
-0.96497
-0.7426
-0.23716
1.1843
1.1085
0.042994
-0.83039
-0.78984
-0.45044
1.1868
1.5176
0.77678
-0.3563
-0.82101
-0.51978
1.6264
1.5966
0.39073
-0.85355
-1.1369
-0.64073
1.5135
0.9603
-0.3859
-1.0597
-0.7826
-0.1908
0.9588
0.19343
-0.90652
-0.88981
-0.16925
0.26761
0.12558
-0.55415
-0.99385
-0.61841
0.16714
0.39495
-0.33067
-0.72794
-0.67208
-0.16343
0.32271
0.36055
0.0031836
0.0047966
0.0032666
0.0005992
-0.0018268
-0.0032574
0.0034617
0.0048716
0.0031327
0.001946
-0.0036913
-0.0043548
0.0016981
0.0044778
0.0022959
-0.0014117
-0.0060143
-0.005721
0.00122
0.0031823
0.00067428
-0.0019807
-0.0056874
-0.0059271
0.0015536
0.0029575
0.0025255
-0.00051582
-0.0032901
-0.0024558
0.0012972
0.0027828
0.0027198
0.0015079
-0.00013996
-0.0022684
-0.2904
-0.45686
0.19252
1.2684
1.706
1.3002
-0.43576
-0.92614
-0.61999
0.66009
1.7879
1.733
-0.27491
-0.84845
-1.2152
-0.63386
0.64886
1.1729
0.073046
-0.29751
-0.89167
-1.0675
-0.60172
-0.047476
0.41039
0.27103
-0.24249
-0.72529
-0.98886
-0.82761
0.46001
0.42721
0.1076
-0.26566
-0.61204
-0.6723
0.20881
-0.22161
-0.71685
-0.97599
-1.0606
-0.88707
0.012446
-0.73712
-1.2637
-1.0306
-0.38422
0.0037165
-0.26735
-0.8375
-0.65823
0.47153
1.4111
1.2092
-0.29186
-0.33828
0.40817
1.5393
1.7549
1.0419
0.045757
0.17813
0.66948
0.94216
0.43932
-0.1288
0.26845
0.26563
0.11869
-0.24519
-0.79627
-0.85694
-0.005027
-0.0060867
-0.0064224
-0.0049583
-0.00051051
-0.0019542
-0.0017239
-0.0042082
-0.0051332
-0.0017022
0.0023842
3.7121e-05
0.0033556
0.0013434
0.0019746
0.0041936
0.0051562
0.0031081
0.0059293
0.0043818
0.0023799
0.0028071
0.0038191
0.0043935
0.0047978
0.0034147
0.0012775
-0.00084604
-4.088e-05
0.00098367
-0.0010263
-0.00034218
-0.00069182
-0.0019353
-0.0013619
0.00029426
-0.0058827
-0.012036
-0.013577
-0.010801
0.0043833
0.012781
-0.012526
-0.015304
-0.013655
-0.0022866
0.015499
0.018293
-0.010134
-0.0091054
0.00073689
0.015822
0.022879
0.01735
-0.0087241
-0.0076713
-0.0011977
0.013028
0.018623
0.012382
-0.0086798
-0.015867
-0.013472
-0.00048364
0.0091311
0.0090017
-0.0025604
-0.008176
-0.0098659
0.0021253
0.0078322
0.0058635
0.49381
0.60378
0.26534
-0.15542
-0.34188
-0.26829
0.66974
0.75686
0.29973
-0.25947
-0.49753
-0.37293
0.64684
0.65239
0.18057
-0.35209
-0.56257
-0.40791
0.56247
0.54155
0.074728
-0.41282
-0.58129
-0.41838
0.49065
0.43086
-0.012081
-0.43866
-0.57443
-0.41081
0.31654
0.21244
-0.11849
-0.40878
-0.45366
-0.2609
0.0015949
0.0063137
0.0033595
-0.0022896
-0.0037733
-0.00079674
0.0035664
0.0081036
0.0064991
-0.00095558
-0.0062363
-0.0032847
0.0071246
0.0065581
0.0036903
-0.0059591
-0.011823
-0.00868
0.0072684
0.0038791
-0.0025451
-0.010629
-0.013294
-0.010605
0.0073133
0.0050779
-0.00077995
-0.0061691
-0.0061158
-0.0027086
0.005067
0.0067068
0.0051503
0.0044594
0.0033311
0.0018455
0.24252
0.68054
0.78359
0.22094
-0.92806
-1.2753
0.31248
0.77728
0.95002
0.35373
-0.937
-1.4086
0.2539
0.63898
0.9739
0.57909
-0.71467
-1.26
0.16324
0.54033
0.90186
0.5428
-0.68414
-1.1798
0.18466
0.58398
0.77376
0.33647
-0.76501
-1.143
0.22086
0.45724
0.50348
0.10538
-0.7129
-0.92156
-0.0034374
-0.0071353
-0.006224
-0.0023531
0.001463
0.0034887
-0.0054236
-0.0071388
-0.005143
0.0043764
0.0075413
0.009035
-0.003975
-0.0035025
0.0006978
0.0065287
0.010937
0.0097776
-0.0041211
-0.0067851
-0.0044154
0.0031553
0.011159
0.010314
-0.0061034
-0.010586
-0.0085842
0.0010866
0.0090989
0.010054
-0.0073162
-0.006964
-0.0077522
0.00037812
0.008245
0.0086475
0.77677
0.85228
0.055894
-0.9149
-1.1957
-0.83659
0.66392
1.3068
1.153
0.097475
-0.94409
-1.0087
-0.24712
0.61351
1.447
1.141
-0.057461
-0.80679
-0.99342
-0.65199
0.40498
1.0935
0.67493
-0.20123
-1.0604
-1.1805
-0.58286
0.41728
0.84369
0.36255
-0.50361
-0.74318
-0.70241
-0.12742
0.44909
0.42469
-0.62512
-0.53759
-0.045189
0.85847
1.5093
1.3694
-0.38581
-0.061506
0.51463
1.0963
1.3758
0.9571
0.48109
0.78715
0.87041
0.57506
-0.016481
-0.45135
0.73326
0.75435
0.43868
-0.25431
-1.0525
-1.2151
-0.0011099
-0.25783
-0.50549
-0.8446
-1.1606
-1.1076
-0.42259
-0.71551
-0.81762
-0.78354
-0.69625
-0.62997
-0.17315
-0.23339
0.18675
0.57409
0.65008
0.46595
-0.16198
-0.1915
0.0081092
0.16316
0.078425
-0.020216
-0.15259
-0.41595
-0.68493
-0.98238
-1.2787
-1.0791
-0.19378
-0.63843
-0.95146
-1.0935
-0.94803
-0.56861
-0.33887
-0.51704
-0.18665
0.6127
1.2377
1.1716
-0.30909
-0.17047
0.50569
1.5079
1.9901
1.617
-0.94213
-0.92501
-0.58451
-0.27404
-0.062945
0.01936
-1.1206
-1.1591
-0.90488
-0.42887
0.14527
0.38192
-0.67751
-0.9597
-0.88989
-0.28054
0.61037
0.85983
0.1264
-0.45566
-0.74959
-0.0502
0.97006
1.1361
0.91612
0.25139
-0.45577
0.051772
1.014
1.0644
1.022
0.67253
-0.0018916
0.16382
0.78024
0.78776
0.013414
0.014271
0.014634
0.017988
0.016973
0.010653
0.0022588
0.0021373
0.0038825
0.0033963
0.00071651
0.00034334
-0.011813
-0.013959
-0.015576
-0.019791
-0.025708
-0.020442
-0.015974
-0.012367
-0.0085214
-0.015071
-0.02411
-0.02412
-0.0046397
0.0050735
0.015811
0.014735
0.0011117
-0.0084234
0.0055001
0.01674
0.025505
0.022144
0.011518
0.0022028
-0.1055
-0.047282
-0.11786
-0.031022
-0.0158
-0.092398
0.94023
1.3935
1.3348
1.2611
1.0699
0.74689
0.76373
1.0416
0.89402
0.74343
0.74914
0.7367
-0.51412
-0.80636
-1.1048
-1.1191
-0.75465
-0.26697
-0.92168
-1.1563
-1.1641
-1.1319
-0.90709
-0.48724
-0.47296
-0.36915
-0.19586
-0.24545
-0.24453
-0.11244
0.0017015
0.0026059
0.003828
0.003461
0.0010075
0.00044756
-0.0015757
0.0010097
0.00352
0.0009886
0.00040908
0.00019157
-0.0033936
-0.0033754
-0.0034743
-0.0013642
-0.0031305
-0.0013918
-0.0046424
-0.0032557
-0.0034124
-0.0017671
-0.0029928
-0.0032176
0.0014301
-0.00094113
0.0021424
0.0014432
0.0017877
0.0021969
0.0036687
0.0043822
0.0017596
0.0021367
0.0018673
0.0013821
0.41119
0.30868
-0.18909
-0.57917
-0.61158
-0.44267
0.2846
-0.034307
-0.58997
-0.93369
-0.73147
-0.39135
-0.43576
-0.836
-1.0584
-0.84514
-0.28222
0.13419
-0.92312
-1.05
-0.48577
0.23866
0.7069
0.78684
-0.71301
-0.14755
0.99523
1.4815
1.1736
0.66773
-0.26506
0.54147
1.3629
1.3499
0.6966
0.13334
-0.0012039
0.00062453
-0.0014312
-0.0012846
-0.0022482
-0.0014959
0.0012267
-0.00051166
7.1439e-05
-0.001079
-0.00076423
-0.0026392
0.0024863
0.0017358
0.00072072
0.0001394
-0.0021384
-0.0023916
0.0022613
0.0037807
0.002507
-0.00015575
-0.00048316
-0.0021922
0.0022009
0.0025923
0.00076269
-0.0006943
-0.0022098
-0.0010539
-0.0013911
-0.00018399
0.0019263
-0.0022823
-0.0022267
-0.00026266
-1.1979
-1.4353
-1.2512
-1.1575
-1.0146
-0.69443
-0.5671
-0.62761
-0.65093
-0.75856
-0.72153
-0.43144
0.87631
1.2903
1.1108
0.65966
0.44289
0.31051
1.3687
1.7134
1.3428
0.82012
0.51569
0.24282
0.49037
0.55075
0.21119
-0.035305
-0.10435
-0.15089
-0.23723
-0.33316
-0.3613
-0.2589
-0.11309
-0.078333
-5.1287
-5.2319
-4.9026
-5.1055
-4.5708
-5.1155
-4.5691
-5.1611
-4.5712
-4.5704
-5.1072
-4.9212
-4.5714
-4.5678
-5.1318
-4.5714
-4.5825
-5.1411
-5.1492
-4.6099
-5.0944
-4.9601
-4.9747
-4.5674
-5.0419
-5.3863
-5.2099
-5.3214
-5.2676
-5.1371
-5.1609
-4.5707
-5.0681
-4.9917
-4.5718
-4.5701
-4.752
-4.5717
-5.317
-4.5705
-5.3307
-5.167
-4.9723
-5.1662
-4.5709
-5.0248
-4.5712
-5.119
-4.5718
-5.2382
0.016205
0.0039547
-0.00040999
-0.0042378
-0.0029737
0.0021446
0.015974
0.00079458
-0.0053745
-0.006671
-0.0032952
0.0052421
0.0161
-0.0011951
-0.0085301
-0.00057898
0.0054368
0.0070179
0.015006
-0.0030797
-0.0051974
-0.0016665
-0.0037897
-0.0049782
0.014438
-0.0032495
-0.0072021
-0.0090543
-0.016435
-0.010491
0.013449
0.0027003
0.0012124
0.0026814
-0.010561
-0.0091746
