-0.41139
0.65205
0.54145
-0.59386
0.099581
-0.409
-0.20861
0.0024355
-0.89911
-0.26876
1.2621
-0.41311
-0.4288
-0.080343
0.010544
0.070168
-0.19109
-0.71657
-0.73248
-0.30298
-0.90726
1.0226
0.019057
-0.33877
-1.2487
0.0044133
-0.0095817
-0.00068841
-0.22154
-0.96542
0.52977
-0.70215
1.131
0.0077438
0.16148
0.23987
-0.0081957
0.0010508
0.57642
1.0272
0.002935
0.020245
0.59331
0.97082
-0.32648
-0.78918
0.52703
0.93525
-0.21708
0.60853
-0.51893
-0.28221
0.0028076
-0.8327
-0.55197
1.9288
-0.22746
-0.71009
0.24925
0.026437
-0.54524
-0.50569
-0.17327
-0.68087
-0.47913
-1.0375
0.98471
0.02611
-0.60938
-1.498
0.0060546
-0.013959
-0.00042437
-0.44213
-0.33514
0.7226
-0.86825
1.2229
0.0047582
0.42141
-0.28341
-0.0034688
0.014342
0.16669
0.79756
0.0029294
0.023361
0.92095
1.1449
-0.27869
-1.2664
0.28676
1.044
0.99902
0.86697
-0.29684
-0.38972
0.0024131
0.046461
-0.51668
1.8896
0.20102
-0.95883
0.10365
0.036144
-1.0962
-0.53672
0.91955
0.003974
-0.29748
-0.90294
-0.075444
0.02167
-0.86233
-0.63652
0.0085137
-0.015336
-0.0065043
-0.78108
0.76648
0.48696
-0.81884
0.61323
-0.0025311
0.63322
-0.79382
0.035744
0.022333
-0.52044
-0.24795
0.0027642
0.026548
0.76543
0.3653
-0.070868
-1.5575
0.12578
1.1067
1.4855
0.34185
-0.12161
-0.36412
0.0059041
0.63325
-0.035831
1.3782
0.80179
-0.89484
-0.13909
0.035856
-0.40376
-0.26875
1.0892
1.276
0.15016
-0.5214
-1.0697
0.02929
-0.90427
0.34914
0.013815
-0.023871
-0.0089348
-0.64292
1.0774
-0.028853
-0.43264
-0.081156
0.0011604
0.93543
-0.15663
0.06044
0.0060605
-0.80574
-0.92833
-0.0017043
0.030601
-0.10428
-0.58378
-0.042073
-1.6216
0.06615
1.2088
0.57112
-0.5715
-0.33518
-0.27783
0.0038606
0.4779
0.38316
0.67681
1.0579
-0.55021
-0.21401
0.032003
0.71701
-0.0048881
0.29533
2.1141
0.37103
-0.20071
-1.0433
0.030756
-0.80446
0.53701
0.021846
-0.015208
-0.0015915
0.28088
0.28644
-0.59506
0.20385
-0.24211
-0.0040223
1.0638
0.93887
0.06881
-0.001215
-0.68577
-0.88881
-0.0064702
0.028889
-1.0137
-0.69819
-0.32334
-1.2223
0.055651
0.84672
-0.33737
-0.81819
-0.45155
-0.15542
-0.0030712
0.19759
0.37843
0.22195
0.74069
-0.11309
-0.1752
0.012274
0.83658
-0.0060396
-0.41052
1.7072
0.26997
-0.016795
-0.25774
0.020041
-0.46279
0.22854
0.023809
-0.016551
-0.00069923
1.0484
-0.5193
-0.89988
0.54656
-0.12392
0.0005546
0.78783
1.154
0.038392
-0.005383
-0.32831
-0.56599
0.0020397
0.015617
-1.0739
-0.29819
-0.48688
-0.063556
0.64369
0.52216
-0.79299
0.30092
-0.63161
-0.071416
-0.0015159
-1.0399
-0.33843
0.40747
0.36216
0.23964
-0.96779
0.016566
-0.074802
0.47314
-0.78448
-0.96133
-0.38662
-0.5578
1.3007
0.016599
-0.55957
-1.6119
0.0073079
-0.0097587
0.0052417
-0.32653
-0.84185
0.50008
-1.008
1.6433
0.0039224
-0.15079
0.73101
-0.0060234
-0.0021117
1.0365
0.8887
0.002017
0.023769
0.126
1.1392
-0.65439
-0.029124
0.82838
1.0072
-0.90286
0.74887
-0.64158
-0.14669
-0.0027976
-0.7156
-0.64161
0.66722
0.67131
0.050797
-0.87735
0.016637
-0.91645
0.37518
-0.15811
-1.1399
-0.5677
-0.70938
0.73624
0.015195
-0.88636
-1.3539
0.0079478
-0.0089894
-0.0016652
-0.50653
0.3265
0.75746
-1.1218
1.8024
0.0017312
0.10635
0.11906
0.0042949
0.0042181
0.26951
1.2157
0.0032586
0.014785
0.54789
1.2909
-0.71964
-0.41677
0.76097
1.0583
0.19115
0.48186
-0.38413
-0.33367
-0.0015617
0.41847
-0.5463
0.6809
0.71103
-0.60662
-0.95918
0.017972
-1.1749
0.33259
1.0012
-0.87327
-0.29262
-0.94074
-0.74019
0.014087
-0.93233
0.28718
-0.0015093
-0.012047
-0.011211
-0.89897
1.3876
0.66535
-0.75919
1.0248
-0.0041606
0.51737
-0.79822
0.048223
0.0089463
-0.80818
0.3232
0.0043709
0.012301
0.98501
0.29097
-0.38692
-0.84411
0.50871
0.91738
1.3731
-0.40744
-0.31676
-0.56344
0.0024836
0.96867
0.085039
0.28842
0.80929
-0.95113
-1.1133
0.019781
0.18249
0.62921
1.1944
0.11952
0.28486
-0.94794
-1.357
0.012532
-0.72942
1.0507
0.0040682
-0.0056266
-0.0024687
-0.8441
0.92499
0.17565
0.07634
0.022649
0.0039768
1.1091
-0.20881
0.083655
0.0058072
-0.97567
-0.84609
-0.0033855
0.0081077
0.40181
-0.75967
-0.072862
-1.0446
0.47269
0.81323
1.1211
-1.1225
-0.49524
-0.7594
0.0043091
0.588
0.59962
-0.30409
0.69017
-0.78376
-1.1315
0.014047
1.2661
0.80282
0.09173
1.1402
0.55089
-0.71022
-0.55322
0.021292
-0.38271
0.56322
0.014003
-0.019129
0.00044667
0.47565
-0.209
-0.6422
0.86502
-0.27276
-0.0061397
1.62
1.279
0.090871
-0.008692
-0.66944
-1.3115
0.0013587
0.013938
-0.84312
-0.82667
-0.062891
-0.85153
0.41275
0.4485
0.095224
-0.81984
-0.37234
-0.52477
0.0028803
0.16486
0.54566
-0.4562
0.22976
-0.37391
-0.85547
0.011621
0.89858
0.46865
-0.73411
1.0667
0.40413
-0.39243
0.46575
0.012895
0.033287
-0.0080368
0.012525
-0.011726
0.0050502
1.4117
-0.72896
-1.0778
0.89711
-0.10067
-0.002652
1.4167
1.598
0.047848
-0.013899
-0.35577
-1.1209
-0.0057189
0.013081
-1.2771
-0.3786
-0.18359
0.55204
-0.11239
0.064961
-0.56552
0.68181
-0.58106
-0.22802
-0.0022893
-0.84927
-0.33325
-0.85907
0.72338
0.95772
-1.0456
0.0080951
-0.35052
1.1549
-0.79601
-0.34368
-0.40664
0.90023
0.93845
0.0023983
-0.84583
-1.5715
0.0071033
-0.0066576
0.0035943
-0.182
0.088617
0.17102
-0.37747
1.0296
-0.0021542
-0.69135
1.0122
-0.012589
-0.01786
1.3889
0.079706
0.00037835
0.0098162
-0.7363
1.0932
-0.63169
1.0202
0.39463
0.26235
-1.1895
0.69913
-0.54172
-0.50496
-0.0031723
-0.41786
-0.58006
-1.3074
0.69078
0.99828
-1.0555
-0.00070171
-1.1155
1.5257
-0.27945
-0.60726
-0.54537
0.92728
-0.11781
0.0012559
-1.007
-0.55065
0.0057694
-0.0017327
0.001167
-0.31396
1.1839
0.41355
-0.084793
0.95916
0.00012277
-0.6563
0.36516
-0.0020883
-0.018595
0.35488
0.94555
-0.0051848
0.00645
-0.50642
1.0756
-1.0385
1.1027
0.87051
0.21674
-0.91673
-0.13071
-0.24331
-0.75335
-0.0050527
0.67105
-0.44636
-1.2756
0.12413
0.21093
-0.83309
-0.008515
-0.81438
1.4381
0.92362
-1.0217
-0.26984
0.29986
-1.4057
-0.01531
-0.47465
1.097
-0.015436
0.01071
-0.0059664
-0.80195
1.292
0.74868
0.46895
0.2606
-0.0020295
-0.31477
-0.86859
0.030763
-0.0043755
-0.90035
1.0021
-0.0048152
-0.011225
0.62583
0.16808
-0.99688
1.0565
0.99081
-0.091751
0.4996
-1.1481
-0.18613
-1.01
-0.0029995
1.061
0.20952
-1.0411
-0.38206
-0.6328
-0.69295
-0.005961
0.78867
1.2442
1.0319
-0.98631
0.28767
-0.35841
-0.97608
-0.0078545
0.277
1.1465
-0.0074725
0.0025363
-0.0041948
-0.88903
0.11092
0.61741
1.1144
-0.34218
0.0020559
0.19794
-0.82311
0.055844
-0.0018244
-0.86347
-0.039821
0.0030165
-0.014484
1.0643
-0.61372
-0.48666
1.041
1.0042
-0.42855
1.3801
-1.259
-0.18728
-1.2168
-0.0013117
0.64478
0.71128
-1.0215
-0.65106
-0.89118
-0.70024
-0.0039615
1.3203
0.75802
-0.21717
-0.68822
0.59781
-0.6655
0.59944
-0.0034111
0.79103
0.19904
-0.0037725
0.0031363
0.0070215
0.51536
-0.83066
-0.38617
1.2732
-0.40178
0.0025099
0.8685
0.49833
0.045772
-0.0073737
-0.33651
-1.0777
-0.0053761
0.0003978
0.2574
-0.64054
0.0054529
0.71238
0.807
-0.62503
0.94454
-0.21137
0.070141
-0.89429
-0.003141
0.18109
0.60147
-0.89089
-0.72045
-0.64406
-0.50352
-0.012737
0.49921
0.03936
-0.99211
-0.57535
0.44767
-0.57783
1.3587
-0.0022126
0.85177
-0.23419
-0.0046245
-0.0058399
0.0088565
1.5086
-0.70907
-1.1196
0.75282
-0.14162
-0.00011539
1.069
1.2151
0.023041
-0.012962
-0.071936
-1.2197
-0.002112
-0.0053415
-0.52316
-0.31187
0.10726
0.39748
-0.86128
-0.34409
0.044627
0.81941
-0.68066
-0.48318
-0.00066738
-0.77205
-0.39913
-0.88495
-0.10357
1.0385
0.43785
-0.00083002
-0.70971
0.63709
-0.92411
0.39641
-0.46046
1.1351
0.047342
0.0032113
-0.83291
-1.1359
0.0059564
0.0022813
0.0016509
0.013508
0.97228
0.070788
0.77503
-0.40161
0.0035283
-0.87594
1.0501
-0.039271
-0.019015
1.6414
-0.77715
-0.0057794
-0.0023854
-1.0148
0.95942
0.39853
0.78955
-0.59234
-0.32128
-0.6662
0.50813
-0.57978
-0.75591
-0.0069552
-0.56471
-0.65295
-1.1894
-0.56247
1.3144
0.79282
-0.0042583
-1.1638
0.95457
-0.3216
0.4039
-0.60742
1.4479
-0.89283
-0.0077488
-0.5663
0.20716
-0.00045998
0.0038706
0.0077672
-0.25995
1.4417
0.43339
1.0795
-0.56806
0.004206
-0.92428
0.38875
-0.033871
-0.016384
0.52364
0.2258
-0.0051399
-0.0081161
-1.1085
0.79264
-0.15892
1.0851
0.26226
-0.32674
-1.0672
-0.4902
0.11018
-0.82357
-0.0070952
0.31305
-0.43635
-1.068
-1.0326
0.80615
1.1239
-0.0099606
-0.27589
0.85216
1.1527
0.026883
-0.32497
1.2537
-1.2056
-0.01065
0.35139
1.0954
-0.0037589
0.015046
0.0056117
-0.89771
0.42079
0.88505
1.1039
-0.73103
-0.001527
-0.73739
-0.92521
-0.010669
-0.0043187
-0.87111
1.1558
0.00089622
-0.011576
-0.10913
0.032219
-0.76169
1.2686
0.81778
-0.56116
-0.30785
-1.2193
0.55928
-0.83117
-0.0014984
0.84993
0.2617
-0.73181
-1.1419
-0.24395
1.2672
-0.014528
1.0843
0.39544
1.2441
-0.42549
0.25497
0.78392
-0.10789
-0.010183
1.029
0.51257
-0.0033624
0.014552
-0.00022555
-0.93347
-0.89596
0.64586
0.86215
-0.84569
-0.0044633
-0.74565
-1.3808
0.00014563
0.0025725
-0.80046
0.68644
-0.0018167
-0.011844
1.0555
-0.50682
-0.91594
1.4462
0.98365
-0.96612
0.95037
-0.49767
0.72926
-0.71198
-0.002673
0.74842
0.74118
-0.55455
-0.79276
-0.97604
1.0914
-0.019571
0.82109
-0.31317
-0.21352
-0.91514
0.60403
0.22949
1.194
-0.0014347
1.0651
-0.22816
-0.0070913
0.011651
0.0014921
0.48783
-1.133
-0.54084
0.31656
-0.62715
-0.0017926
-0.60622
-0.63954
0.0019473
-0.00071667
-0.15115
-0.30917
-0.0038281
-0.0028345
1.2861
-0.53692
-0.66623
1.1283
0.79435
-1.0005
1.1718
0.9325
0.67784
-0.34978
-0.0068336
0.41498
0.57427
-0.51924
-0.44754
-0.97557
0.75184
-0.015745
-0.23851
-0.78958
-1.0587
-1.0537
0.47216
-0.12988
1.288
-0.0017886
0.64852
-0.28722
-0.0013722
-8.2936e-05
0.0051909
1.3235
-0.58224
-1.2682
-0.20874
-0.19307
0.0058696
-0.12872
0.25251
-0.005997
0.0020619
0.13646
-0.63869
0.00024235
-0.0052937
0.70995
-0.30183
-0.27156
0.010796
-0.94994
-0.51386
0.35104
0.29252
-0.92309
-0.0053733
-0.0042214
-0.92809
-0.4603
-0.12705
-1.0137
0.68159
0.98763
-0.020383
-0.81454
-0.73787
-1.1069
0.33489
-0.49241
-0.23579
-0.59845
-0.014061
0.10963
-0.071872
-0.01356
0.0040885
0.0046578
0.16482
1.131
0.45765
1.005
-0.87067
-0.0054475
-0.60808
0.79807
-0.078254
-0.010915
1.6803
-1.0293
-0.000601
-0.015845
-0.72398
0.55795
1.655
0.037888
-1.2047
-0.54067
-0.17457
-0.15975
-0.64013
0.29034
0.0023509
-1.0736
-0.72851
-0.049273
-1.4969
1.2435
1.239
-0.015179
-0.73029
-0.86887
-0.42031
0.73046
-0.67125
0.0044448
-1.0151
-0.017365
0.68218
0.91742
-0.010935
0.01371
-0.0011252
-0.28531
0.91903
0.91943
0.84095
-0.79803
-0.0040185
-0.67392
0.37408
-0.094645
-0.0069068
0.7728
-0.4271
-0.0043387
-0.017629
-1.058
0.33846
1.697
0.0092799
-0.93787
-0.48514
-0.91866
-0.79601
0.53267
0.60885
0.0044142
-0.46785
-0.4426
0.10805
-1.2096
1.2583
1.1975
-0.0051579
0.41683
-0.73893
1.1564
0.77795
-0.34849
0.48431
-0.42581
-0.017996
1.0958
0.78982
-0.01196
0.0086451
-0.00012188
-1.0481
-0.47611
0.93515
0.12231
-0.64574
0.00018658
-0.45577
-0.67347
-0.068711
0.0038185
-0.66981
0.71873
0.0023189
-0.018085
-0.77017
-0.25177
0.85595
0.0084014
-0.55509
-0.62279
-0.87678
-0.73056
1.3689
0.87829
0.00027102
0.41523
0.36679
0.22283
-0.24147
0.39812
1.1369
-0.015267
1.159
-0.66583
1.2473
0.43494
0.32689
0.94609
0.61708
-0.012611
0.95729
-0.028336
-0.0087835
0.006462
-0.004285
-0.81231
-1.2743
0.039504
-0.53157
-0.77827
-0.0060339
-0.65202
-1.3629
-0.042646
0.0094388
-0.71808
0.91379
-0.0033802
-0.013178
0.2849
-0.71244
-0.26159
0.14567
-0.3357
-0.88001
0.025885
0.71965
1.3981
1.0764
-0.0060905
0.8133
0.79888
0.18506
0.75008
-0.57813
1.1259
-0.014337
0.28616
-0.75237
-0.20175
-0.21869
0.68804
1.0219
0.84711
-0.010666
0.32871
-0.32452
-0.010375
0.0091273
-0.007106
0.77158
-0.94261
-1.1643
-0.95715
-0.67027
-0.0071301
-0.97556
-1.1636
-0.016915
0.0063739
-0.050729
0.46693
0.0050433
-0.011804
1.1512
-0.71196
-0.76176
0.20325
-0.23774
-0.85188
0.60215
1.6058
0.87751
0.9626
0.0039372
0.69602
0.57378
0.0087391
0.90049
-0.85219
0.83501
-0.021789
-0.70231
-0.738
-1.0368
-0.60444
0.53995
0.68355
0.4427
-0.0083518
-0.19581
-0.073393
-0.005786
0.0035647
-0.0039576
1.5057
-0.33484
-1.5767
-1.0023
-0.2589
-0.0056325
-0.775
-0.43778
0.0018166
0.0065115
0.26264
0.12157
-0.001254
-0.010293
1.0754
-0.42895
-0.51153
0.023321
-0.46539
-0.3034
0.15723
-0.36033
-0.83133
0.60599
-6.0631e-05
-0.80158
-0.37239
0.32111
-0.94211
0.23277
0.11506
-0.024203
-0.58432
-1.218
-0.96433
-0.12004
-0.39505
-1.001
-0.6406
-0.02575
0.90386
0.75939
-0.017031
0.0090557
-0.00014395
0.14329
0.44696
0.55923
0.29968
-0.36531
-0.0047946
-0.13733
0.43032
-0.075555
-0.002827
1.2833
-0.72607
-0.0042533
-0.025015
-0.19713
0.086185
1.5071
-0.14872
-0.90718
-0.35691
-0.16755
-0.78541
-0.41963
1.0795
0.00027984
-1.1173
-0.55631
0.44581
-1.2038
0.77486
-0.1245
-0.028788
-0.12659
-1.4878
-0.40658
0.22878
-0.5235
-1.0319
-0.58526
-0.037777
1.2618
1.1191
-0.016317
0.0060313
-0.0017084
-0.2915
0.039577
1.0064
-0.22749
-0.20441
0.0043248
-0.18048
0.36081
-0.092719
0.0028854
0.69915
-0.50412
0.0033015
-0.030491
-0.53088
0.016526
2.0067
-0.44909
-1.235
-0.30896
-0.77583
-0.86679
0.73373
1.4156
-0.0036864
-0.81513
-0.25295
0.46564
-0.49221
1.1221
-0.46479
-0.015859
0.84388
-1.232
0.77911
0.49221
-0.22171
-0.47953
0.17992
-0.030407
1.0333
0.47698
-0.0094281
0.010316
-0.004928
-0.87545
-0.76104
0.75898
-0.84127
-0.043128
-0.0024956
0.023766
-0.23647
-0.069182
0.00032392
-0.4874
0.27294
-0.0015777
-0.02431
-0.85018
-0.37733
1.5953
-0.58103
-1.33
-0.44598
-1.027
-0.1441
1.4602
1.6953
-0.0017671
-0.036594
0.39854
0.3991
0.75421
0.79699
-0.51066
-0.014478
0.904
-0.73922
0.79047
0.43991
0.33117
0.28346
0.67671
-0.017424
0.4237
-0.22637
-0.0087984
0.0041779
-0.004374
-0.45261
-0.98454
-0.27533
-1.1019
-0.23985
-0.00020707
-0.080809
-0.87124
-0.040067
0.0088551
-0.60895
0.76457
0.0017139
-0.022478
-0.4226
-0.73705
0.68379
-0.52329
-1.2898
-0.61182
-0.59439
1.1239
1.3202
1.7669
-0.00063533
0.61253
0.73879
0.27683
1.4594
0.12161
-0.27409
-0.021169
0.022734
-0.33711
-0.24308
0.063177
0.643
0.73545
0.29801
-0.022029
-0.21685
-0.20008
-0.01398
0.004969
-0.007283
0.98611
-0.56147
-1.2709
-1.0159
-0.34834
-0.006398
-0.46988
-1.056
-0.0042411
0.0081025
0.027741
0.73549
3.1995e-05
-0.019904
0.44858
-0.71441
0.0066418
-0.35202
-0.99006
-0.51128
-0.03985
1.3758
0.66119
1.319
0.0022885
0.69691
0.54056
0.11261
1.1564
-0.36215
-0.15572
-0.018668
-0.50548
-0.15363
-0.86585
-0.17414
0.50768
0.63564
-0.13952
-0.02002
-0.46406
0.12876
-0.0045049
-0.0035516
-0.008559
1.5593
-0.04307
-1.4635
-0.74275
-0.15117
-0.0048115
-0.53024
-0.53357
0.019853
0.011354
0.37562
0.41473
-0.00016479
-0.012597
0.64388
-0.39028
-0.083514
-0.44786
-0.75012
-1.1097
-1.4656
-1.5848
-1.2149
-0.028929
-0.089747
-0.42942
-0.86863
-1.0421
-0.84736
0.56971
0.94141
1.0744
1.0184
0.96245
0.67001
0.47046
0.83635
1.1064
1.2536
1.3697
1.0968
0.020448
0.039442
0.011548
0.071875
0.1964
0.22133
-0.018098
-0.18993
-0.38533
-0.6016
-0.61572
-0.37008
0.56126
0.52632
0.35354
0.15578
0.07175
0.06339
0.61725
0.85978
0.82089
0.54985
0.49288
0.40826
-0.13738
0.41558
0.87245
0.98127
1.012
0.81622
-0.83614
-0.5887
0.12519
0.70706
0.93658
0.75036
-0.8922
-1.1481
-0.93567
-0.59839
-0.3727
-0.30568
-0.43996
-0.85637
-1.1636
-1.2564
-1.2662
-0.99953
0.51196
0.889
0.98551
1.0366
1.1316
0.79943
0.49843
0.96554
1.0084
0.9132
0.79127
0.46198
0.080672
0.25286
0.26119
-0.015086
-0.35445
-0.5634
-0.33131
-0.34168
-0.39414
-0.56149
-0.8923
-0.96523
-0.48749
-0.50601
-0.49591
-0.61868
-0.85867
-0.89173
-0.27227
-0.31039
-0.31816
-0.4357
-0.5758
-0.4664
-0.60579
-0.1664
1.0246
1.3937
0.61679
-0.2858
-0.86596
-0.91203
0.1781
1.33
1.0564
0.08236
-0.56631
-1.1692
-0.89057
0.52487
1.2953
0.91896
0.030633
-0.66589
-1.0464
-0.27131
0.9135
1.2029
0.25652
-0.22181
-0.86227
-0.85581
-0.02478
0.5554
0.16451
-0.19996
-0.73833
-0.9674
-0.55744
-0.13184
0.067339
0.58978
0.85786
0.31677
-0.56379
-0.80755
0.29696
0.72128
0.46222
-0.40943
-1.0952
-0.80338
0.65811
0.65632
-0.16196
-1.106
-1.1842
-0.22697
0.79673
0.48032
-0.46881
-1.1518
-0.45917
0.84917
0.32432
-0.12397
-0.72506
-0.67426
0.65215
1.5181
-0.28513
-0.70394
-0.85425
-0.15934
1.0581
1.3252
-0.44003
-0.52658
-0.32854
-0.16978
-0.25932
-0.34118
-0.59919
-0.64988
-0.42749
-0.32204
-0.41728
-0.29266
-0.58496
-0.59344
-0.29425
-0.17352
-0.15473
0.049741
-0.69529
-0.59779
0.087988
0.63551
0.76668
0.63696
-0.899
-0.6191
0.52477
1.3282
1.3635
0.89087
-0.82787
-0.39222
0.7577
1.4331
1.2502
0.66495
-0.15638
-0.26676
-0.36297
-0.3312
-0.20036
-0.038871
-0.043237
-0.12801
-0.36384
-0.57513
-0.71063
-0.47619
-0.26814
-0.47576
-0.77442
-1.033
-1.2063
-0.89521
-0.54551
-0.74578
-0.79473
-0.80109
-0.65538
-0.39847
0.065639
0.35941
0.64303
0.94244
1.1152
0.9889
0.71361
1.0892
1.3686
1.6621
1.7394
1.3051
-0.0013194
-0.00038576
0.0069907
0.0047421
0.0054245
0.0057614
-0.0010337
-0.00484
0.0043609
0.0014919
-0.00089148
0.0089378
0.00014974
-0.0047251
-0.0046564
-0.0021216
0.0012632
-0.0032086
-0.0063585
-0.0070837
-0.002359
-0.00020351
-0.0026111
0.0024312
-0.0017929
-0.0014936
0.00091107
0.0017685
-0.0028141
2.5013e-05
0.0042005
-0.0033319
-0.0002214
-0.00057287
0.004744
-0.00046491
-0.92561
-0.81288
0.055853
0.58377
0.55431
0.22588
-0.98809
-0.7502
0.36441
0.94899
0.63153
0.15039
-0.83129
-0.46747
0.6105
1.0479
0.64199
0.17061
-0.74908
-0.60617
0.24565
0.86018
0.75519
0.41301
-0.92127
-1.0733
-0.46941
0.4374
0.81684
0.68354
-0.85306
-1.1392
-0.77387
-1.9778e-05
0.60919
0.6621
-0.28053
-0.50921
-0.49333
-0.088078
0.39187
0.37359
-0.30979
-0.62038
-0.5289
0.059389
0.59046
0.5247
-0.32323
-0.58176
-0.42869
0.2086
0.6842
0.55213
-0.37042
-0.60541
-0.42903
0.30682
0.71198
0.53639
-0.43163
-0.70079
-0.42856
0.37535
0.76592
0.56587
-0.38125
-0.56495
-0.23896
0.40206
0.7051
0.51359
1.2269
1.8005
1.7838
1.3274
0.6499
0.18615
0.47373
0.64413
0.64615
0.29572
-0.29089
-0.43267
-0.79633
-1.1897
-1.1985
-0.98787
-0.9742
-0.85911
-0.82461
-1.1377
-1.0368
-0.73066
-0.54217
-0.56161
-0.044556
0.010791
0.092777
0.242
0.22332
-0.026267
0.40374
0.49305
0.45242
0.39298
0.27535
0.077836
-0.40622
-0.24051
0.15333
0.73434
0.98222
0.72206
0.35764
0.65036
0.73011
0.85034
0.6936
0.25105
0.67536
0.66525
0.14516
-0.35905
-0.62949
-0.69237
-0.132
-0.58129
-1.0148
-1.0158
-0.70405
-0.46975
-1.0038
-1.4215
-1.1646
-0.13324
0.74529
0.8441
-0.96606
-1.1549
-0.46638
0.69021
1.3625
1.0971
-0.34052
-0.66488
-0.93888
-0.9583
-0.61267
-0.093578
0.31435
0.0088985
-0.60791
-0.97516
-0.84563
-0.39534
0.98218
0.92764
0.16648
-0.6719
-0.95494
-0.66529
1.0358
1.3036
0.82601
-0.2745
-1.0238
-0.95747
0.69517
1.2334
1.2679
0.44779
-0.54806
-0.85003
0.34029
0.77509
1.1048
0.7539
0.16245
-0.302
-0.13384
0.20342
0.13214
-0.19376
-0.26906
-0.10173
-0.90372
-0.78366
-0.85688
-1.0891
-1.0788
-0.81107
-1.0132
-0.99991
-0.82662
-0.74097
-0.6886
-0.5279
0.44728
0.7621
1.0353
1.1572
1.0378
0.79742
0.98299
1.1761
1.1413
1.0826
1.0562
0.84353
0.07348
-0.16015
-0.41055
-0.47926
-0.29381
-0.20972
0.015297
0.023829
0.032514
0.041939
0.032101
0.015092
0.021905
0.01648
0.02132
0.027452
0.018089
0.012373
0.0090359
0.0034919
-0.0051418
-0.0067124
-0.0049142
-0.0094015
-0.0063822
-0.001671
-0.0032915
-0.015988
-0.013101
-0.016938
-0.021717
-0.011505
-0.014551
-0.00965
-0.024942
-0.014125
-0.026207
-0.027563
-0.013873
-0.012998
-0.020058
-0.016577
0.045047
-0.52631
-1.1278
-0.42678
0.75933
0.83011
-0.047233
-0.86257
-1.1171
0.21482
1.2642
0.85272
-0.37227
-1.1513
-0.78301
0.83795
1.2783
0.42428
-0.72206
-1.186
-0.3144
1.0685
0.78154
-0.21205
-0.81119
-0.76013
0.41097
1.1239
0.30147
-0.60455
-0.63187
-0.20381
0.85085
0.96512
0.04771
-0.48341
-0.20501
-0.44792
-0.4249
-0.1562
0.0025851
-0.041259
0.44667
0.38107
0.35603
0.6474
0.81533
0.4624
1.1222
1.4401
1.3439
1.1707
0.74825
0.050956
0.6413
0.88775
0.76497
0.37306
-0.2842
-0.76325
-0.71791
-0.87698
-0.72953
-0.67929
-0.77498
-0.73263
-1.209
-1.4221
-1.1555
-0.73039
-0.37176
-0.16204
-0.72728
-0.2207
0.95762
1.1134
0.2817
-0.37087
-0.74347
-0.20101
1.018
1.2236
0.075842
-0.75287
-0.79131
-0.30389
0.90615
1.0385
-0.22812
-0.97228
-0.92996
-0.35919
1.1203
1.1871
-0.2259
-0.96748
-1.1084
-0.37051
1.1498
1.1691
-0.21618
-0.99351
-0.97184
-0.36427
0.76381
0.72096
-0.24621
-0.84584
-0.71596
-0.67344
-0.016367
1.232
1.9736
1.6251
-0.91365
-1.1344
-0.85652
0.1326
1.0797
0.973
-0.3302
-0.61401
-0.96192
-0.9102
-0.61458
-0.52829
0.38125
0.37695
0.010668
-0.40512
-0.81983
-0.95249
0.33627
0.6662
0.7274
0.39834
-0.17979
-0.52285
-0.14903
0.2124
0.52426
0.46097
0.041395
-0.1937
-0.30337
-0.44691
-0.29046
0.10208
0.37717
0.26915
-0.36672
-0.54517
-0.29838
0.24775
0.54448
0.38125
-0.39935
-0.54527
-0.26474
0.28787
0.57289
0.41047
-0.43187
-0.58089
-0.32767
0.2691
0.57283
0.44358
-0.47459
-0.64783
-0.34767
0.31999
0.65996
0.51651
-0.40486
-0.5393
-0.21697
0.32918
0.61487
0.47657
-0.8943
-1.0138
-0.87766
-0.55755
-0.23092
0.031282
-0.46691
-0.63197
-0.87352
-0.91207
-0.69705
-0.37288
0.89496
0.83501
0.24286
-0.36679
-0.67335
-0.58895
1.0728
1.3259
1.1398
0.70409
0.21905
-0.064687
-0.2174
0.027595
0.4919
0.9136
1.0071
0.69747
-0.96516
-0.94083
-0.38798
0.22072
0.61704
0.61853
1.0288
0.91431
-0.10021
-1.0386
-1.0208
-0.22868
1.2414
0.6473
-0.73788
-1.381
-0.55786
0.46812
0.87167
-0.16957
-1.3648
-0.96072
0.59627
1.3307
0.086115
-0.88883
-1.1968
-0.03714
1.2331
1.2734
-0.54846
-1.0019
-0.46344
0.63498
0.91253
0.51181
-0.6038
-0.59411
0.085892
0.60726
0.31786
-0.024533
0.016663
0.026745
0.026436
0.033218
0.031232
0.020049
0.016932
0.022337
0.011146
0.013581
0.019301
0.013704
0.010486
0.0038176
-0.00712
-0.0069953
0.0035801
-0.0023432
-0.0006279
-0.0035504
-0.014368
-0.013431
0.0013454
-0.0053295
-0.013437
-0.020322
-0.012705
-0.019071
-0.0091027
-0.008804
-0.030406
-0.029087
-0.026095
-0.020659
-0.023795
-0.016486
-0.34947
-0.58345
-0.82403
-0.93561
-0.82026
-0.41846
-0.55919
-0.83882
-0.90041
-0.69968
-0.30731
0.13916
-0.87009
-0.9993
-0.53816
0.21483
0.73886
0.77932
-0.80352
-0.50779
0.33193
0.99936
1.0288
0.62207
0.10359
0.66626
1.0715
0.9058
0.35559
-0.1123
0.88178
1.207
1.0037
0.40386
-0.1589
-0.39603
-1.2
-1.4633
-0.61225
0.39618
0.54592
0.191
-1.5447
-1.3227
0.28523
1.0339
0.60269
-0.032237
-1.5532
-0.60844
0.98833
1.0911
0.16815
-0.25523
-1.1262
0.1352
1.0542
0.54449
-0.15938
-0.22493
-0.065676
0.90108
0.83372
0.017859
-0.25524
-0.054122
0.70104
1.0942
0.47454
-0.23547
-0.21736
0.031896
0.013076
0.0052434
0.013668
0.012908
0.023884
0.020227
0.0056055
0.0081513
-0.0012311
0.0027434
0.020285
0.011481
0.0077479
0.0025533
-0.004242
-0.011914
-0.0031022
-0.0034995
0.0079597
-0.0030354
-0.0066577
-0.0077291
-0.005772
-0.0033736
-0.0092132
-0.0059043
-0.0051644
-0.01147
-0.0031222
-0.0094088
-0.024436
-0.021527
-0.017773
-0.0087926
-0.013781
-0.012053
-0.014521
-0.0096756
-0.015871
-0.018313
-0.015538
-0.012345
-0.0057769
-0.013667
-0.007981
-0.0054511
-0.013476
-0.010709
-0.0053456
0.0031228
0.0074099
0.011255
0.0021165
0.0012103
-0.00096534
0.0064174
0.0089647
0.018105
0.012213
0.0017949
0.0056877
0.010683
0.015983
0.011042
0.0059452
0.001408
0.0060333
0.0062555
0.0071219
0.0035476
0.0082669
0.00031465
-0.0032093
-0.0040227
-0.0066877
-0.00049301
0.0031483
0.0020637
0.0015683
0.002076
-0.0087762
-0.0054559
0.0019258
0.0063927
0.010038
0.0021171
-0.002416
0.0018816
0.0077697
0.0071487
0.0019957
0.0037508
-0.0017149
0.0055728
0.0082758
0.0070736
0.0036982
0.0026436
-0.0058888
0.0028668
-0.0027474
-0.003441
0.0062003
0.0039835
-0.0056253
-0.0063581
-0.0043291
-0.0056705
-0.26132
-0.47053
-0.77368
-0.67074
0.27387
1.019
-0.34859
-0.56365
-0.93154
-0.86063
0.50861
1.3923
-0.22913
-0.37255
-0.86802
-0.85786
0.63972
1.4457
-0.0051807
-0.25977
-0.94439
-0.84532
0.64994
1.3164
0.13955
-0.28441
-1.0703
-0.74261
0.86513
1.5349
0.1129
-0.30597
-0.90397
-0.47547
0.97957
1.5336
-0.82022
-0.24327
0.81919
1.0725
0.27763
-0.60812
-0.70389
0.33049
1.3475
0.9066
-0.24196
-0.80028
0.126
1.1738
1.2349
0.10923
-0.81914
-0.79157
0.98469
1.4487
0.45353
-0.83573
-1.0962
-0.62043
1.0837
0.87905
-0.47691
-1.2885
-0.95443
-0.31013
0.47765
0.035638
-0.81608
-1.0335
-0.59631
0.013684
0.59016
0.76997
0.44024
-0.07818
-0.61983
-0.91309
0.55815
0.77902
0.70656
0.16172
-0.715
-1.1061
0.19538
0.4676
0.819
0.60365
-0.52153
-1.1449
0.14899
0.5184
0.92448
0.61031
-0.65659
-1.213
0.51493
0.9445
0.917
0.063584
-1.1785
-1.4821
0.60505
0.96284
0.71579
-0.20876
-1.2805
-1.4579
-0.65145
-0.84094
-0.75813
-0.34534
0.204
0.47246
-0.97938
-1.1048
-0.70832
0.089552
0.82
0.8875
-0.40083
-0.14796
0.42356
1.0773
1.1868
0.76233
0.69149
1.0123
1.0862
0.85596
0.28887
-0.17753
1.0152
0.83564
0.1588
-0.51723
-0.92635
-0.98005
0.33327
-0.24171
-0.82066
-1.0208
-0.97117
-0.75498
1.1
1.2012
0.63563
-0.070497
-0.22903
-0.096682
1.5818
1.7229
1.0067
0.045681
-0.27084
-0.13314
1.0299
0.98053
0.31653
-0.30399
-0.38404
-0.20588
-0.34315
-0.52008
-0.72912
-0.85881
-0.62243
-0.25048
-0.80682
-0.74734
-0.63523
-0.78173
-0.6976
-0.29207
-0.32464
-0.1634
-0.084025
-0.29544
-0.39354
-0.13338
0.0059779
0.0010978
0.0020897
-0.0058781
0.00064772
0.0041938
-0.00038184
0.0040793
0.0031176
-0.00378
-0.0062599
0.0012013
0.0024459
0.0038254
0.004952
-0.00086198
0.0014553
-0.00057491
0.00056964
-0.0042122
-0.0025783
0.00088323
-0.0014668
-0.00045072
0.0030926
-0.0038739
-0.0022272
-0.0061961
-0.0065582
-0.0049502
0.0033857
0.0019351
-0.0045564
0.00012992
-0.0045754
-0.0032279
0.12916
0.43669
0.62608
0.88812
1.0378
0.81346
-0.22335
0.098544
0.48863
1.0807
1.5584
1.3757
-0.70321
-0.6375
-0.24765
0.28008
0.89252
1.0463
-0.84621
-0.92331
-0.7702
-0.70376
-0.53104
-0.059852
-0.57887
-0.6673
-0.46404
-0.64103
-0.97958
-0.78676
-0.11168
-0.16591
0.0074822
-0.051584
-0.44266
-0.5395
0.32166
-0.25628
-0.77824
-0.084824
0.96191
1.1009
0.74855
0.12628
-0.77081
-0.18197
1.2318
1.5253
0.95904
0.35942
-0.83535
-0.78766
0.4542
1.1235
0.9595
0.34757
-0.88831
-1.321
-0.61445
0.28278
0.7618
0.33467
-0.66946
-1.3257
-1.1472
-0.35916
0.39976
0.3613
-0.20537
-0.86538
-1.0948
-0.59025
-0.011577
-0.00081392
0.029187
0.064233
0.067633
0.037979
-0.01348
0.004428
0.052342
0.08407
0.095286
0.056669
-0.016908
0.0024984
0.034465
0.052722
0.056718
0.032457
-0.03971
-0.039014
-0.017209
-0.0022598
0.001286
-0.0036231
-0.068959
-0.092153
-0.064111
-0.036701
-0.0095449
0.0065379
-0.074968
-0.092201
-0.073069
-0.032158
-3.5753e-05
0.017042
0.0038982
0.012487
0.021963
0.010773
-0.0025837
-0.0078056
-0.0027508
0.0013784
0.0077004
0.0055709
-0.0074953
-0.01485
-0.013895
-0.013269
-0.00066347
-0.0033918
-0.010695
-0.0090153
-0.020771
-0.018676
-0.0060368
-0.0013912
0.0054893
-0.0016231
-0.010753
-0.0028159
0.0033412
0.0067553
0.0093529
0.0072818
-0.0043172
-0.00061558
0.0092825
0.0099879
0.008584
0.0057166
0.63168
0.15559
-0.46829
-0.76278
-0.68749
-0.32792
1.0331
0.22571
-0.79047
-0.94656
-0.67237
-0.30907
1.3087
0.36659
-0.84582
-0.85879
-0.38375
-0.13199
1.5413
0.59119
-0.77991
-0.82035
-0.21973
0.031065
1.5951
0.81891
-0.62945
-0.73293
-0.048915
0.2575
1.2807
0.77457
-0.48691
-0.64889
0.094914
0.43147
1.0026
0.76796
-0.29239
-0.93108
-0.85945
-0.55233
0.89302
1.1801
0.29937
-0.86924
-1.2564
-1.0151
0.11896
0.94732
0.99088
-0.089369
-1.0888
-1.1551
-0.72961
0.22244
1.1446
0.66043
-0.35104
-0.65222
-0.97504
-0.39715
0.73642
0.90823
0.40733
0.11289
-0.70949
-0.50193
0.25496
0.67229
0.64822
0.48708
0.0040564
0.0067678
-0.00042137
-0.0046135
-0.0015314
-0.006878
0.0052381
0.0043461
0.004026
-0.0015734
0.0016264
0.00085614
-0.0021841
-0.00029962
-0.00045161
-0.0029147
-0.0062706
-0.006685
-0.0055526
-0.0048921
-0.0011445
-0.0019908
-0.0018993
0.0020636
0.0013893
0.0047899
0.0028526
0.0025931
0.0010385
-0.0017067
-0.0057836
0.0056251
-0.0033129
0.0013625
0.0027586
-0.0031025
0.02312
0.028062
0.027384
0.032421
0.025085
0.015231
0.020148
0.02139
0.01042
0.012438
0.014441
0.015312
0.010484
0.001953
-0.0033311
-0.011516
-0.0067738
-0.0017486
0.00040143
-0.0017233
-0.010863
-0.012601
-0.0050333
-0.0028137
-0.0143
-0.019083
-0.0225
-0.011115
-0.014324
-0.012609
-0.023176
-0.029692
-0.027257
-0.019194
-0.02104
-0.014048
0.51402
0.85545
0.73979
-0.11347
-0.98527
-1.0646
0.16572
0.49771
0.90015
0.35898
-0.78458
-1.225
-0.70801
-0.42997
0.53846
0.95582
0.25782
-0.43987
-0.98251
-1.0208
-0.11091
0.9736
1.2223
0.70485
-0.71192
-1.0011
-0.76372
0.29062
1.1043
1.0168
-0.16534
-0.47708
-0.80224
-0.42108
0.38628
0.61169
0.98897
1.1676
0.39617
-0.56463
-0.65357
-0.28465
1.141
1.2549
0.30144
-0.75255
-0.83034
-0.38261
1.0893
1.0987
0.1959
-0.63373
-0.68027
-0.39498
0.94165
0.82729
0.066484
-0.5222
-0.57452
-0.38294
0.56926
0.38112
-0.23313
-0.72944
-0.70817
-0.36338
0.17286
0.069917
-0.39156
-0.7637
-0.69064
-0.33441
-0.27663
-0.31849
-0.089856
-0.01845
-0.29768
-0.39618
-0.64237
-0.76959
-0.4709
-0.12476
-0.088319
-0.19554
-0.63489
-1.022
-0.99328
-0.53325
-0.081512
0.064302
0.40909
-0.062884
-0.66378
-0.87798
-0.67725
-0.26532
1.6349
1.6423
0.90297
-0.14661
-0.67252
-0.43394
1.4775
1.8715
1.512
0.70487
0.086249
-0.0092844
-5.2652
-5.3933
-5.1143
-5.2139
-5.0466
-5.0478
-4.9094
-4.5802
-5.3804
-4.9399
-5.0992
-5.0925
-5.2087
-5.074
-4.5685
-5.2138
-5.1373
-5.2046
-4.9997
-4.9463
-4.8989
-5.1917
-4.571
-5.1066
-5.353
-4.5754
-4.5788
-4.5804
-5.1015
-5.1411
-5.422
-5.1139
-4.8144
-4.5804
-5.0359
-5.0811
-4.5739
-4.5793
-5.0262
-5.306
-4.5809
-4.5714
-5.2353
-4.9712
-4.9526
0.014566
0.0054456
-0.0014744
-0.005058
-0.011526
-0.010102
0.0080259
0.0048189
-0.0016174
-0.0094429
-0.012576
-0.0078601
0.012228
0.010742
0.0058857
-0.0032443
-0.0045933
0.0021366
0.013811
0.0088408
0.0028899
-0.0072805
-0.013546
-0.0081941
0.013711
0.010449
0.0053593
-0.007492
-0.021164
-0.017482
0.022328
0.027118
0.01694
-0.0016635
-0.016067
-0.014652
