-0.53162
-0.0037794
-0.94542
-0.77786
-0.27045
0.77469
-0.0038804
-0.62725
-0.00037883
0.0016483
0.01604
-0.0024051
-0.0013171
0.0032454
-0.44247
0.0032282
-0.00049455
-0.089745
0.3615
-0.0023789
-0.0031086
0.004751
0.73449
-0.0031008
-0.98757
0.0069293
0.0018175
-0.0034665
-0.0035765
0.0054221
0.0026803
0.00049913
-0.0053824
-0.17336
0.0056742
-0.001235
-0.58028
-0.0060501
-0.0037849
-0.0028303
0.0042849
0.76102
-0.0018803
0.00058481
-0.0041502
-0.1378
-0.0005801
-0.00076213
-0.13274
0.11588
-0.0030979
-0.0031797
-0.0036127
0.00035568
0.0049156
-0.021146
-0.0032073
2.0045
-0.0032461
-0.4127
-0.084082
1.0525
-0.38407
-0.14546
-0.00062513
0.0010961
-0.0017337
-1.4277
-0.0032544
0.010154
-0.3598
0.95484
-0.11293
-0.0017112
-1.0505
0.0050971
-0.0042193
0.51428
0.7175
-0.003887
-0.0046811
0.26765
-0.0024582
-0.0022182
-0.15416
1.0224
0.00029586
-0.0037064
-0.0010272
-0.015811
-0.0045691
-0.003235
-0.0074028
-0.15313
-0.0022087
-0.73256
-0.0068347
-0.51985
-0.89022
0.82464
0.78361
-0.0033056
-0.49126
0.00055572
0.0035677
0.016893
-0.0039074
-0.00090056
0.005914
-0.41252
0.0056867
0.0053606
0.010161
0.56644
0.00025185
-0.0042039
0.010793
0.72943
-0.0067918
0.033885
0.012146
-0.0010336
-0.0082511
-0.0063248
0.0024434
0.0051439
0.0041181
-0.0076052
0.23496
0.0064366
0.00065552
-0.39016
-0.010382
-0.001832
-0.0018449
0.0045937
0.30146
-0.0023358
-0.0033691
-0.00070387
-0.18528
-0.0017365
0.0023562
-0.69371
0.43047
-0.00060369
-8.1883e-05
-0.0073706
0.0055791
0.0012856
-0.015104
-0.0092576
2.2509
-0.0020534
-0.61558
-0.36524
1.2615
-0.64944
-0.39306
-0.0013628
0.0034604
-0.0015495
-1.6521
-0.0018894
-0.48034
-0.71872
0.44788
-0.14887
0.0013444
-1.2777
0.0084589
-0.0018703
-0.13214
1.013
-0.0048903
-0.0037552
0.10174
-0.0049548
-0.0035467
0.35568
1.2572
-0.0063063
-0.00097817
0.0026831
-0.02438
-0.0031507
-0.0052338
-0.0029191
-0.075199
0.0056668
-0.5882
-0.007858
0.7644
-0.61204
1.1762
-0.014852
-0.0019766
0.11816
0.00289
0.0036288
0.010067
-0.0028162
-0.0023251
0.0064103
0.39304
0.0033806
0.010626
0.16999
0.48932
0.0024382
-0.0029946
0.013158
-0.069706
-0.007488
1.0107
0.014415
-0.0067414
-0.012321
-0.0068424
-0.0016063
0.0066579
0.0060934
-0.0077819
0.89937
0.0043167
0.0035559
0.05639
-0.0089086
0.00044066
0.0018063
0.0024908
-0.58444
-0.0013755
-0.0077021
0.0038342
-0.1048
-0.00041711
0.0016587
-1.0054
0.82109
0.0050643
0.0015473
-0.0070039
0.0070557
-0.0065306
0.0033898
-0.011016
1.5362
-0.000241
-0.27701
-0.88848
0.79255
-0.70927
-0.54365
-0.0024641
0.005998
-0.0029076
-0.76937
-0.0001336
-1.0985
-0.9256
-0.42009
-0.1025
0.005743
-1.1513
0.0078581
-0.0010638
-0.75177
0.85578
-0.004596
-0.004773
-0.55881
-0.0055798
-0.0027036
1.2785
0.77888
-0.011169
0.00099219
0.0032109
-0.017864
-0.0048394
-0.002055
0.0033544
0.15468
0.012514
0.37935
-0.0090756
1.1246
-0.52728
0.35613
-0.70268
-0.0011898
0.68415
0.0034884
0.00321
-0.0021714
-0.00037016
-0.0047677
0.0072454
1.2072
-0.0036339
0.012008
0.35916
0.22256
0.0040412
0.0081519
0.010447
-0.84545
-0.007518
0.8286
0.015196
-0.009133
-0.011314
-0.0055413
-0.005517
0.0049428
0.0052175
-0.0099872
1.1914
0.0020034
0.0037828
0.40731
-0.0024318
0.0036684
0.0020727
0.00074766
-1.0711
-0.0012681
-0.0094682
0.0013145
0.054198
0.0037496
-0.00081819
-0.075449
1.1581
0.0076342
0.00335
-0.0074941
-0.0013081
-0.010304
0.013523
-0.0092835
0.68067
0.00071758
0.61639
-1.0201
0.46308
-0.60052
-0.40639
-0.0021879
0.0028774
-0.0030248
0.14718
-0.0011645
-0.58611
-1.032
-0.66853
0.010532
0.0037204
-0.92344
0.0060745
-0.00015327
-0.52902
0.0046119
-0.0025637
-0.016736
-1.2688
-0.0034745
0.0010033
1.558
-0.12874
-0.0094666
-0.0014612
0.0019155
-0.0021198
-0.011189
0.0014346
0.0021497
0.32042
0.012103
1.5414
-0.0056987
0.25525
-0.87455
-0.59143
-0.66175
-0.00092148
0.58721
0.0017982
0.0036915
-0.017315
0.0027891
-0.0054506
0.0029836
0.7223
-0.0071435
0.010847
0.17923
-0.08891
0.0030454
0.021461
0.0041115
-0.63976
-0.0064519
0.12242
0.012985
-0.0086509
-0.0077167
-0.0017812
-0.011716
0.0001424
0.00018018
-0.013493
1.0136
-0.0015488
0.0024402
0.47016
0.0058718
0.0034054
0.0026164
0.0010992
-0.98493
-0.00041919
-0.0063104
-0.0085455
0.17848
0.005405
-0.0040912
1.2348
1.2725
0.0078075
0.007913
-0.0073074
-0.01363
-0.0098933
0.010555
-0.0058635
0.19195
0.0024618
0.88573
-0.32731
0.44733
-0.50111
-0.092445
0.0011951
-0.005398
-0.0047126
0.31455
-0.0047049
1.0299
-0.98346
-0.53664
0.11068
-0.0038229
-0.78714
-0.00023965
-0.0002475
0.13662
-1.0097
-0.0027449
-0.032389
-1.5268
0.00087542
0.0062833
1.0422
-0.9316
-0.0028136
-0.0076431
0.00043906
0.0079915
-0.015569
0.0048933
-0.00037815
0.23951
0.0094267
1.4675
-0.0028615
-0.58751
-0.93774
-0.75932
-0.2337
0.00025421
0.040428
9.7646e-07
0.0013478
-0.021046
0.0022595
-0.0027795
-0.0011171
-0.29729
-0.0055066
0.006292
-0.28381
-0.25049
0.00075092
0.02118
-0.0016257
0.12106
-0.004585
-0.11743
0.0056379
-0.0057805
-0.0037201
0.00017467
-0.01037
-0.003275
-0.0027242
-0.011625
0.58272
-0.0046964
0.001078
0.25153
0.0075745
-7.7693e-05
0.0030348
-0.00015433
-0.64229
2.6019e-05
-0.0021182
-0.011742
0.17275
0.0020324
-0.0023802
1.3031
0.93747
0.004358
0.0065224
-0.0062248
-0.015976
-0.0053738
0.0046872
-0.0024874
-0.021197
0.0029028
0.49464
0.31696
0.38551
-0.36767
0.033078
0.0017891
-0.0075342
-0.0036332
0.22453
-0.005554
1.6104
-0.70349
-0.28226
0.1273
-0.0072065
-0.53411
-0.0048132
-0.00018685
0.30898
-1.1716
-0.0020587
-0.030321
-1.1474
0.0025537
0.0075231
0.24687
-0.9755
-0.00033917
-0.0086366
-0.00075324
0.0086436
-0.011558
0.0029626
0.00065684
0.029753
0.0056459
-0.41562
0.001904
-1.0469
-0.38801
-0.21161
0.64452
-0.0051023
-0.65811
-0.0038257
0.0019481
0.023701
-0.0011223
0.0015341
0.00040057
-0.64652
0.00709
-0.0026829
-0.20233
-0.40501
-0.0026018
-0.019245
0.0023071
0.6771
-0.0032556
-1.2088
0.0020063
0.0036749
-0.0022633
-0.0046156
0.0033335
0.00053281
-0.0009639
-0.0030114
0.48363
0.0043529
0.00044348
-0.159
0.001204
4.3824e-05
-0.0072457
0.0032571
1.2386
-0.0009147
0.0011783
0.0017415
-0.16248
0.0019353
-0.0038831
-0.32165
-0.20686
-0.0035104
-0.00263
-0.0038597
-7.7652e-05
0.0047991
-0.025967
0.001124
1.503
-0.0016491
-0.47416
-0.22483
1.1341
0.25804
-0.54404
0.0033587
0.00034804
0.00071105
-1.8166
-0.0027134
0.12957
-0.51475
1.296
-0.16813
-0.00059975
-0.60183
0.0038455
-0.005732
1.0727
0.87716
-0.0032988
0.0035611
0.039706
0.00078034
0.0023994
-0.63471
0.44264
0.00032347
-0.0030029
-0.0012653
-0.020245
-0.0062964
-0.0017225
-0.0094646
-0.0051524
-0.0047737
-0.88199
-0.0017301
-0.24051
-0.44611
1.18
0.77828
-0.0039768
-0.75917
-0.0041043
0.0033039
0.020809
-0.0034993
0.0015571
0.002494
-0.61943
0.010391
0.0039738
-0.14085
-0.70326
0.0019897
-0.019854
0.0057617
0.49485
-0.0076146
-0.097167
0.0024223
-0.00076791
-0.0087411
-0.0072387
0.0001744
0.0026135
0.00099614
-0.0049246
1.0869
0.0047892
0.0035637
0.21105
-0.0022958
0.0019258
-0.0049415
0.0050186
0.96685
0.00033773
-0.0014904
0.0077944
-0.22375
0.00083971
-0.0006449
-0.91118
0.049899
-0.00010187
0.0002578
-0.0079722
0.0058124
0.0010517
-0.018221
-0.0045449
1.2948
-0.00016239
-0.82802
-0.69041
1.0539
0.56088
-0.86115
0.0039497
0.0027739
0.0011476
-1.4828
-0.0010403
-0.41831
-0.90745
0.53267
-0.21699
0.0030319
-0.76099
0.0058503
-0.004366
0.70015
1.213
-0.0049601
0.010727
0.044319
-0.0030976
0.00056438
-0.42051
1.139
-0.0048961
-0.0022539
0.0019248
-0.028011
-0.0060138
-0.0026273
-0.0041561
-0.055996
0.0028033
-1.2819
-0.0058015
0.84633
-0.38876
1.3966
0.040054
-0.0013535
-0.091083
-0.00093729
0.0013885
0.010036
-0.0027331
-0.0014843
0.0050729
0.55319
0.0058062
0.0093152
0.40331
-1.0279
0.0044589
-0.0096055
0.0090014
-0.47973
-0.01074
1.0747
0.0080029
-0.0086531
-0.012251
-0.0065403
-0.0057594
0.0034023
0.0032474
-0.005468
1.5051
0.0029495
0.0043236
0.6143
-0.0056569
0.0027561
0.00017497
0.0041026
-0.11012
-0.00059736
-0.0073305
0.011572
-0.15249
0.00071146
0.00082183
-0.95243
0.56494
0.0037471
0.0010351
-0.0068819
0.011438
-0.0073653
0.0018536
-0.01057
0.34488
0.00028438
-0.40839
-1.1411
0.47012
0.88066
-0.88211
0.0015873
0.0036316
-9.2928e-05
0.17073
0.0017155
-1.1747
-0.97916
-0.68485
-0.14139
0.0067706
-0.70802
0.0062831
-0.00051184
-0.26022
0.95405
-0.0060479
0.0091454
-0.071843
-0.0050929
-9.8784e-05
0.45798
1.4179
-0.012585
-0.0022865
0.00098761
-0.021223
-0.0078611
-0.0028871
0.003948
-0.07503
0.0085527
-0.70566
-0.0074581
0.65963
-0.61034
0.095173
-0.79088
-0.00013214
0.79698
0.00092632
0.0013758
-0.0022351
0.0019554
-0.0074229
0.007167
1.2762
-0.0036561
0.01251
0.76563
-1.2652
0.0054559
0.0073123
0.0093352
-1.1559
-0.009618
0.75021
0.015818
-0.013666
-0.0097753
-0.0040659
-0.011077
0.0017538
0.0021711
-0.0069584
1.2681
0.0010485
0.00532
0.74576
-0.0014867
0.0062347
0.0022724
0.00075035
-0.90736
0.00030569
-0.010624
0.0020998
0.03173
0.0036
-0.0039886
0.2241
1.068
0.0065535
0.0043425
-0.0051972
-0.0018635
-0.012501
0.010567
-0.0097416
-0.37966
0.0030794
0.69201
-0.92788
0.24336
1.0786
-0.69288
-0.00093563
0.00050604
-0.0036534
0.87748
0.0015837
-0.96443
-0.72347
-0.88271
0.012128
0.0044988
-0.73109
0.005392
0.0011343
-0.54287
-0.11458
-0.0028736
-0.0063764
-0.55431
-0.0034902
0.0018553
1.1696
0.85615
-0.0119
-0.0045235
-0.0009959
-0.0060543
-0.013024
0.00086679
0.0001025
-0.16831
0.0093849
0.59888
-0.0042844
-0.54924
-0.9968
-0.94576
-0.77423
0.0014152
0.96308
0.00026284
0.00068474
-0.016869
0.0058068
-0.007758
0.0032872
0.331
-0.0088327
0.010559
0.29279
-1.2417
0.0032783
0.021531
0.0029073
-0.52059
-0.0067416
-0.025175
0.017529
-0.010396
-0.0050624
-0.0010133
-0.014586
-0.0033066
-0.00099175
-0.0096172
0.68609
-0.0025411
0.0028515
0.47626
0.0070369
0.0049855
0.0035692
-0.002716
-1.0208
0.00028145
-0.007014
-0.013769
0.20627
0.0042056
-0.0068557
1.4526
1.3752
0.0089091
0.007733
-0.0047808
-0.017311
-0.0096139
0.0044302
-0.0057471
-0.56002
0.0052512
0.96654
0.20803
0.34074
1.1356
-0.25003
6.1818e-05
-0.0057461
-0.0059861
0.59699
-0.0019207
0.93966
-0.33996
-0.53871
0.14985
-0.003293
-0.85448
-0.00078607
0.0020748
-0.066921
-1.2198
-0.00047527
-0.026845
-1.1182
0.0015997
0.0092507
1.1118
-0.42446
-0.0064545
-0.008257
-0.0029646
0.0063387
-0.014409
0.004903
-0.0029434
-0.40703
0.0076845
0.99568
-0.00097957
-1.1021
-0.90143
-0.94254
-0.26074
0.0023147
0.38577
-0.001115
-0.0004755
-0.020949
0.006087
-0.0045883
-0.0031786
-0.85182
-0.0090571
0.0058609
-0.48862
-0.89839
0.0014303
0.019693
-0.0035982
0.53291
-0.0041509
-0.1902
0.0089496
-0.0069857
-0.0021514
0.00073001
-0.012571
-0.0067175
-0.0034121
-0.0094802
0.26397
-0.0052291
0.0014934
0.1017
0.0081976
0.00084588
0.0042458
-0.003182
-0.74847
7.3716e-05
-0.0028035
-0.017222
0.21103
0.00095293
-0.0052171
1.2196
1.1562
0.0065052
0.0055627
-0.0043068
-0.019702
-0.0065616
-0.0034303
-0.0018066
-0.36869
0.0059248
0.44019
0.84617
0.3312
0.87457
0.062362
-0.00012264
-0.0079558
-0.0042068
0.27324
-0.0027888
1.9654
-0.12389
-0.25403
0.16108
-0.0080869
-0.80091
-0.0060569
0.0022626
0.25664
-1.2282
0.00061725
-0.027657
-1.0645
0.0015602
0.010225
0.54306
-1.0129
-0.0022942
-0.0079459
-0.0026359
0.0097237
-0.0097831
0.0024861
-0.0018968
-0.51724
0.0035938
0.78128
0.0091975
-0.28871
0.64098
-0.37045
0.14673
-0.0046389
-0.46993
-0.0070194
-0.00010252
0.026253
-0.0012239
0.0043407
-0.0042857
-0.64559
0.010477
-0.0052974
-0.2732
-1.001
-0.0026015
-0.02862
-0.0030593
0.35994
-0.001711
-1.1389
-0.0016777
0.0052251
0.00087412
-0.0038144
1.9498e-05
-0.0011365
-0.0021472
0.001023
0.45087
0.0016399
0.0016171
1.0356
0.0079161
0.0015305
-0.0094006
0.00098013
1.0741
-0.00038958
0.0003474
0.005986
-0.10782
0.003629
-0.003073
-0.52836
-0.56163
-0.0049971
-0.0038419
-0.0017333
0.0020302
0.0056202
-0.019963
0.0051404
-0.40986
0.0012659
-0.515
-0.4414
0.77748
0.60188
-0.95048
0.0059186
-0.0038517
0.0020356
-1.6628
-0.0060086
0.36793
0.11295
1.5263
-0.18396
-3.5498e-05
0.55352
-0.0014269
-0.006985
1.1605
0.95642
-0.0027462
0.014413
-0.56732
0.0025519
0.0045778
-0.93194
-0.79306
0.0039247
-0.0012217
0.00035587
-0.013359
-0.0058094
-0.0011144
-0.007104
-0.23256
-0.0058913
0.42374
0.0055375
0.44423
0.64036
0.9626
0.42335
-0.0039443
-0.80512
-0.0090899
0.0012857
0.016065
-0.0030943
0.0042881
-0.004516
-0.57134
0.0098868
-0.0036145
-0.065334
-1.3819
-0.001269
-0.028558
-0.0043776
-0.088219
-0.0054736
-0.27433
-0.0043246
0.0023637
-0.0013161
-0.0046319
-0.0027116
-0.0011346
-0.0012767
0.00073478
0.57074
-8.1971e-05
0.0020892
1.394
0.0073424
0.0028416
-0.0072747
0.0029742
1.2053
0.001756
-0.00060384
0.014501
-0.16611
0.0023833
-0.0015459
-0.80866
-0.42266
-0.0043578
-0.003247
-0.0047308
0.0081418
0.0028743
-0.014722
0.00014246
-0.90856
-0.00019284
-0.96203
-0.90916
0.37807
0.96925
-1.2463
0.0068221
-0.0032871
0.0029596
-0.56662
-0.0041669
-0.062676
0.20386
0.54334
-0.2185
0.0026427
0.66034
-0.0022477
-0.0064365
1.5291
1.0061
-0.0051869
0.028413
-0.24425
-0.00056551
0.003008
-1.2259
-0.1762
-0.0015232
-0.0033944
0.0019676
-0.019582
-0.0055137
-0.0014821
-0.005573
-0.48811
-0.0047906
-0.67713
-0.0013595
0.67387
0.20873
1.1786
0.086124
-0.0015062
-0.51719
-0.0048118
0.0014114
0.0006995
-0.003684
-0.0014964
-0.00064235
0.617
0.0015372
0.0020603
0.73815
-1.3796
0.00099603
-0.010336
-0.0014425
-0.90646
-0.0072516
0.8291
-0.0014479
-0.005122
-0.0019028
-0.0011145
-0.0059637
-0.0011623
0.00064544
-0.0010325
0.32298
-0.00025471
0.0016531
1.1445
0.0027201
0.0038141
-0.0016726
0.0037379
0.70062
0.00090193
-0.0038999
0.013898
-0.14889
0.0026002
-0.0020683
-0.44976
0.031243
-0.0011334
0.00062792
-0.00096291
0.011127
-0.0041093
-0.0053733
-0.0038975
-1.0945
-0.0014701
-0.54626
-0.86372
-0.18447
1.2038
-1.0754
0.0041174
-0.0016873
0.00106
1.0646
-0.0001013
-0.79199
0.38628
-0.88222
-0.11432
0.0024125
0.46639
-0.00052699
-0.0030196
0.92926
0.45772
-0.0053378
0.031763
0.65035
-0.003229
0.0015606
-0.88579
1.0297
-0.0092526
-0.0058958
0.00016234
-0.018416
-0.0058383
0.0007941
-0.0027184
-0.80997
-0.0019157
-1.3496
-0.0041455
-0.23011
-0.22263
-0.13537
-0.62713
9.3315e-05
0.4697
-0.0017165
-0.001013
-0.0073363
0.0010529
-0.0072973
0.0022159
1.052
-0.0078482
0.0029459
1.0953
-1.0796
0.0018085
0.0068374
0.0025448
-1.1026
-0.0052875
0.64071
0.0096429
-0.0088152
0.0010218
0.00065431
-0.0087578
-0.0012458
-0.00022676
-0.00065201
-0.38324
-0.0021569
0.0024102
0.58492
0.0027596
0.005463
0.0014061
-0.00091701
-0.071426
-0.00098806
-0.0048735
0.0010635
-0.027504
0.0047576
-0.006302
0.44864
0.43385
0.0027603
0.0024408
0.0015989
0.00052328
-0.0079982
-0.0017374
-0.0033096
-0.97281
0.00089221
0.61884
-0.1027
-0.29039
1.3363
-0.6803
-0.0014432
-4.4809e-05
-0.003277
1.0145
0.0033419
-1.071
0.92594
-0.92165
0.045837
0.0028065
-0.093971
0.00075083
0.00027425
0.20439
-0.42815
-0.0013609
0.016962
0.89761
-0.0010389
0.0017755
-0.21823
1.5917
-0.0098294
-0.0049277
-0.0034856
-0.0090481
-0.0069025
0.0032228
-0.0051224
-1.1872
0.00048103
-1.0001
-0.0020828
-1.1551
-0.20834
-1.0117
-0.74742
0.0012262
1.1977
-0.0010711
-0.0021569
-0.015871
0.0078643
-0.0079434
-0.0010664
-0.1947
-0.011859
0.0011995
0.23029
-0.76252
0.0026599
0.016702
-0.0002475
0.014866
-0.0021068
0.057597
0.014167
-0.0066483
0.0021018
0.001997
-0.010392
-0.0051754
-0.0035072
0.0011821
-0.83438
-0.0043696
0.0010841
-0.0065396
0.0073662
0.006736
0.0039839
-0.0061096
-0.71033
0.00050591
-0.0022771
-0.011428
0.14615
0.0035799
-0.0072698
0.91553
0.68144
0.0058571
0.0026151
0.0022617
-0.013552
-0.0071305
-0.0067744
0.0016223
-0.78275
0.0052502
0.84854
0.95551
-0.19465
1.5292
-0.17056
-0.0044194
-0.0025369
-0.0069556
0.33416
0.0048054
0.37545
1.4494
-0.31578
0.16687
5.8107e-05
-0.76548
-0.00055824
0.0029276
0.14923
-1.0231
0.0054482
-0.0039749
0.1401
-0.00051611
0.0063484
0.34893
0.77893
-0.0054877
-0.0030831
-0.0049176
0.0071592
-0.0053797
0.0047643
-0.0045314
-1.4323
-0.00027088
-0.37757
-0.00026326
-1.0363
0.033868
-0.81174
-0.3605
0.003102
0.88659
-0.001559
-0.0036225
-0.017692
0.0076394
-0.0032636
-0.005097
-1.1264
-0.011075
-0.0012387
-0.80072
-0.43154
0.0018396
0.014214
-0.003704
1.0915
-0.0016565
-0.12761
0.0066104
-0.005075
0.0013051
0.0015887
-0.0084036
-0.0070019
-0.0032632
0.00017988
-0.71955
-0.0057452
9.9431e-05
-0.34948
0.0091498
0.0030444
0.0050695
-0.0069938
-0.83127
0.0011122
-0.0013028
-0.013659
0.18578
-0.00046088
-0.0046608
0.46663
0.63251
0.0053042
0.0010042
0.001175
-0.016689
-0.0061863
-0.0087533
0.0027045
-0.4676
0.0073264
0.2812
1.1451
-0.18824
1.2669
0.094562
-0.0031811
-0.0036329
-0.0053144
0.11693
0.0034563
1.6843
1.289
-0.040018
0.16179
-0.0024411
-0.95671
-0.004133
0.004304
0.38734
-0.80397
0.0049078
-0.010904
-0.4509
-0.00022272
0.0067934
0.44227
-0.19752
-0.0027297
-0.0020352
-0.0037225
0.013254
-0.0021873
0.0031572
-0.0026985
-1.1296
-0.001669
1.3224
0.0090605
0.79142
0.66672
-0.64285
0.1949
-0.0054613
-0.16209
-0.0050876
-0.0010554
0.0283
-0.0050191
0.0028781
-0.0054074
-0.74177
0.0072368
-0.0057096
0.091177
0.017468
-0.0056276
-0.020149
-0.0032119
-0.085833
0.00060886
-1.1015
0.0035232
0.0066006
0.0050497
-0.0029972
0.00058679
-0.00087689
-0.0018921
0.0022553
-0.39144
1.0149e-05
-0.0012851
1.4121
0.003341
-0.0007785
-0.008871
-0.0010364
0.43835
-0.0011015
-0.0016109
0.009607
-0.057921
-0.0012386
0.001015
-0.742
-0.67222
-0.0078555
-0.0046742
0.0023348
0.01027
0.0054945
-0.017292
0.0044963
-0.90298
-0.0024543
-0.53698
-0.71639
0.62167
0.025487
-0.25362
0.0022203
-0.0048583
-0.00055902
-1.0517
-0.0075027
0.36759
0.59655
1.6683
-0.19544
-0.001711
0.84341
-0.0050657
-0.0074915
-0.014889
0.84248
-0.0041403
0.014591
-0.98165
-0.00023645
0.0016258
-0.4739
-1.0882
0.0034309
-0.00073032
0.00027618
-0.010745
0.0028635
-0.0028885
-0.0018519
-0.5792
-0.0034975
1.4828
0.006087
1.1744
0.63038
0.60288
0.64851
-0.0044236
-0.63483
-0.005977
-0.00027767
0.015878
-0.0056357
0.0046753
-0.0052535
-0.38825
0.0025839
-0.0073483
0.60433
0.2547
-0.0056215
-0.020957
-0.008149
-0.71074
-0.00077538
-0.66436
-0.0033248
0.0049654
0.0038736
-0.00085004
0.00072283
0.00028713
-0.00033226
0.00026955
-0.75219
-0.002084
-0.0031276
1.4615
0.0025163
-0.0023592
-0.0078046
0.00067188
0.88294
-0.00049698
-0.00034885
0.016063
-0.09587
-0.0015073
0.0022169
-0.54331
-0.61491
-0.0085085
-0.0039707
0.0026378
0.015013
0.0051638
-0.01709
0.0021948
-1.15
-0.0032541
-1.0465
-0.94968
0.15043
-0.074508
-0.51138
0.0031887
-0.0056704
0.0013135
0.36097
-0.0075419
0.10598
0.9412
0.70142
-0.19781
-0.002254
1.1248
-0.0076746
-0.0069786
0.75373
0.57056
-0.0048904
0.027452
-0.48383
-0.0022705
-0.00014742
-0.88203
-1.1463
-0.00045697
-0.001881
0.0031397
-0.016552
0.0030734
-0.0012978
-0.0023478
-0.77643
-0.0073711
0.50656
-0.00029356
0.2807
0.030106
1.1043
0.34159
-0.0017567
-0.99528
-0.0031537
0.0017986
-0.0066779
-0.0046121
0.0010746
-0.0039215
0.93157
-0.0054985
-0.0069846
1.2157
0.68542
-0.0039286
-0.010538
-0.0062389
-1.1322
-0.00054792
0.43817
-0.0087777
0.0012991
0.0029826
0.0010406
3.6276e-08
-0.0012439
0.00037525
-0.00040194
-1.1124
-0.0023875
-0.0035923
0.58947
0.0011391
-0.001855
-0.002174
0.0011497
1.0406
-0.0016547
-0.00083271
0.012307
-0.10452
0.00078915
0.00042918
0.16621
-0.23599
-0.005023
-0.0018045
0.0036423
0.011717
0.00089409
-0.004706
0.0004261
-0.78543
-0.0039331
-0.61639
-0.25094
-0.38585
-0.31866
-0.69064
0.00086452
-0.0035698
0.00078042
1.2896
-0.0023977
-0.54596
1.0573
-0.91731
-0.044956
-0.0020057
1.1138
-0.0066911
-0.0040156
1.2846
-0.19222
-0.004418
0.027011
0.85383
-0.00067011
-0.0018467
-1.1725
-0.22671
-0.0042872
-0.0037457
0.00084394
-0.015722
0.0023608
0.0020991
-0.0041908
-0.89633
-0.0072492
-0.76445
-0.0018732
-0.89965
0.075655
0.064527
-0.61141
-0.0013986
-0.29879
-0.00077687
-0.0014768
-0.01801
-7.4312e-05
-0.004793
-0.0025786
1.1407
-0.009017
-0.0079793
1.0193
1.2197
-0.0025627
0.0024431
-0.0027429
-0.69457
0.0017265
0.8438
-0.0044536
0.0001444
0.0065907
0.0027315
-0.00075872
-0.00068909
-0.0012493
0.0037912
-1.486
-0.0038394
-0.0036951
-0.19742
0.0014925
0.00022769
0.0010579
-0.0038173
0.51316
-0.0019764
1.0422e-05
0.00047084
-0.041357
0.0017534
-0.0032299
0.49505
-0.1136
-0.0019245
-0.0017135
0.00345
-0.0036347
-0.0019603
0.0083162
0.0030335
-0.24776
-0.0024994
0.59588
0.78177
-0.59593
-0.42573
-0.51823
-0.0038013
-0.0013466
-0.0027569
0.6463
0.00079156
-1.0663
1.2364
-0.97368
0.12732
-0.00077248
0.65554
-0.0043542
-0.0018056
1.0345
-0.68884
0.0022106
0.013166
1.3796
0.00090994
-0.0020758
-1.147
0.88542
-0.0025405
-0.00057698
-0.0028605
-0.00085164
0.0020829
0.0026632
-0.006363
-1.0588
-0.0051154
-1.3288
-0.00098211
-0.99415
1.0866
-0.82953
-1.0203
0.00087105
1.015
0.0010013
-0.0040589
-0.022086
0.0044757
-0.0060639
-0.0032792
-0.22349
-0.0057265
-0.0092676
-0.29081
1.2069
-0.001612
0.0090007
-0.0023449
0.68601
0.0039607
0.57712
-9.9255e-06
0.00014134
0.0052625
0.0011711
-0.00086027
-0.0036306
-0.0041487
0.0077361
-1.3641
-0.0058666
-0.0023069
-0.48564
0.0034109
0.0034478
0.0033012
-0.0093
-0.44881
0.00050849
0.0024219
-0.010655
0.091786
-0.001583
-0.0034567
0.071903
-0.13118
0.0014605
-0.0034389
0.004496
-0.012682
-0.0018576
0.014053
0.0056574
-0.034052
0.0005606
0.85201
1.1702
-0.79184
-0.12985
-0.064868
-0.0069496
0.00090468
-0.0040647
0.047434
0.0063146
-0.096088
1.5118
-0.26831
0.20741
0.0020366
-0.21415
-0.0026844
0.0020207
0.69935
-0.51624
0.0073888
-0.0014846
0.80497
-0.0016383
-0.0011954
-0.58528
1.0325
0.0036341
0.0047293
-0.0037943
0.02296
0.0016606
0.001645
-0.0040668
-1.0611
-0.0055166
-0.99961
0.00055579
-0.28643
1.4534
-0.73518
-0.66723
0.0014535
1.2751
0.0016701
-0.0043948
-0.017324
0.0060517
-0.0019689
-0.0051075
-1.0328
-0.0040465
-0.0063786
-1.1505
0.74807
-0.00086564
0.0076846
-0.0065091
1.4026
0.003559
0.15827
-0.0017302
-0.00088266
0.001949
0.0010557
-0.00055519
-0.0056545
-0.003307
0.004212
-0.86857
-0.0059087
-0.0025394
-0.48253
0.0040468
0.0021588
0.0045712
-0.0091337
-0.77135
0.0020786
0.0021355
-0.0096653
0.14086
-0.0047199
-0.0020572
-0.38091
-0.10944
0.0024656
-0.0043095
0.0047589
-0.010165
-0.0036375
0.0087804
0.0050364
-0.0057865
0.0038856
0.31183
0.8119
-0.84308
0.080851
0.048815
-0.0053058
0.0020171
-0.0038073
0.10731
0.0070178
1.1872
1.3253
0.14622
0.16297
7.7067e-05
-0.71399
-0.0034093
0.0048506
0.59777
0.033106
0.0064545
-0.0026226
0.095617
-0.0044606
-0.0015824
-0.022892
0.42822
0.0031625
0.0042633
-0.0025703
0.02684
0.0017415
0.0024649
-0.00088355
-0.68979
-0.0048262
0.65011
0.0022449
1.3454
-0.13971
-0.81986
0.65154
-0.0043827
0.15134
-0.0026617
-0.002804
0.030678
-0.0057121
0.0011569
-0.0034509
-0.77339
-0.0019022
-0.004291
0.76928
0.77546
-0.0056571
-0.0062303
-0.0022084
-0.48446
0.0018863
-1.2167
0.0028639
0.0025789
0.0053062
-0.0012285
0.0037818
-4.999e-06
-0.0026052
0.0034359
-0.87578
0.00052007
-0.0039693
0.30854
-0.0046531
-0.0067679
-0.0073407
-0.0012092
-0.1529
-0.0054372
-0.00070432
0.0092941
-0.02951
-0.0051941
0.0044536
-0.70132
-0.74218
-0.010421
-0.0026205
0.0049982
0.01352
0.0049538
-0.029982
0.0019334
-0.4164
-0.0080506
-0.46924
-0.78417
0.43922
-0.31051
1.4003
-0.00086837
-0.002602
-0.00056494
-0.11892
-0.0060617
0.23163
0.59666
1.6078
-0.18525
-0.0020827
0.47033
-0.0025819
-0.0048934
-1.5933
0.28582
-0.0044968
0.011448
-0.81305
-0.0015504
-0.0041379
0.45286
-0.44899
-0.0019028
0.0013428
-0.0017824
-0.013439
0.0095141
-0.0050716
0.004401
-0.2948
-0.0015762
0.9896
0.00049829
1.2934
-0.32585
0.30201
1.2907
-0.002486
-0.47585
-0.0025572
-0.0031718
0.018407
-0.0072363
0.0030112
-0.0044634
-0.21432
-0.0062852
-0.0076507
1.0328
1.1286
-0.0068188
-0.013551
-0.0060222
-0.99621
0.0034298
-1.2301
-0.010432
0.004674
0.0046536
-2.6895e-05
0.0060007
-0.00069853
-0.00025934
0.0019404
-1.0841
-0.0012065
-0.0061268
-0.14143
-0.0076199
-0.0094288
-0.0077497
-0.00022947
0.27963
-0.0069831
0.00080671
0.01142
-0.033568
-0.0073757
0.0048611
-0.097679
-0.80504
-0.0094836
-0.0038392
0.0058734
0.018868
0.0041886
-0.027725
0.0011714
-0.42567
-0.0078919
-1.0378
-0.52626
-0.030506
-0.57777
1.4128
-0.0016743
-0.0023124
0.00064723
0.84006
-0.0050418
0.03228
0.67203
0.87484
-0.1718
-0.0048945
0.73643
-0.0046492
-0.0043856
-1.3303
-0.092865
-0.0051416
0.013726
-0.25882
-0.0032125
-0.0079518
0.45978
-1.0322
-0.0039997
-2.0887e-07
-3.5491e-06
-0.019965
0.01227
-0.0023678
0.0021445
-0.077639
-0.0061723
0.74831
-0.0028285
-0.18768
-0.67137
1.1282
0.95401
-0.00063257
-1.2747
-0.00083012
-0.0029731
-0.0053182
-0.0051543
0.0018664
-0.0059249
1.1022
-0.0089253
-0.011462
0.83232
1.1798
-0.0068726
-0.010851
-0.0081756
-0.92252
0.0047318
-0.26411
-0.021961
0.0046116
0.0026132
0.0015229
0.0063118
-0.0028756
-0.00084244
0.0011312
-0.90235
-0.0031226
-0.0064134
-0.90211
-0.0084927
-0.0098348
-0.0039855
-0.00076123
0.71357
-0.0059051
0.0016625
0.0042506
-0.02661
-0.0050232
0.0024369
0.76508
-0.54618
-0.006479
-0.0048615
0.0015382
0.0074421
0.00308
-0.0052999
0.0017272
-0.18763
-0.0070783
-0.70565
0.57591
-0.52767
-0.9466
0.66734
-0.004078
-0.0014456
0.0020535
0.90325
-0.0034263
-0.5928
0.19491
-0.69144
-0.0049656
-0.006714
1.0349
-0.0056223
-0.002645
-0.24038
-0.65288
-0.0021212
-0.00081687
0.85423
-0.00051338
-0.008855
-0.06493
-1.1773
-0.0026201
0.00076099
0.0010122
-0.015267
0.010061
-0.0010821
-0.0023371
0.36999
-0.0081718
0.036993
-0.00081524
-1.1381
0.018019
0.46355
-0.37973
-0.00097908
-1.0772
-0.00064044
-0.0039599
-0.022244
-0.0033006
0.0001802
-0.0059644
1.1538
-0.0044937
-0.013676
-0.099973
1.2482
-0.004248
-0.0012769
-0.0067241
0.053441
0.0067171
0.80011
-0.022869
0.0040988
0.0024705
-0.00034282
0.0050125
-0.0033007
-0.0029393
0.005304
-0.63471
-0.0046362
-0.0068695
-1.0584
-0.0069424
-0.0070616
-0.0015755
-0.0061118
0.47232
-0.0019315
0.0028454
-0.011234
0.019366
-0.0043173
-0.00069131
0.61987
-0.5
-0.0049003
-0.0069331
-0.0027334
-0.013593
0.0013793
0.024465
0.0029963
0.1695
-0.0046486
0.54338
1.2954
-0.80661
-1.1865
0.12833
-0.0059319
-0.0017674
0.00011094
0.17235
-0.00075814
-1.1147
-0.39672
-0.9812
0.17316
-0.0038507
1.1272
-0.0054863
-0.0022391
0.33948
-0.69711
0.0013158
-0.021603
1.2535
0.0024208
-0.0084216
-0.84281
-0.5396
0.0063259
0.0037899
-0.0020822
0.011187
0.0061691
-0.0052113
-0.0025992
0.77461
-0.0078048
-0.67589
-0.00023052
-0.50293
1.5905
-0.62324
-1.166
-0.00054956
0.41092
0.0025363
-0.006547
-0.0287
-0.0022123
-0.0011913
-0.0041342
-0.23422
0.0028538
-0.01131
-1.2863
1.0723
-0.0024973
0.0041586
-0.0079592
1.2584
0.0060088
1.0074
-0.018318
0.0015284
0.0013092
0.00069695
0.0044965
-0.0034093
-0.0053687
0.0072831
-0.27522
-0.0052915
-0.0060183
-0.71508
-0.005339
-0.0038357
0.00090468
-0.0085503
-0.33317
0.0012488
0.0044502
-0.019514
0.097408
-0.0065904
-0.0012525
-0.42026
-0.64184
-0.0038229
-0.008127
-0.0019746
-0.020264
0.00060914
0.040425
0.0016181
0.22036
-0.0032993
0.9716
0.98597
-1.1729
-1.0982
0.1328
-0.0070651
-0.00053717
-0.0012453
0.0047908
0.0017788
-0.39894
-0.59587
-0.42665
0.23868
-0.00051694
0.64532
-0.005469
0.0011775
0.22931
0.06935
0.0054778
-0.021226
0.83545
-0.0019426
-0.008378
-1.1254
0.12296
0.014428
0.0061644
-0.0042781
0.039586
0.0027333
-0.0062297
0.00018855
1.0548
-0.0076453
-0.70822
-0.00074555
0.40307
1.9749
-0.82691
-0.88441
0.0019952
1.2811
0.0025371
-0.0070113
-0.020097
-0.00025151
-0.0019991
-0.0032214
-0.98617
0.0052882
-0.0052119
-1.5533
0.60148
-0.0022839
0.0025029
-0.0094892
1.3565
0.0034972
0.523
-0.011942
0.00055861
-0.0012331
0.0019688
0.0039051
-0.0050582
-0.0056664
0.00087928
0.10896
-0.0038437
-0.0048915
-0.35524
-0.0029013
-0.0025959
0.0041736
-0.0069859
-0.60155
0.0015653
0.0039772
-0.012007
0.11448
-0.0086079
0.0011058
-0.90029
-0.53304
-0.0016604
-0.0062395
0.0022984
-0.0093747
-0.0011689
0.031379
0.0017901
0.027183
-0.00016333
0.44407
0.27391
-1.183
-0.83855
0.051275
-0.0061073
0.00084081
-0.0022226
0.24097
0.0045707
0.74773
-0.36486
-0.00037968
0.16863
-0.0013204
0.040471
-0.0045805
0.0043446
0.04548
0.7077
0.0039674
-0.0095256
0.416
-0.0070243
-0.0078774
-0.75009
0.18049
0.010879
0.0030127
-0.0037153
0.040679
0.0002913
-0.0038289
0.0019577
0.97849
-0.007273
-0.0057671
-0.0024859
1.1526
-0.46943
-0.69494
0.81829
-0.0025405
0.20172
-0.00084695
-0.0047749
0.023428
-0.006122
-0.0021454
-0.001076
-0.64589
-0.0055117
-0.0027081
0.80819
0.27864
-0.0039716
0.0010183
-0.0011106
-0.60164
0.001933
-1.0801
-0.0025415
-0.00029286
0.0023565
-0.00033111
0.0049418
-0.00034706
-0.0027536
0.0044422
-0.53809
9.7826e-05
-0.0026623
-0.76126
-0.0067844
-0.0089512
-0.00463
-0.00067174
-0.30264
-0.0043688
0.00064906
0.0052098
-0.0026308
-0.0056286
0.0021124
-0.45911
-0.75924
-0.0090437
-0.0027859
0.0041555
0.0083974
0.0018308
-0.034636
-0.0021914
-0.17788
-0.0078037
-0.33582
-0.56952
0.19976
-0.15979
1.7523
-0.0021365
0.00072345
-0.0011154
0.25969
-0.0031768
0.28774
0.50133
1.1416
-0.13281
-0.0017871
0.31944
-0.0016439
-0.0026092
-1.6395
-0.18258
-0.0041055
0.010433
-0.29254
-0.0028735
-0.0062717
0.81466
0.087053
-0.0057666
0.00066433
-0.0032217
-0.013332
0.0081507
-0.0065159
0.0032861
0.21218
-0.001493
0.17574
-0.0040474
0.82813
-0.69048
0.025421
1.379
-9.1103e-05
-0.29176
-0.001111
-0.0057217
0.016313
-0.005889
0.00044231
-0.0029019
-0.055097
-0.0082818
-0.0054453
0.63366
0.1808
-0.0046789
-0.0057142
-0.0038823
-0.86394
0.0027287
-1.3555
-0.015201
0.00099542
0.0013549
0.00027236
0.0063706
-0.001479
-0.0017936
0.0028739
-0.52559
-0.0011178
-0.0058834
-1.1671
-0.010814
-0.010464
-0.0049531
-0.00035886
-0.14257
-0.0076536
0.0021488
0.006887
0.016227
-0.0075031
0.0020589
0.27213
-0.88142
-0.0093736
-0.0027874
0.003729
0.010848
0.0021559
-0.032207
-0.0014626
-0.17446
-0.0077998
-0.84703
0.0005409
-0.22818
-0.18491
1.9672
-0.00303
0.0026125
0.0022912
0.68749
-0.0028197
0.088429
0.31891
0.59905
-0.1145
-0.0037901
0.38922
-0.0020583
-0.0016899
-1.8914
-0.43454
-0.0030696
0.0073764
0.13496
-0.002744
-0.0098334
1.2234
-0.35564
-0.0074056
0.00060862
-0.0017762
-0.018412
0.012457
-0.0039022
0.0021373
0.80366
-0.0048905
0.37477
-0.0019366
-0.42421
-0.78286
0.78432
1.1346
0.00062987
-1.049
-0.0023459
-0.0066075
-0.00045859
-0.0035485
0.0018763
-0.0043373
0.82129
-0.0061628
-0.0081652
-0.17276
-0.14971
-0.0032278
-0.0091371
-0.0063268
-0.40303
0.0048278
-0.76473
-0.025467
0.0034669
-0.00051881
2.8414e-07
0.0062406
-0.0032844
-0.0031964
0.0037643
-0.054856
-0.001735
-0.0051294
-1.3798
-0.011276
-0.0099541
-0.0052026
-0.0026332
0.197
-0.0071479
0.0028847
-0.0015075
0.034393
-0.0067853
-0.0002484
0.87714
-0.71999
-0.0054511
-0.005342
-0.0016517
0.0017288
0.0024304
-0.0077232
0.0012065
-0.14522
-0.0055546
-0.65589
0.91207
-0.60352
-0.40733
1.264
-0.0030631
0.001059
0.0021804
0.30503
-0.0013114
-0.48228
-0.33333
-0.45138
0.0028856
-0.0061745
0.5952
-0.0025696
-0.0012187
-1.3169
-0.67747
-0.00090733
-0.014774
0.75405
-0.00041679
-0.0095042
1.0589
-1.0175
-0.0024217
0.0013711
-0.0025189
-0.010305
0.010439
-0.0042153
-0.0012397
1.3723
-0.0070106
0.29333
-0.00090183
-0.80692
-0.097142
0.56019
0.099001
-0.00093968
-1.1012
-0.00077909
-0.0060877
-0.016476
-0.0048367
0.0021305
-0.0055836
0.78738
-0.00044579
-0.0090567
-1.1153
-0.25237
-0.0030522
-0.0021005
-0.0071457
0.67197
0.0055522
0.39547
-0.025917
0.003946
-0.0014133
-0.0010571
0.0035947
-0.0032567
-0.0045744
0.0044777
0.44632
-0.0035789
-0.0051172
-1.1235
-0.011037
-0.0079293
-0.0026165
-0.005371
0.14714
-0.0031067
0.0017443
-0.013903
0.059376
-0.0076796
-0.0019981
0.56056
-0.62849
-0.0033988
-0.0071416
-0.0072755
-0.013995
0.0030461
0.019309
-0.00043313
0.0084653
-0.0049556
0.36833
1.1345
-0.78296
-0.67507
0.63064
-0.0051327
-0.0010324
0.0026866
-0.1561
-0.0020149
-0.90098
-1.0672
-0.73106
0.13631
-0.0036546
0.86618
-0.0031194
-0.00010958
-0.71973
-0.41954
0.0013016
-0.036946
0.88715
0.0028155
-0.0085753
0.11671
-0.9935
0.0071049
0.0039172
-0.0039563
0.013412
0.0048775
-0.0079199
2.4616e-05
1.8022
-0.0063839
-0.07578
-0.00046884
-0.069785
1.0735
-0.29909
-0.74035
-0.00029823
-0.023638
0.00066219
-0.0061851
-0.025118
-0.0048385
-0.00025665
-0.0025348
-0.29054
0.0057382
-0.0069322
-1.6104
-0.24459
-0.0028166
0.0048016
-0.0080135
1.278
0.004422
0.93004
-0.022311
0.0014593
-0.0032068
0.00035202
0.0031718
-0.0031968
-0.0045212
0.0021813
0.69021
-0.0038512
-0.0055863
-0.68394
-0.0095749
-0.0050727
0.00026424
-0.0052516
-0.29384
0.00052283
0.0024475
-0.019009
0.09278
-0.0083722
-0.0028294
-0.42892
-0.68547
-0.0048583
-0.0068479
-0.0065901
-0.018721
0.00086971
0.032308
-0.0016048
-0.018161
-0.0036655
0.86855
0.55094
-1.0244
-0.76158
0.39684
-0.0059399
-0.0021943
0.00010161
0.0073727
-0.0018143
-0.41064
-1.4202
-0.4624
0.18701
-0.0035307
0.77821
-0.0039935
8.836e-05
-0.5538
0.33906
0.0030839
-0.03122
0.62001
-0.0011454
-0.0096687
-0.78596
-0.49449
0.013356
0.0026063
-0.0041056
0.035973
0.0007338
-0.010679
0.0031212
2.0119
-0.0071427
-0.33785
-0.001064
0.36042
1.2885
-0.61642
-0.6821
0.00089068
0.85866
0.00099012
-0.0056149
-0.019878
-0.0039133
-0.0016888
-0.00078435
-0.88395
0.0049051
-0.0021992
-1.4276
-0.28198
-0.0019829
0.0038049
-0.0097197
0.93515
0.0029967
0.61357
-0.015588
-1.5808e-05
-0.001853
0.0011442
0.0019069
-0.0034087
-0.0045979
-0.0017954
0.63066
-0.0020501
-0.0049511
-0.37459
-0.0062297
-0.0031977
0.0019562
-0.0034565
-0.41598
0.00087243
0.0020109
-0.011541
0.08693
-0.0073825
6.0956e-05
-0.8593
-0.54
-0.0046343
-0.0045982
-0.0021465
-0.0096477
-1.7466e-05
0.025491
-0.00091441
-0.15158
-0.0022873
0.43018
-0.07286
-0.92221
-0.73167
0.23443
-0.0040399
-0.0013914
-0.00071063
0.20417
-0.0011749
0.39166
-1.1708
-0.27052
0.1251
-0.003805
0.42871
-0.0039678
0.0015829
-0.51092
0.68833
0.00095941
-0.011927
0.31658
-0.0046103
-0.0076378
-0.92217
-0.20822
0.010497
3.9994e-05
-0.0037424
0.032919
-0.0016894
-0.0067635
0.0027997
1.6519
-0.0070241
-0.6015
-0.68708
-0.57331
0.34533
1.3854
1.3491
-0.39206
-0.79018
-1.1868
-0.63238
0.63825
0.97273
0.81547
0.39159
-0.7168
-1.2846
-0.92183
-0.33357
1.2898
1.3961
0.41653
-0.73477
-1.2217
-0.95249
0.63434
0.98212
0.75781
0.062438
-0.58847
-0.6462
-0.014005
0.19537
0.31891
0.25684
-0.057476
-0.29423
-0.0014438
-0.0050257
-0.0069195
-0.0056476
-0.0030579
-8.306e-05
0.0038674
0.00061559
-0.003039
-0.0042186
-0.0018612
0.0010301
0.0095562
0.0074434
-0.00083716
-0.0020708
-0.0003022
0.0017822
0.010278
0.0064194
-0.0014707
-0.0024711
-0.0008697
0.00062263
0.0045772
0.0010749
-0.0029675
-0.0024721
-0.00035472
-0.00063403
-3.2003e-05
-0.001814
-0.0017295
-0.00076496
-7.3112e-05
0.00018095
-0.87216
-0.51169
0.78393
1.0866
0.20629
-0.5647
-0.95182
-0.17283
0.86652
0.65357
-0.55088
-1.0881
-0.21151
0.5279
0.70102
-0.20584
-1.135
-1.0116
0.76892
1.1187
0.30616
-0.84658
-0.99738
-0.32277
1.2799
1.1898
-0.1517
-1.0822
-0.5558
0.34615
1.135
0.81515
-0.36065
-0.82071
-0.12816
0.45075
-0.74625
-0.83106
-0.58826
-0.51847
-0.82789
-0.87593
-0.36256
-0.44299
-0.41281
-0.60798
-0.93247
-0.86515
0.58308
0.57418
0.13865
-0.22361
-0.16691
0.035924
0.5987
0.5491
-0.036161
0.071502
1.0782
1.4173
-0.1295
-0.35516
-0.62753
0.056713
1.5388
1.9019
-0.45771
-0.65915
-0.69487
-0.064483
1.0637
1.2532
-0.21698
0.80495
1.1482
0.33905
-0.65824
-0.75634
-0.14814
1.1289
1.3778
0.1231
-0.9511
-0.91293
-0.31634
0.91075
1.1699
-0.088663
-0.99229
-0.78647
-0.54515
0.57625
1.0716
0.041793
-0.84661
-0.70937
-0.72955
0.305
1.0719
0.40189
-0.65959
-0.83454
-0.677
0.0050492
0.81398
0.56113
-0.35492
-0.60554
0.75309
0.75408
0.0075943
-0.68997
-0.6936
-0.26255
0.6407
0.7678
0.059418
-0.76379
-0.78471
-0.29361
0.17696
0.45224
0.10133
-0.61345
-0.76623
-0.38295
0.24471
0.65417
0.38821
-0.59152
-1.0085
-0.66153
0.67615
1.2548
0.91825
-0.38936
-1.1452
-0.86318
0.77915
1.3068
1.1069
0.068532
-0.77711
-0.63485
-0.0040443
-0.0022599
7.7243e-05
-0.00013878
-6.4551e-05
0.00090311
-0.0026459
-0.0013403
0.0012183
0.00017081
-0.00021273
0.00036413
-0.0032142
-0.0010495
0.00085996
0.0003249
0.00075255
0.001103
-0.0037123
-0.001887
-1.5478e-05
0.0002356
0.0007857
0.0016775
-0.0021334
-0.00032541
0.0018083
0.00026711
0.00034358
0.0023379
-0.00060606
0.00071813
0.0020772
0.00033339
0.0014524
0.0017981
-0.61201
-0.57367
0.11716
0.72606
0.6376
0.065374
-0.66913
-0.79868
-0.14401
0.83053
0.93923
0.32925
-0.4875
-0.83412
-0.52119
0.52355
1.1893
0.84299
-0.16109
-0.6279
-0.95969
-0.21129
1.0312
1.2349
0.12367
-0.46595
-1.2022
-0.96824
0.43666
1.245
0.2406
-0.26473
-0.99647
-1.0849
-0.049833
0.94496
0.0017874
0.0029457
0.0046634
0.0051796
0.0028176
0.00051389
-0.0020015
-0.00038226
0.0017149
0.0027037
0.00013928
-0.0014755
-0.0046147
-0.0040666
-0.0024016
-0.00032239
-0.00062446
-0.0013039
-0.0034639
-0.0037746
-0.0014325
0.00096586
0.00081184
0.00040802
-0.00060847
-0.0014667
-0.00059149
0.00016421
0.0013188
0.0021198
0.00028059
0.00038529
-0.0012162
-0.0018509
-0.00024399
0.00014747
0.0028087
0.0046654
0.0047454
0.0045956
0.0036688
0.0029709
0.0018596
0.0034447
0.0034775
0.0027246
0.0022811
0.00044574
-0.00086054
0.0012565
0.0028241
0.00049244
-0.0019363
-0.0016881
-0.00049093
0.0011365
0.002135
0.00011766
-0.0019648
-0.004115
-0.0021958
-0.001433
-0.00063302
-0.00090924
-0.0048521
-0.0053959
-0.0026306
-0.00322
-0.0040617
-0.003729
-0.004294
-0.0036621
0.01566
0.018394
0.012939
0.0008809
-0.016091
-0.022293
0.023518
0.021361
0.014159
0.0027298
-0.015847
-0.023317
0.028315
0.020545
0.0067671
-0.0021258
-0.013837
-0.01899
0.033551
0.021199
-0.00096582
-0.013713
-0.02255
-0.020361
0.034113
0.022003
-0.0028702
-0.02478
-0.029334
-0.021794
0.026218
0.01812
-0.0021581
-0.017933
-0.025257
-0.018934
-0.0023996
-0.0033253
-0.0023216
0.0018608
0.0051045
0.0046526
-0.00027334
-0.0021183
-0.0015657
0.0032446
0.0093055
0.0096887
0.00087753
-0.0018131
-0.00073155
0.0036908
0.011073
0.010482
-0.0011947
-0.0032726
-0.0025968
0.00075151
0.0066255
0.0082697
-0.0047684
-0.0060464
-0.0037831
-0.0034318
5.2728e-05
0.001246
-0.0055242
-0.0055242
-0.0041681
-0.0023256
-0.0041373
-0.0026049
0.0010204
0.00051021
-0.0025353
-0.0023778
-0.0030419
-0.0021595
0.0037756
0.0043066
-0.00063892
-0.0048671
-0.0050926
-0.0035582
0.0050871
0.0069039
0.0017193
-0.0064726
-0.0058755
-0.0037321
0.0039615
0.005107
0.0021287
-0.0033873
-0.0050081
-0.0015382
0.00023508
0.0031743
0.0038244
0.00088243
-0.0018615
-0.0012722
-0.00078916
0.0022266
0.0047721
0.0019597
2.7091e-05
-0.00060872
0.0048658
0.0070331
0.0078468
0.0072787
0.0034656
-0.00079132
0.0005461
0.0025912
0.0054885
0.0063709
0.0027899
-0.0022712
-0.0046112
-0.0037412
7.2125e-05
0.0039135
0.00038051
-0.0041639
-0.004538
-0.0047225
-0.0019564
-0.00083605
-0.0032787
-0.005218
-0.0016144
-0.0009513
-0.0021366
-0.0025723
-0.0034811
-0.0031025
0.00034647
-0.00018098
-0.0018115
-0.0032759
-0.0019284
-0.00067127
-0.39668
-0.42451
0.38843
1.1028
0.63191
-0.30766
-0.59817
-0.59587
0.52135
1.2251
0.33648
-0.78571
-0.65234
-0.59912
0.63267
1.049
-0.15173
-1.0774
-0.75251
-0.41322
0.91426
1.0922
-0.21982
-1.0064
-0.78856
-0.19167
1.0636
1.0759
-0.23656
-0.94643
-0.67083
-0.058372
0.83537
0.72223
-0.30693
-0.84743
0.0069038
0.0069763
0.0037855
-0.00090937
-0.0031932
-0.003
0.010835
0.011971
0.0063654
-0.0012064
-0.005429
-0.0040911
0.013064
0.011886
0.0022714
-0.0045741
-0.007087
-0.0073979
0.0083694
0.0040999
-0.0044022
-0.0076171
-0.005195
-0.002772
-0.0011725
-0.0054831
-0.0065506
-0.0069125
0.0011226
0.0041706
-0.0056266
-0.0068116
-0.0056742
-0.00024408
0.0026998
0.0034718
0.0001231
0.0045732
0.010471
0.011358
0.012193
0.0090857
-0.0026946
0.0023349
0.0094087
0.011868
0.010928
0.0076306
-0.0052576
-0.0028466
0.0023371
0.0032115
0.0020249
0.00069173
-0.0038945
-0.0046318
-0.0049482
-0.0062559
-0.0070882
-0.0057109
-0.0018049
-0.0039689
-0.0067557
-0.0089976
-0.0090955
-0.0051864
0.00021878
-0.00090381
-0.0045995
-0.0062486
-0.0052984
-0.0017266
-0.084978
0.010723
0.17682
0.30131
0.1494
-0.28839
-0.1789
-0.10619
0.39626
0.76623
0.30028
-0.49668
-0.23014
-0.007664
0.74609
1.0921
0.14171
-0.8341
0.13066
0.61883
1.1976
0.97702
-0.39287
-1.17
0.74738
1.0185
0.81592
-0.11653
-1.2892
-1.4856
0.78288
0.60871
-0.094188
-1.0674
-1.5928
-1.3501
0.30549
0.49626
0.46633
0.17324
-0.17686
-0.32818
-0.48248
-0.76771
-1.035
-1.2203
-1.1864
-0.9152
-1.0184
-1.3191
-1.2907
-1.0228
-0.71166
-0.48643
0.005965
0.30165
0.70216
1.1503
1.2016
0.74738
0.81513
1.1182
1.1823
1.225
1.0812
0.68451
0.31173
0.18044
-0.064424
-0.20206
-0.19515
-0.17696
-0.0012873
0.00069385
0.0042919
0.0049818
0.0040022
0.0023719
-0.001029
0.0015842
0.0044645
0.0063581
0.0070289
0.0041773
-0.003215
-0.0012226
0.0012435
0.0031249
0.0042822
0.0028196
-0.0048324
-0.0057266
-0.0028458
-0.001054
0.00026832
0.00099945
-0.0050779
-0.0047372
-0.0035168
-0.0032659
-0.0031685
-0.0015995
-0.0027852
-0.0023228
-0.0019852
-0.00078691
-0.001509
-0.0019651
-0.0040904
-0.0056529
-0.0024684
0.0086309
0.022963
0.024498
-0.019012
-0.020163
-0.0095182
0.0063528
0.022868
0.023968
-0.027122
-0.027023
-0.01053
0.0067291
0.019477
0.015995
-0.015928
-0.01852
-0.0085163
0.0044514
0.013472
0.0089084
-0.00090279
-0.0096286
-0.010684
0.00096246
0.0059197
0.0029735
0.0037512
-0.0026726
-0.0068013
-0.00048918
0.0036757
0.0014809
0.0061986
0.010191
0.01308
0.009929
0.0042914
-0.00070852
0.0024812
0.0052062
0.0087674
0.0079729
0.0033587
-0.0023247
-0.0027773
-0.003898
-0.0011431
0.0028952
0.0012621
-0.0035179
-0.003496
-0.0052464
-0.0044746
-2.0227e-05
-0.0012101
-0.0039854
-0.00027077
-0.0027123
-0.0038031
-0.0016497
-0.0061803
-0.0070854
0.00072643
-0.0013905
-0.0017608
-0.0037806
-0.0055029
-0.0066629
0.70454
0.76203
-0.084801
-0.87766
-0.57617
0.1786
0.62348
0.45074
-0.53136
-1.1428
-0.47373
0.54333
0.39826
-0.082377
-0.92635
-1.1056
0.034913
1.0782
-0.081262
-0.70543
-1.1914
-0.70637
0.72435
1.3532
-0.51719
-1.0593
-0.93733
0.08438
1.2802
1.3154
-0.60272
-0.87683
-0.31887
0.71589
1.281
0.87398
-0.0011472
-0.0032127
-0.0063622
-0.0063889
-0.0062374
-0.0036352
-0.00086603
-0.0057106
-0.0085115
-0.0081315
-0.0074502
-0.0031824
0.00064122
-0.0030963
-0.0057744
-0.005716
-0.0021883
-7.0818e-05
0.0030005
0.0013269
-4.3186e-05
0.0022619
0.0035202
0.0025436
0.0052944
0.0047762
0.0056983
0.0058536
0.0070008
0.0053289
0.0032395
0.0042477
0.0046949
0.007146
0.0066232
0.004921
-1.0279
0.091642
1.0322
0.82088
0.19592
-0.070381
-1.2331
-0.11436
0.97601
0.755
0.038119
-0.10561
-1.1844
-0.36862
0.79087
0.68265
0.11434
-0.058452
-1.1011
-0.73552
0.4168
0.88025
0.58605
0.15715
-1.1719
-1.2308
-0.28563
0.85023
1.0583
0.5416
-1.0033
-1.3279
-0.72839
0.37563
0.94189
0.72535
0.0057521
0.0095113
0.0096593
0.012446
0.014134
0.010126
-0.0001264
0.0011595
0.0037071
0.012207
0.017422
0.01362
-0.00080104
-0.0031411
-0.00034685
0.00924
0.015782
0.011109
0.0047067
-0.0014367
-0.0047482
0.0007812
0.0054479
0.0017881
0.0049803
-0.0077211
-0.016922
-0.01581
-0.011403
-0.01066
-0.0007574
-0.012706
-0.020888
-0.019908
-0.018331
-0.013926
0.0024873
0.00051334
-0.0048658
-0.0081986
-0.0058401
-0.0040863
0.0047014
1.2355e-05
-0.0075533
-0.01191
-0.010684
-0.0066095
0.0061583
0.0029538
-0.0044435
-0.0067588
-0.006022
-0.0034051
0.0058825
0.0058636
0.0025365
0.00096438
0.0012101
0.00016402
0.0043155
0.0067037
0.0060295
0.0057728
0.004257
0.0017377
0.0021902
0.0031318
0.005131
0.0039003
0.0029307
0.00018868
0.0018169
-0.0044901
-0.0097634
-0.0097746
-0.0071789
-0.0033391
0.0012339
-0.0062064
-0.010363
-0.0086482
-0.0038308
-0.0029256
0.0028339
-0.0023192
-0.0029532
0.00016595
0.0026023
0.0020969
0.0052953
0.0042616
0.0040358
0.0057351
0.0062462
0.0031897
0.0076621
0.0060712
0.0029104
0.0026092
0.0029855
0.0017295
0.0040058
0.0043266
0.0016206
-0.00047555
0.00025941
0.00032966
-0.00043523
-0.0039488
-0.0059423
-0.0048449
-0.0015584
-0.00045128
-0.0028506
-0.0066857
-0.0062187
-0.0032539
-0.00067498
0.0011555
-0.0038335
-0.0050553
-0.0018439
0.002024
0.00303
0.0031936
-0.0038557
-0.0016426
0.0013547
0.0046736
0.0049117
0.0045886
0.00014501
0.0013343
0.0020422
0.0011075
0.0037222
0.0056736
0.0020707
0.0037441
0.002196
5.1927e-05
0.0014188
0.0041529
0.0047359
0.002798
-0.0013924
-0.0048105
-0.0099476
-0.0097077
0.0046633
0.00010196
-0.0051563
-0.0088286
-0.013948
-0.01304
0.0011946
-0.00094885
-0.0037077
-0.0057008
-0.0095725
-0.0082347
0.0010538
0.003139
0.0035289
0.0027451
-0.00045821
0.00064802
0.0033825
0.0065022
0.009346
0.0075398
0.0067366
0.0054941
0.0036239
0.0066193
0.0070937
0.0056652
0.0050785
0.0037646
0.0038161
0.0073614
0.007916
0.006539
0.0023246
-0.0020013
0.0019865
0.0049507
0.0057633
0.0023887
-0.0023077
-0.0055705
-0.0004787
0.00033961
0.0013314
0.00057755
-0.0032982
-0.0068327
0.00056016
0.00025554
0.00081853
-0.0009669
-0.0032525
-0.005971
0.00020511
0.0012245
-0.00030074
-0.0015128
-0.0033901
-0.0050778
0.00060259
-0.00031442
-0.0022123
-0.0024365
-0.0028511
-0.0031562
-0.00014752
0.0032322
0.0058247
0.0051784
0.0021596
-9.2578e-05
-0.00021783
0.0024453
0.0040243
0.0021886
-0.001092
-0.0014954
-0.0017979
0.00010647
0.001491
0.0001112
-0.002491
-0.0020113
-0.0016759
0.00084921
0.0023429
0.0023992
-0.00093231
-0.0014931
-0.0016983
-0.0015429
0.0016501
0.001001
-0.0019244
-0.0025651
-0.0012636
-0.0012281
-0.0010348
-0.0014398
-0.0037345
-0.0035223
-0.0021538
-0.0042213
-0.0050367
-0.007335
-0.011578
-0.0097373
-0.0021142
-0.0033805
-0.0048564
-0.007254
-0.0093095
-0.0077795
0.0014699
-0.00044757
-0.0033444
-0.0011248
0.0015662
0.00041803
0.0039614
0.0026586
0.0011948
0.0050493
0.0070146
0.0044298
0.0057475
0.0039344
0.0046095
0.0080765
0.0072794
0.00092764
0.0062058
0.0046374
0.0054379
0.0069218
0.0037942
-0.0021172
-0.064392
0.29793
0.8822
1.135
0.97575
0.55462
0.48314
1.0537
1.4002
1.2159
0.75265
0.29547
0.45024
0.54227
0.28597
-0.32309
-0.71947
-0.68502
-0.32122
-0.72776
-1.0703
-1.4247
-1.2953
-0.81147
-0.87134
-1.0889
-0.9057
-0.62805
-0.23437
0.14184
-0.63622
-0.54332
-0.061369
0.43767
0.6587
0.57424
0.0062136
0.0060701
0.0051619
0.0014625
-0.0014533
-0.0021973
0.0047774
0.0047717
0.004709
0.0024953
-0.0013305
-0.0040113
0.0022654
0.0021245
0.00067337
-0.00048254
-0.0038089
-0.0052654
0.00086487
0.00081555
0.00045713
-0.0024817
-0.0054919
-0.0052115
0.00043056
0.00043501
-0.00058067
-0.0022946
-0.0054475
-0.0044081
0.00061868
0.00029372
-0.00052783
-0.0014761
-0.0015975
-0.0011816
-0.0016274
-3.01e-05
0.0014314
0.003418
0.0037261
0.0018525
0.00038203
0.0021429
0.0038468
0.0043629
0.0050063
0.0026807
0.0022569
0.0032597
0.0034137
0.0037579
0.0037603
0.0030217
-9.3661e-05
-0.0015311
-0.0013906
-0.00039249
0.00018017
0.0008544
-0.002373
-0.00449
-0.0050957
-0.0042333
-0.0042635
-0.0031717
-0.0030367
-0.003277
-0.0038496
-0.0041542
-0.0053776
-0.0038437
-0.4969
-0.29832
0.098131
0.40457
0.48657
0.27114
-0.14274
0.28726
0.59822
0.73182
0.51028
0.092203
0.96072
1.3412
1.1203
0.60802
-0.02055
-0.39066
1.3298
1.3477
0.58895
-0.15506
-0.50668
-0.52681
0.2819
-0.20781
-0.89046
-1.0298
-0.71203
-0.35001
-0.7115
-1.1083
-1.3242
-1.1014
-0.65442
-0.28316
-0.0061233
-0.0109
-0.0091975
-0.00088488
0.0082876
0.0077004
0.00049621
-0.0035651
-0.00313
0.0011838
0.0088564
0.0094252
0.0082897
0.0080902
0.0071754
0.0057341
0.0086865
0.0078974
0.0062233
0.0057012
0.0041729
0.0040812
0.0060484
0.0058837
-0.0031269
-0.0060146
-0.0076654
-0.0060756
-0.0037615
-0.0013083
-0.0069349
-0.010217
-0.011736
-0.01017
-0.0077325
-0.0053338
-0.0037048
-0.0045593
-0.0016422
0.0026078
0.0039131
0.00093648
-0.0015587
-0.002036
0.0015979
0.0064802
0.0060636
0.0028292
0.0021205
0.0036995
0.0048509
0.009712
0.010623
0.0070734
-0.00057468
0.00048132
0.00057257
0.0042708
0.0079785
0.006189
-0.005834
-0.0072105
-0.0065016
-0.0044835
-0.0013534
0.00040641
-0.0072275
-0.0091853
-0.0082233
-0.0069013
-0.0053854
-0.0034003
-0.0032353
0.0005275
0.0032367
0.003681
0.0041973
0.0045798
-0.0058783
-0.003942
0.0008438
0.003227
0.0045617
0.0067498
-0.0081018
-0.0063954
0.00047757
0.0028393
0.0049218
0.0062352
-0.008101
-0.0062206
-0.0016673
0.0020649
0.0051359
0.0059002
-0.0042457
-0.0057655
-0.0025296
-8.9269e-05
0.0032686
0.0044198
-0.0033262
-0.0037532
-0.0037961
-0.0010707
0.00074465
0.0028656
0.0045987
0.0051348
0.0035864
0.0011281
0.0012409
0.0022657
0.0022439
0.0053228
0.0037529
0.0011606
0.00038523
-0.00040093
-3.2791e-05
0.0022236
0.0038363
-0.00033767
-0.0050663
-0.005829
-0.0013013
0.0027725
0.0027014
-0.0018651
-0.0076685
-0.0076883
-0.00026488
0.0020876
-0.00012426
-0.0020633
-0.0065038
-0.0053673
0.00074512
0.00072118
0.00093638
-0.0021103
-0.0021541
-0.0015204
0.75938
0.27101
-0.55716
-1.0052
-0.96528
-0.62894
1.2003
0.94411
-0.087985
-0.82376
-0.99226
-0.74464
1.0505
1.176
0.71532
-0.072172
-0.70624
-0.79567
0.47254
0.84744
1.0019
0.43622
-0.49132
-0.76422
-0.11461
0.30228
0.71143
0.43255
-0.34125
-0.59123
-0.33793
-0.18387
0.22342
0.15879
-0.3349
-0.42311
-0.00061985
-0.0014383
-0.0015151
0.00048681
0.002637
0.0016087
0.00020852
0.00096077
0.0021214
0.0018222
0.0022862
0.0035103
0.0011303
0.0044449
0.0038245
0.00093161
0.0011468
0.001993
-0.0004611
0.0014841
0.00094043
0.00062148
0.0011829
0.0015748
-0.0044278
-0.0047185
-0.0056021
-0.0021847
0.0004181
0.00080829
-0.0045367
-0.0050543
-0.005817
-0.0021681
0.00035432
0.00098676
0.0013256
-0.0018787
-0.0070051
-0.0084851
-0.0048947
-0.0019505
0.0013988
-0.0018483
-0.0076098
-0.009106
-0.0043729
-0.0023866
6.0163e-05
-0.001459
-0.0033462
-0.0031814
0.0005789
0.0021147
-0.0010666
-0.00066357
-0.00048967
0.0020973
0.0058975
0.006085
0.00088978
0.0021321
0.0030448
0.0023848
0.0065393
0.0062436
0.0012778
0.0030996
0.0031462
0.0031977
0.005112
0.004701
0.00070678
0.0025786
0.0067447
0.0022961
-0.0079823
-0.010152
0.0039156
0.0082696
0.0094482
-0.002748
-0.017852
-0.0177
0.0071395
0.014075
0.01126
-0.0028065
-0.016138
-0.014723
0.0089439
0.015228
0.011981
-0.00052073
-0.010944
-0.0082672
0.012452
0.013742
0.0072812
-0.0071477
-0.012028
-0.006182
0.010663
0.01116
0.0024075
-0.0073806
-0.010446
-0.004676
-0.14176
-0.1886
-0.10367
0.055012
0.17889
0.17477
-0.16824
-0.22894
-0.15196
0.035512
0.21054
0.21636
-0.11562
-0.17624
-0.16073
-0.032574
0.14219
0.18389
-0.064978
-0.10646
-0.11575
-0.048914
0.083278
0.13481
-0.034867
-0.041729
-0.031505
0.014306
0.090881
0.10931
-0.010268
0.0078418
0.034778
0.058348
0.086812
0.081872
-0.0022764
-0.0031531
-0.0012446
0.003273
0.00525
0.0033625
0.0012463
-0.0015182
-0.0004517
0.0048119
0.0060787
0.0038589
0.0035878
0.0020599
0.0035225
0.0062675
0.0064414
0.0021628
0.0006857
0.00048673
0.003981
0.0049665
0.0028633
0.00068063
-0.0039121
-0.0053385
-0.0041579
-0.0012309
-0.0028978
-0.0049552
-0.005174
-0.0060788
-0.0059673
-0.0048521
-0.0056701
-0.0049203
0.00058097
0.0032546
0.0037648
0.00054977
-0.001734
-0.0015759
-0.0011361
0.001087
0.0016088
-0.0022837
-0.0058589
-0.0037522
-0.0019013
-0.0011423
-0.0016503
-0.0044068
-0.0077049
-0.0052445
0.0014011
0.0033843
0.00097853
-0.0024999
-0.0038042
-0.001877
0.0044807
0.0072262
0.0036566
0.00061598
-0.0013122
0.0013221
0.0040418
0.0046728
0.002723
-0.00032609
-0.00029044
0.00036544
-0.11154
-0.70471
-0.96545
-0.097975
1.1069
1.215
-0.31212
-0.9074
-0.93436
0.28826
1.3983
1.1651
-0.54795
-0.81883
-0.44353
0.47917
0.91618
0.45523
-0.74623
-0.55076
0.1573
0.49312
0.11807
-0.32483
-0.7113
-0.083079
0.71301
0.58175
-0.37492
-0.81661
-0.48769
0.25903
0.84303
0.5175
-0.39564
-0.76753
0.083813
0.40805
0.816
1.1328
1.2342
0.89509
-0.24872
0.028607
0.53497
1.0745
1.3529
1.1239
-0.55527
-0.44136
0.023941
0.48923
0.70739
0.63162
-0.63487
-0.64171
-0.27955
-0.08374
-0.10516
-0.050444
-0.73753
-0.82711
-0.56929
-0.46053
-0.58003
-0.4992
-0.74196
-0.84641
-0.66266
-0.58341
-0.62692
-0.46766
-0.003095
0.00099488
0.0059983
0.007876
0.0075819
0.0043185
-0.0043923
-0.00046524
0.0045824
0.0080731
0.0089668
0.0066906
-0.0038644
-0.0027032
0.00081173
0.0026346
0.0062666
0.0061025
-0.0056417
-0.0048011
-0.0027152
-0.00043315
0.0014715
0.0028822
-0.007335
-0.0067918
-0.0030425
-0.0021597
-0.0012674
-0.0018193
-0.0083606
-0.006636
-0.0033273
-0.001598
-0.0036019
-0.0025424
-0.0010085
4.5971e-05
0.0021552
0.0035395
0.0082674
0.0085031
-0.002455
-0.00025441
0.0021374
0.0039912
0.0078311
0.0079658
-0.0032844
-0.0019639
0.0024015
0.0029791
0.0030575
0.00042799
-0.0030291
-0.0021411
0.0011058
0.00061377
-0.0019462
-0.0052871
-0.0015716
-0.0015503
-0.0007972
-0.0032695
-0.005534
-0.0060287
-0.00087595
-0.00022331
-0.0020884
-0.0038841
-0.0054035
-0.0041612
-0.00041224
-0.0042531
-0.006237
-0.0056786
-0.0070576
-0.0046852
-0.0024279
-0.006277
-0.0066155
-0.0045703
-0.0058529
-0.0035423
-0.0020784
-0.0039508
-0.00097107
0.0012018
0.0021652
0.0019036
0.0020966
0.0013469
0.0028536
0.0055551
0.0070004
0.0073702
0.0080121
0.0050982
0.003073
-0.0021875
0.0024511
0.0073008
0.0068256
0.0053318
0.00068317
-0.0038727
-0.0028191
0.0020014
0.0056508
0.0087317
0.0098904
0.00018843
-0.012152
-0.012652
0.0032089
0.0087079
0.010238
4.9881e-06
-0.016833
-0.018427
0.0056593
0.0099586
0.011601
0.0011752
-0.012265
-0.015183
0.012027
0.016743
0.01325
-0.002047
-0.012095
-0.0080153
0.016774
0.019296
0.0092175
-0.012653
-0.016871
-0.0066715
0.011027
0.012807
0.0029096
-0.012373
-0.017302
-0.0067626
0.0034896
0.0013298
-0.0054421
-0.0084191
-0.0064775
-0.0032853
0.0055143
0.002191
-0.0064423
-0.010689
-0.0089851
-0.0055508
0.0056269
0.0036487
-0.0027392
-0.0059222
-0.0072019
-0.0047735
0.0061011
0.0050503
0.0019204
-0.0014221
-0.0015071
-0.0021071
0.0055187
0.0053685
0.0044406
0.0033463
0.0030445
0.00037406
0.0039186
0.0047074
0.0042983
0.0033427
0.0043552
0.0010817
-0.017747
-0.012103
0.00607
0.017015
0.014865
0.009663
-0.02135
-0.01394
0.0042479
0.013392
0.0078305
-0.0010818
-0.017257
-0.013358
-0.0042997
-0.0025894
-0.0078144
-0.0092865
-0.018096
-0.015664
-0.0045384
0.006831
0.012495
0.0089933
-0.028606
-0.02608
-0.0043017
0.02388
0.039937
0.035161
-0.031124
-0.028227
-0.0070503
0.019376
0.035209
0.030532
-0.0018648
-0.0070285
-0.0089922
-0.0082152
-0.0035446
-0.0004436
0.0017075
-0.0040975
-0.008534
-0.0079756
-0.0035985
0.00012994
0.0064285
0.00099603
-0.0035297
-0.0028007
0.0024483
0.0044056
0.0043671
0.0023856
0.00019866
0.002517
0.0072868
0.0076211
0.0029184
0.0012828
0.00057156
0.0024896
0.0059607
0.0051122
0.0010847
0.00085885
0.00094168
0.0007665
0.0016295
0.00086578
1.9192
2.0696
1.3967
0.63219
0.23662
-0.011346
1.4837
1.2675
0.35072
-0.30312
-0.46298
-0.37152
-0.30972
-0.79353
-1.0284
-0.91482
-0.75199
-0.48151
-0.84951
-1.1037
-0.78896
-0.29301
-0.061062
0.015014
-0.4554
-0.45049
-0.18566
0.20114
0.24653
0.075832
-0.18856
-0.17705
-0.12166
0.044097
-0.072347
-0.23621
-0.0021613
-0.0026861
0.00014429
0.00096942
0.0036042
0.0039851
0.00012314
0.0012333
0.0012767
0.0035182
0.0075053
0.0085065
0.0031293
0.004751
0.0030972
0.002686
0.0074841
0.0084731
0.0015073
0.0014303
-0.00096998
-0.00036414
0.0034685
0.0047073
-0.0054267
-0.0060938
-0.0049243
-0.0063545
-0.0035972
-0.00040145
-0.0061896
-0.006451
-0.0053965
-0.0049706
-0.0055802
-0.0031736
-0.44976
-0.65513
-0.21401
0.62866
0.87127
0.47201
-0.53089
-0.85659
-0.43317
0.73605
0.96621
0.40215
-0.55758
-0.98731
-0.55167
0.64603
0.85772
0.30774
-0.55515
-1.0273
-0.62697
0.61772
0.84078
0.30256
-0.49076
-1.0158
-0.69066
0.55525
0.95914
0.45364
-0.25582
-0.78029
-0.58847
0.32972
0.82273
0.54408
-0.15324
-0.39201
-0.89861
-1.0375
-0.37235
0.32698
-0.2727
-0.71262
-1.1927
-0.88186
0.2717
0.86055
-0.46423
-0.95466
-0.95749
-0.12889
0.9916
1.1585
-0.74995
-0.95037
-0.26226
0.77753
1.1867
0.81945
-0.86647
-0.50373
0.61073
1.2943
1.0175
0.33632
-0.6506
0.025289
0.98685
1.141
0.6046
0.062643
1.059
1.2411
0.77749
0.45478
0.41593
0.37509
1.0853
1.0338
0.43495
0.21187
0.34016
0.28485
0.77145
0.41949
-0.13854
-0.26526
-0.225
-0.24746
0.61675
0.15709
-0.32762
-0.5379
-0.76842
-0.8445
0.41169
-0.07005
-0.54864
-0.79406
-1.1178
-1.1519
0.18134
-0.2115
-0.58971
-0.77596
-0.97929
-0.84166
-0.39497
-0.57365
-0.60426
-0.53802
-0.48385
-0.369
0.25204
0.5484
0.82687
1.0027
1.0822
0.82826
0.60591
0.89532
1.1343
1.2506
1.4161
1.1755
-0.020076
-0.11622
-0.3245
-0.3993
-0.11256
0.056835
-0.33086
-0.60036
-0.92318
-1.161
-1.0672
-0.81613
-0.16783
-0.18744
-0.30057
-0.62695
-0.7489
-0.67746
-0.12681
-0.3988
-0.50788
-0.3667
-0.11248
0.028783
-0.5501
-0.89194
-0.946
-0.75507
-0.26956
0.031725
-0.97738
-1.2227
-1.0887
-0.7492
-0.23269
0.045703
-0.25116
-0.4065
-0.54999
-0.44563
0.012308
0.14013
1.3733
1.4094
0.72758
0.16522
0.22416
0.13432
1.7093
1.8869
1.2504
0.6625
0.45148
0.22629
0.0024909
0.0011596
-0.0013117
-0.0014807
0.0016357
0.0027673
0.0053633
0.0063623
0.0025767
0.00031487
0.0010912
0.0019725
0.0069775
0.0082278
0.0050923
-0.00029772
-0.0031482
-0.0023086
0.0039895
0.0049091
0.0018632
-0.0034791
-0.0060966
-0.0052817
-3.3238e-05
0.00043228
-0.0020656
-0.0048984
-0.0072323
-0.0054955
-7.1845e-05
-0.00066426
-0.0024288
-0.003426
-0.0050738
-0.0032285
0.0027001
0.0068499
0.0085087
0.0034521
-0.0054929
-0.0070367
0.00030156
0.0042519
0.0058323
0.0023695
-0.0051521
-0.0071469
-0.0025314
-0.0011669
0.0009867
0.0025922
0.00013096
-0.0021938
-0.004265
-0.0031834
-0.00079847
0.001958
0.0017259
0.00018986
-0.0020544
-7.0006e-05
0.00054092
0.00035473
-0.00054571
-0.0016672
0.00084025
0.0011304
0.0013745
-0.00059899
-0.0027115
-0.0033136
0.0014908
0.0004177
-0.0013887
-0.0020836
-0.00339
-0.0029331
0.0021347
0.0028808
0.00069702
-0.0027621
-0.0044991
-0.0042225
0.0040886
0.0049263
0.0025059
-0.0021337
-0.0056071
-0.0045028
0.0023487
0.0048613
0.0030728
-0.0021276
-0.0047856
-0.0042016
0.00012874
0.0032052
0.0035096
0.0011484
-0.0023902
-0.001857
-4.2954e-05
0.0013737
0.0040266
0.0020125
0.00096642
-7.4841e-05
-1.3757
-1.6274
-0.76641
0.11578
0.33481
0.16145
-1.7257
-1.4659
0.082874
0.88167
0.68681
0.3285
-1.631
-0.68409
1.001
1.0512
0.37591
0.1304
-1.0548
0.32036
1.2585
0.64921
0.057675
0.076813
-0.15483
0.81381
0.89039
0.18841
0.076545
0.29232
0.28209
0.68633
0.32075
-0.20382
0.0015094
0.25568
-0.0011715
-0.00035876
0.0022962
0.0012959
-0.0041656
-0.0054245
-0.0018403
0.00099438
0.0031513
0.0033761
-0.0011085
-0.0035557
-0.0025887
-0.00064515
0.0039517
0.004455
0.0048225
0.0038624
-0.0048874
-0.0027204
-0.00040401
0.0031984
0.0065591
0.008387
-0.0037696
-0.0025438
-0.00042772
-0.0015825
0.0028361
0.0041169
-0.0028876
-0.0012809
-0.00092412
-0.0018108
-0.0025912
-2.278e-05
-0.00048708
-0.48189
-1.113
-0.53526
0.97536
1.5313
0.1229
-0.38647
-1.16
-0.89501
0.9311
1.8466
0.32582
-0.072228
-0.81835
-1.0015
0.47532
1.5877
0.33403
0.091684
-0.54568
-1.0162
-0.030515
1.1679
0.20899
0.028699
-0.52697
-1.0661
-0.3666
0.80449
0.26947
0.1027
-0.47023
-0.88236
-0.41173
0.48045
-0.4098
-0.6964
-0.92942
-1.0795
-0.98028
-0.73509
-0.53963
-0.87451
-0.98544
-0.79824
-0.39474
-0.098812
0.076657
0.17335
0.38528
0.94323
1.3929
1.3135
0.65595
0.96635
1.0074
1.1551
1.4215
1.2203
0.61366
0.66746
0.17955
-0.37495
-0.55319
-0.40296
0.50615
0.31839
-0.27896
-0.97164
-1.2976
-1.0935
0.94232
0.51651
-0.44184
-0.7109
-0.55221
-0.32954
1.2722
0.63322
-0.67031
-0.89723
-0.49855
-0.25182
1.481
0.63248
-0.80446
-0.91709
-0.32381
-0.023317
1.5986
0.73874
-0.83232
-0.98082
-0.3246
0.11066
1.548
0.85882
-0.63874
-0.97945
-0.41946
-0.0088599
1.1101
0.5866
-0.45325
-0.75815
-0.47476
-0.22597
-0.1114
-0.14934
-0.10058
0.014145
0.11354
0.12735
-0.16631
-0.21608
-0.14283
0.017416
0.15157
0.1575
-0.18347
-0.21631
-0.11082
0.049033
0.16706
0.15969
-0.19558
-0.1944
-0.043991
0.12576
0.20414
0.15798
-0.18242
-0.17011
-0.0054446
0.16664
0.23488
0.1637
-0.1258
-0.11128
0.00077051
0.13038
0.18192
0.12795
-0.0025664
0.0013592
0.0047433
0.0029936
-0.0022073
-0.0038369
-0.0021337
0.0029868
0.0049278
0.0029711
-0.0017906
-0.0037185
-0.0010379
0.0023196
0.003576
0.0039923
0.0045592
0.00086756
-0.00087584
-0.00019749
-3.3598e-05
0.0039622
0.005908
0.0026971
-0.0019648
-0.0036943
-0.0038839
0.0015124
0.0010314
-0.0020144
-0.00086315
-0.0038642
-0.0049825
-0.0015315
-0.0024611
-0.0047701
-1.0006
-1.268
-1.1208
-0.87916
-0.77171
-0.57089
-0.55436
-0.72766
-0.71922
-0.73233
-0.82267
-0.8029
0.53182
0.62637
0.42028
-0.12084
-0.73476
-0.92173
0.7829
1.1223
1.0888
0.64631
-0.18066
-0.66648
0.51087
0.74151
1.0089
1.1288
0.65983
0.0083498
0.3454
0.37915
0.61868
0.90225
0.77097
0.3163
0.0056155
0.0078424
0.0080706
0.0066768
0.00043048
-0.0032978
0.0034316
0.0057835
0.0085373
0.0067814
0.0012036
-0.0036894
-0.00070365
-0.0011897
0.0005132
0.0019636
-0.00046311
-0.003485
-0.0035468
-0.0042045
-0.0030404
-0.0025604
-0.0027295
-0.0028855
-0.0026657
-0.0030558
-0.0038911
-0.0034825
-0.0043552
-0.0041405
-0.00038347
0.00049981
-0.00014487
-0.0014115
-0.0027672
-0.0027299
-0.0025554
-0.0020917
0.0017379
0.0029765
0.0019857
0.0015775
-0.0046005
-0.0040498
0.00010188
0.0041384
0.0046038
0.0047969
-0.0063639
-0.0061465
-0.001617
0.0018636
0.0069103
0.0068255
-0.0050224
-0.0062506
-0.0039769
-0.00077144
0.0046221
0.0077592
-0.0031363
-0.0038513
-0.0026233
-0.0026893
0.0036345
0.0056505
-0.0015598
0.00034604
-0.00077942
-0.00061869
0.00066178
0.0035455
0.4896
-0.19405
-0.74189
-0.54082
0.10583
0.29078
1.0549
0.65669
-0.29679
-0.54962
-0.078081
0.22442
1.1124
1.4931
0.90886
0.17173
0.14598
0.39667
-0.073049
0.71393
1.2077
1.0008
0.64079
0.58688
-1.5184
-1.2667
-0.20673
0.32703
0.21795
0.073202
-1.5657
-1.7669
-1.2312
-0.75888
-0.62327
-0.54494
0.7671
0.98845
0.82619
0.028414
-0.98353
-1.1272
0.90824
1.1923
0.92774
-0.069498
-1.1891
-1.1947
0.96061
1.042
0.50124
-0.41862
-1.039
-0.78554
0.87123
0.58703
-0.1431
-0.6859
-0.56204
0.015875
0.34041
-0.095278
-0.63905
-0.71032
0.041803
0.66905
-0.14664
-0.3982
-0.64275
-0.48049
0.23217
0.70079
-0.0012831
-0.0034382
-0.0025564
-0.00087897
0.00020147
0.00019691
-0.001327
-0.0028086
-0.0041976
-0.0018316
0.0015844
0.0014891
-0.00077882
-0.0042506
-0.0042367
0.00032741
0.0056263
0.0066059
-0.0020563
-0.0049039
-0.0032206
0.0026405
0.007863
0.0079126
-0.0027317
-0.0029732
-0.00061537
0.0015394
0.0057112
0.0045836
-0.0015247
-0.0015861
0.00025898
0.0027709
0.0018363
0.0010384
-0.0064017
-0.0070631
-0.011996
-0.02219
-0.031698
-0.030755
0.0032024
0.0065035
0.0065163
-0.0070664
-0.024707
-0.025852
0.015283
0.026512
0.033489
0.021367
-0.00088122
-0.0074758
0.014775
0.025663
0.030323
0.019097
0.0016838
-0.0035754
0.015173
0.02219
0.010875
-0.011518
-0.017553
-0.0086256
0.016843
0.016729
-0.0042139
-0.027338
-0.024822
-0.0088142
0.20565
0.072848
-0.55745
-1.2263
-1.4626
-1.1345
0.012743
0.042793
-0.089475
-0.57029
-1.0691
-1.0121
-0.54459
-0.22073
0.64589
0.84444
0.15192
-0.38506
-0.93634
-0.43209
0.83178
1.3005
0.78246
0.10287
-0.73526
-0.18672
0.87898
1.2087
0.81297
0.39465
-0.26072
0.15212
0.80048
0.87549
0.60919
0.3338
0.0008891
-0.0032675
-0.005033
-0.0018778
0.002493
0.0038015
0.0033147
-0.00038689
-0.003809
-0.0013382
0.0030402
0.0027056
0.0042529
0.00055598
-0.00079902
-0.00051665
0.00051609
-0.00035393
0.0015864
-0.00047965
0.00077631
0.0024168
-0.0001612
-0.0033279
-0.0022096
-0.0029064
0.00060998
0.0049208
-0.00080776
-0.004838
-0.0032066
-0.0026522
0.0022518
0.0040419
0.0011009
-0.0030552
-0.0036192
-0.0043891
-0.0029913
0.0018498
0.0073352
0.0082172
0.0025352
0.00067316
0.00073132
0.0039155
0.0095889
0.010103
0.0076318
0.0074665
0.0050489
0.003885
0.0053113
0.0063675
0.006021
0.003644
0.00068176
-0.0011811
-0.0012312
0.00030757
-0.0019227
-0.0047971
-0.0067229
-0.0074579
-0.0078291
-0.0058225
-0.0045471
-0.0074191
-0.0090828
-0.007436
-0.0094679
-0.0070056
-0.14112
0.34109
1.221
1.4799
1.033
0.23391
-0.63168
-0.43809
0.39296
1.1201
1.0658
0.54127
-0.91333
-1.1807
-0.86884
-0.17898
0.38527
0.47418
-0.42765
-0.86143
-1.0999
-1.0384
-0.555
0.037764
0.46819
0.46274
-0.027623
-0.78391
-1.0982
-0.74229
0.73105
1.1251
0.98669
0.1299
-0.79727
-0.93902
0.91751
1.2868
0.72782
-0.15201
-0.85567
-0.91714
0.40127
1.1526
1.4068
0.85038
-0.34548
-0.90649
-0.80391
-0.20903
1.0012
1.5207
0.76067
-0.18395
-1.1045
-1.1783
-0.28926
0.90348
1.0101
0.36012
-0.40647
-0.99176
-1.1511
-0.44301
0.22534
0.22014
0.077378
-0.38009
-1.0079
-1.0167
-0.51983
-0.1077
0.0017295
-0.0059371
-0.011015
-0.0062395
-0.00012467
0.0024122
0.0043383
-0.0030063
-0.010336
-0.0091849
-0.0035526
-0.001471
0.0057385
0.0013575
-0.0075374
-0.0065568
-0.0035438
-0.0015344
0.0022292
3.5494e-05
-0.0024295
-0.00083234
0.0036744
0.0035861
-0.0040497
-0.0040908
-0.0014454
0.0071189
0.014605
0.013105
-0.0053394
-0.0063978
-0.00051983
0.0070821
0.015083
0.011921
-0.0026518
-0.00077008
0.0031163
0.0015426
-0.0048509
-0.0065855
-0.0024915
-0.0010806
-0.00093591
-0.0028792
-0.0061726
-0.0072454
-0.0010954
-0.0030733
-0.0034976
-0.0035054
-0.00089547
9.9804e-05
0.0011015
-0.0016392
-0.0024674
0.0016411
0.0062694
0.0049325
0.0021525
0.0010926
0.0014467
0.0043598
0.0069724
0.0052519
0.0015952
0.0012356
0.0023047
0.0043307
0.0036389
0.00092489
-0.00099962
0.0015484
0.0026407
0.0019621
0.0015089
0.0015967
-0.0010295
0.00010609
0.00030489
-0.0020146
-0.001416
0.0015731
-0.0011458
0.0013906
2.3631e-05
-0.0013117
-0.0017104
7.6777e-06
0.0003603
0.0023113
0.0021365
0.0010117
0.00053275
0.00052658
-0.00057911
0.00069096
0.0013363
0.0003472
-0.0012519
-0.0016263
-0.0027603
-0.0024966
-0.0011265
-0.0011612
-0.002627
-0.0025052
-0.014122
-0.022111
-0.018068
-0.00032995
0.012429
0.011553
-0.016227
-0.024951
-0.020739
-0.003794
0.0097612
0.010628
-0.012816
-0.018822
-0.015764
-0.0062927
0.0073989
0.012964
-0.014137
-0.017354
-0.012825
0.0022563
0.022355
0.027509
-0.017005
-0.019622
-0.011103
0.014674
0.039888
0.042201
-0.013832
-0.014635
-0.004757
0.01548
0.037215
0.033884
-2.5374e-05
0.00025034
-0.0023925
-0.01039
-0.013046
-0.0081028
-0.0034909
-0.0030293
-0.0055511
-0.011996
-0.013473
-0.0060049
-0.0040968
-0.0058467
-0.006737
-0.0083382
-0.0049872
-0.0013387
0.00036766
-8.6672e-05
-0.00024894
0.00062819
0.0023717
0.0029255
0.0087215
0.011605
0.010656
0.0067252
0.0052329
0.0038978
0.010191
0.013183
0.011455
0.0071985
0.0046443
0.001994
-0.0014089
-0.0018682
-0.0012612
0.003099
0.0046314
0.0025286
-0.0007695
-0.0025428
-0.00080673
0.0028812
0.0042807
0.0023126
-0.00027718
-2.5725e-05
0.002529
0.0056251
0.0064189
0.0036481
-0.0017479
0.00076197
0.0037931
0.0041822
0.0047798
0.0044248
-0.0031436
-0.0011737
0.00043601
-0.0032327
-0.0040743
-0.0010763
-0.0045493
-0.0033324
-0.002779
-0.007477
-0.0096998
-0.0048836
-0.0044119
7.5656e-05
0.0041482
0.0043361
0.0016113
0.00204
-0.0054966
-0.001648
0.0017914
0.0014879
-0.00036124
0.0016223
-0.003402
-0.0029199
-0.0021488
-0.0043543
-0.004275
-0.0012293
0.00076915
-0.0017277
-0.0036767
-0.0052744
-0.0039709
-0.0010213
0.0072074
0.0035736
0.00025381
-0.0040562
0.00062149
0.0026158
0.0051923
0.0052477
0.00096465
0.0012622
0.0018692
0.0019353
-0.19506
-0.13514
0.082896
0.28842
0.1957
0.031704
-0.025099
-0.1365
-0.18552
-0.20067
-0.44199
-0.56048
-0.21678
-0.47725
-0.85869
-1.2263
-1.4163
-1.1469
-0.60694
-0.77429
-0.89457
-1.0327
-0.95901
-0.595
-0.30603
-0.11748
0.41858
0.86024
1.1205
1.0513
0.225
0.76508
1.4044
1.7539
1.9096
1.6001
-0.0024807
0.00431
0.01233
0.013117
0.011865
0.0085786
-0.00438
0.00098592
0.0083137
0.0091657
0.0095573
0.0057781
-0.0051543
-0.0033948
-0.001484
1.3161e-05
-0.00056105
-0.001455
-0.0020509
-0.004115
-0.0057462
-0.0054583
-0.0053596
-0.0064416
0.0019058
-0.0023711
-0.0051897
-0.0038123
-0.0064751
-0.0078133
0.00077494
-0.00059922
-0.0030792
-0.0033826
-0.0055928
-0.0057212
-4.9186
-4.5712
-4.9143
-4.9358
-5.2865
-5.1643
-4.5734
-5.0162
-4.5737
-4.5703
-4.5706
-4.5717
-4.5713
-4.5733
-5.0969
-4.571
-4.5695
-5.377
-4.9991
-4.5736
-4.5679
-4.5709
-5.1852
-4.573
-5.1972
-4.5656
-4.5731
-4.5715
-4.572
-4.5738
-4.5731
-4.5727
-4.5751
-4.9931
-4.573
-4.5735
-5.1887
-4.5721
-4.5739
-4.5725
-4.5709
-5.1032
-4.572
-4.5739
-4.5695
-4.6731
-4.5707
-4.5732
-4.9576
-5.008
-4.5717
-4.5699
-4.5691
-4.5647
-4.5726
-4.563
-4.5733
-4.922
-4.5725
-5.1642
-5.3736
-5.0567
-5.0488
-4.9122
-4.572
-4.5743
-4.5731
-5.5752
-4.5726
-4.9066
-5.1668
-5.0372
-4.6292
-4.5746
-5.2713
-4.5716
-4.5711
-5.4269
-5.2661
-4.5735
-4.5559
-5.1966
-4.5686
-4.5714
-4.9489
-5.1728
-4.5694
-4.5729
-4.5735
-4.5684
-4.5705
-4.5706
-4.5691
-5.1627
-4.5702
0.008981
0.0063838
-0.0025685
-0.013383
-0.0095649
0.0093293
0.01444
0.0079499
0.0017674
-0.014491
-0.015921
-0.0012162
0.015587
0.0066956
-0.003863
-0.0066222
-0.0048355
-0.0041265
0.0083534
-0.0055969
-0.012999
-0.0051213
-0.0067882
-0.01274
0.010618
-0.001567
-0.0096766
-0.0012557
-0.0051631
-0.01105
0.016617
0.0063013
-0.0032779
0.014212
0.016978
0.0035439
