0.024201
-0.25132
0.35424
-0.56903
0.15023
-0.14453
-0.35799
0.54449
-0.6162
0.38632
-0.38487
-0.43802
0.46292
-0.45904
0.56949
-0.5845
-0.55858
0.24884
-0.14716
0.76194
-0.48451
-0.57984
-0.057839
0.16592
0.85894
-0.071168
-0.53146
-0.39201
0.285
0.71569
0.42923
-0.49399
-0.62033
0.25558
0.45494
0.56983
-0.37845
-0.4591
0.097497
0.16459
0.072617
-0.36496
0.6056
-0.8158
0.27468
-0.080218
-0.61507
0.93769
-0.87688
0.57512
-0.51067
-0.79932
0.80368
-0.61229
0.88225
-0.86063
-0.90635
0.35076
-0.052631
1.2838
-0.74091
-0.88135
-0.13187
0.46491
1.5617
-0.1134
-0.85731
-0.56429
0.53292
1.3913
0.68093
-0.77709
-0.81017
0.37262
0.88691
0.8096
-0.53347
-0.63359
0.11504
0.37861
0.12502
-0.40786
0.81276
-0.88342
0.06386
-0.030931
-0.74272
1.2041
-1.0643
0.27316
-0.55911
-0.93453
0.91649
-0.70291
0.58539
-1.0381
-0.98281
0.33101
0.12618
0.99152
-0.83698
-0.96902
-0.2697
0.77938
1.269
0.039096
-0.9528
-0.73346
0.772
1.278
0.93051
-0.83848
-0.91979
0.39533
0.89993
0.97303
-0.54375
-0.6944
0.054066
0.44506
0.19067
-0.23148
0.93925
-0.93429
-0.26606
-0.032889
-0.43313
1.3239
-1.188
-0.24943
-0.60603
-0.55321
0.96936
-0.6704
-0.10689
-1.1496
-0.58276
0.33496
0.33232
0.1101
-0.9119
-0.59948
-0.35611
1.1187
0.31011
0.11992
-0.59278
-0.85337
1.0848
0.47459
1.168
-0.53086
-0.93127
0.54991
0.48727
1.2096
-0.36635
-0.68419
0.077373
0.27175
0.2118
0.073806
0.84093
-1.0028
-0.45175
-0.071754
0.20963
1.1675
-1.2139
-0.61053
-0.66727
0.28335
0.87116
-0.56626
-0.69481
-1.1675
0.28921
0.27292
0.47713
-0.69726
-0.8674
0.15413
-0.45332
1.2383
-0.60188
0.21435
0.030932
-0.87291
1.1986
-0.34479
1.3118
-0.069946
-0.88427
0.60388
-0.13177
1.3039
-0.096975
-0.64603
0.083856
-0.087464
0.20769
0.43374
0.69248
-0.94748
-0.47935
-0.12007
0.85253
0.93662
-1.1043
-0.71573
-0.70793
1.2064
0.69846
-0.52675
-0.90986
-1.0578
1.2392
0.10674
0.45331
-1.1169
-0.66808
0.91952
-0.58548
1.1586
-1.1318
0.32678
0.58772
-0.92057
1.0533
-0.91262
1.2477
0.30013
-0.94532
0.48712
-0.60487
1.1871
0.10759
-0.68462
0.064136
-0.38472
0.059407
0.59633
0.52638
-0.79173
-0.40586
-0.23127
1.0466
0.68146
-0.90615
-0.60293
-0.69365
1.4739
0.46007
-0.4434
-0.77754
-0.89282
1.5341
-0.032698
0.35384
-0.9703
-0.45729
1.228
-0.56197
0.90899
-1.0515
0.41549
0.85523
-0.82254
0.79273
-0.94333
0.99971
0.53793
-0.85321
0.3648
-0.70503
0.94657
0.22588
-0.60098
0.065938
-0.36039
-0.062061
0.34615
0.30122
-0.56743
-0.23697
-0.21397
0.59842
0.36578
-0.62998
-0.35374
-0.4537
0.82835
0.1847
-0.37012
-0.43581
-0.49738
0.88682
-0.14064
0.18784
-0.5327
-0.17069
0.74421
-0.43321
0.52984
-0.56922
0.31692
0.55712
-0.59954
0.43587
-0.53784
0.60075
0.35366
-0.58533
0.13871
-0.45961
0.58907
0.094007
-0.35805
0.00035339
-0.25799
0.030353
-0.19024
-0.56656
-0.82942
-0.68087
-0.10835
0.60461
0.85995
0.080588
-0.15722
-0.6815
-1.1396
-0.98445
-0.1144
0.92949
1.1626
0.17306
-0.06433
-0.71694
-1.3534
-1.1862
0.027304
1.3152
1.3849
0.23663
-0.038639
-0.7497
-1.5066
-1.2681
0.20224
1.6224
1.5598
0.22743
-0.082592
-0.83461
-1.5535
-1.1674
0.37441
1.766
1.6594
0.18888
-0.1342
-0.88927
-1.4574
-0.90505
0.51933
1.7077
1.5689
0.054602
-0.27455
-0.85415
-1.1665
-0.60289
0.53976
1.3981
1.2554
-0.075861
-0.30955
-0.62676
-0.72682
-0.30482
0.40495
0.92635
0.84675
-0.35333
-0.49224
-0.56848
-0.63595
-0.65923
-0.66489
-0.60265
-0.38804
-0.50212
-0.80653
-1.0066
-1.0721
-1.0666
-1.0303
-0.94128
-0.67484
-0.56606
-0.92329
-1.1825
-1.2633
-1.2122
-1.1173
-0.98928
-0.73808
-0.33366
-0.54349
-0.72271
-0.82216
-0.84886
-0.78122
-0.64333
-0.49584
0.12963
0.30032
0.41155
0.3462
0.13661
-0.014015
-0.10212
-0.17697
0.6254
1.156
1.5447
1.569
1.2022
0.76598
0.4063
0.1449
0.75727
1.3799
1.7777
1.8549
1.5605
1.1215
0.69112
0.34577
0.39399
0.78329
1.0358
1.0902
0.95538
0.73927
0.50055
0.23446
0.5577
0.80777
0.74466
0.36906
-0.13192
-0.58651
-0.77825
-0.60709
0.85204
1.2061
1.0892
0.50976
-0.26979
-0.87787
-1.111
-0.84057
1.0847
1.5178
1.3115
0.55908
-0.39616
-1.069
-1.2384
-0.91141
1.2316
1.6896
1.4077
0.52103
-0.51322
-1.1435
-1.2239
-0.89069
1.1214
1.5805
1.2696
0.33095
-0.6741
-1.2198
-1.2523
-0.86062
0.92548
1.2751
0.97323
0.099919
-0.76808
-1.2173
-1.2391
-0.82461
0.74124
0.92062
0.61345
-0.074717
-0.7197
-1.0629
-1.0691
-0.7159
0.47503
0.57375
0.29778
-0.17286
-0.58786
-0.77632
-0.70707
-0.48017
-0.72869
-0.78893
-0.59498
-0.15657
0.30866
0.44084
0.33478
0.1736
-1.0294
-1.1829
-0.86717
-0.084688
0.66283
0.77841
0.45593
0.18341
-1.1782
-1.4391
-0.99576
0.12946
1.1107
1.1306
0.58227
0.15721
-1.2525
-1.5638
-0.99413
0.45032
1.5272
1.3993
0.683
0.15271
-1.2989
-1.5971
-0.87635
0.65921
1.6962
1.4975
0.70476
0.15261
-1.2428
-1.4978
-0.75079
0.68172
1.5935
1.3629
0.61286
0.11474
-1.1257
-1.2622
-0.6064
0.51968
1.2392
1.0527
0.49059
0.12833
-0.84066
-0.89455
-0.43284
0.27614
0.71131
0.62534
0.32366
0.10608
0.13331
0.46661
0.73631
0.98271
1.0846
0.88004
0.52719
0.23064
0.27752
0.69385
1.16
1.6145
1.8542
1.6413
1.0894
0.52626
0.075835
0.35925
0.82059
1.3071
1.6294
1.5549
1.1535
0.62489
-0.31912
-0.30899
-0.12624
0.16924
0.47742
0.64962
0.61919
0.36974
-0.58364
-0.79802
-0.9325
-0.92444
-0.74504
-0.45168
-0.2075
-0.1169
-0.6306
-0.89426
-1.1756
-1.3794
-1.3834
-1.1406
-0.81531
-0.49932
-0.49871
-0.70601
-0.96542
-1.1822
-1.2406
-1.1127
-0.87171
-0.57199
-0.25313
-0.35147
-0.48038
-0.61496
-0.68977
-0.6676
-0.54678
-0.36935
-5.3633
-5.2003
-5.4476
-5.6033
-5.2904
0.0042225
0.0031442
0.002048
0.0020095
-0.0034953
-0.0078216
-0.0078062
-0.0084469
0.0053777
0.0046953
0.0024744
-0.00022848
-0.0056616
-0.0092975
-0.009775
-0.0088149
0.0099285
0.010435
0.0075315
0.0028814
-0.0029579
-0.009715
-0.015591
-0.014726
0.0098905
0.012743
0.012406
0.0092429
0.0033575
-0.0069175
-0.015768
-0.015958
0.0063816
0.0064675
0.0083503
0.010473
0.0067194
-0.0010683
-0.010617
-0.012233
0.0035083
0.00075345
0.0019238
0.0028672
1.5483e-05
-0.0049679
-0.013215
-0.014533
0.0013859
-0.0013511
0.00084455
-0.0026398
-0.0067931
-0.0090934
-0.015605
-0.016613
0.0016875
0.002068
0.0030984
-0.00079954
-0.0028849
-0.0034197
-0.0096345
-0.013766
