0.0073285
0.88936
-1.2815
-0.53273
-0.057121
0.64593
0.37359
0.15925
0.071747
-0.35753
-0.28953
0.060422
-0.086907
-0.28977
0.164
-0.80409
-0.81689
0.27014
0.14451
-0.072465
0.2763
-0.35829
0.3083
-0.33489
-0.25812
-0.72166
0.16279
0.85357
-0.31902
1.4037
0.057835
0.037037
-0.4098
0.097672
-0.45648
0.61284
0.065127
-0.088119
-0.073132
0.57215
0.01997
0.070883
-0.40771
-0.94815
-0.22099
1.449
0.15002
0.3632
0.29885
-0.53685
0.0091513
1.109
-0.83596
-0.60021
-0.10618
0.45826
0.16701
0.034633
-0.075336
-0.21036
-0.58008
-0.24414
-0.069538
-0.51703
-0.011371
-0.36272
-1.1958
-0.2732
0.43094
0.027825
0.42895
-0.41531
0.51845
-0.74596
-0.20253
-0.067699
0.62421
0.65029
-0.58048
1.6986
0.041772
0.063626
-0.30572
0.29066
-0.57381
0.8249
0.64983
-0.23305
-0.092704
0.52195
0.24476
0.093433
-0.23471
-1.3735
-0.73864
1.5288
0.22377
-0.0023518
0.53466
-0.47116
0.0071827
0.81149
0.45052
-0.49853
0.11495
-0.43272
-0.044469
-0.25661
-0.08858
-0.063453
-0.46059
-0.28646
-0.036681
-0.49787
-0.55501
0.79027
-0.87928
-0.75034
0.42993
-0.1208
0.53379
0.076832
0.54149
-1.0753
-0.058969
0.69699
0.87421
-0.22069
-0.96157
1.6946
0.0040023
0.064553
0.26395
0.2646
-0.54791
0.38533
0.90059
0.19328
-0.056687
0.043009
0.26745
0.035297
0.14972
-1.4724
-0.71622
0.61657
-0.045254
-0.34709
0.5603
-0.34113
0.0029021
0.4249
0.85451
-0.5409
0.59949
-1.0544
-0.22142
-0.73635
0.18701
-0.30469
0.22683
0.37059
-0.17444
-0.40669
-0.91158
1.1885
0.040888
-0.59183
-0.026626
-0.46838
0.49134
0.63814
0.54173
-1.033
-0.13875
0.39528
0.54037
-0.59065
-0.99587
1.4678
-0.32598
0.037961
1.0185
0.011094
-0.52023
-0.41264
0.34372
0.64039
0.2082
-0.21691
0.20534
0.014718
0.017546
-1.282
0.25975
-0.32371
-0.35985
0.025971
0.40267
-0.35808
-0.0036239
0.022813
0.11258
-0.32035
1.0675
-0.58928
-0.5117
-0.92742
0.49363
-0.63008
0.91125
0.9641
-0.23505
-0.34741
-0.76836
0.65605
0.76524
-0.37322
-0.3716
-0.67725
0.094861
0.61469
0.24394
-0.48749
-0.22142
-0.2271
-0.30187
-0.29454
0.073897
0.88333
-0.62594
-0.0087383
1.3608
-0.28071
-0.6229
-0.80547
-0.45355
0.25136
0.63823
0.081363
0.21512
0.14086
-0.50199
-1.0995
0.87477
-0.41301
-0.095949
0.62639
0.34428
-0.19764
-0.0077002
-0.32512
-0.45252
0.16118
1.2417
0.19325
0.018507
-0.55717
0.44658
-0.33636
1.0449
0.4747
-0.34994
-0.2707
-0.42092
0.031654
0.67163
-0.41522
-0.29748
-0.84373
-0.67106
0.28659
-0.16593
0.48706
-0.12929
-0.23674
-0.84652
-0.013341
1.0873
0.32433
-0.32942
-0.05096
1.1557
-0.39604
-0.84034
-0.74808
-0.91465
-0.38506
0.56368
0.45014
0.15744
0.26528
-0.46681
-0.94846
0.35975
-0.1366
0.4686
0.40763
0.49226
0.010752
-0.0082716
-0.44571
-0.31592
0.2704
1.1035
0.39129
1.448
0.15386
0.077657
0.42986
0.71032
-0.68791
-0.58403
-0.24735
-0.31101
-0.047826
0.18558
-0.3446
-0.12087
-1.0712
-1.1476
-0.067182
-0.30629
1.2026
0.01336
0.017799
-0.71427
-0.053814
0.67658
0.13288
0.49691
-0.063524
0.60024
-0.39797
-0.76893
-0.67078
-0.96657
-0.36408
-0.27154
0.33064
0.017612
0.13542
0.3208
-0.68358
-0.038908
-0.088464
0.43765
-0.48089
0.56515
0.052095
-0.0066075
-0.32828
-0.054276
0.06001
0.73559
0.11913
1.8529
0.54243
-0.28096
0.67095
0.25228
-1.0217
-0.52442
-0.14813
-0.33743
0.09767
-0.13373
-0.11193
-0.081639
-0.97263
-0.90353
-0.2316
-0.28174
1.0943
0.027369
0.052524
-0.33749
-0.1355
-0.12455
0.11129
0.60743
-0.046547
0.12123
-0.21929
-0.5367
-0.45311
-0.66203
-0.073197
-0.78494
-0.052344
0.090206
0.012136
0.64892
-0.43597
0.11466
-0.14467
0.076509
-0.74779
0.49312
0.057103
0.010457
1.1075
-1.5723
-1.0949
-0.061016
0.7424
0.24571
-0.09185
0.16494
-0.43772
-0.33902
0.037594
-0.059051
-0.2903
0.74909
-1.141
-0.97179
0.60086
0.47517
0.34685
0.093394
-0.45039
0.21593
-0.43991
-0.22673
-1.0478
-0.048298
0.68757
-0.24487
0.58311
0.028858
0.053718
-0.036295
-0.0013116
-0.3703
0.75013
-0.32851
-0.18087
-0.075483
0.44115
-0.086034
0.026795
-0.26523
-0.50557
-0.25329
1.8587
0.28005
0.35212
0.45653
-0.4669
0.0095236
1.2845
-0.55708
-1.2441
-0.21591
0.056811
0.27631
-0.16817
-0.041647
-0.053046
-0.62271
-0.327
-0.046505
-0.28552
0.58793
-0.92951
-1.1941
-0.054091
0.96138
0.79161
0.17074
-0.52327
0.1697
-0.8448
-0.27779
-0.11165
0.68939
0.59575
-0.57085
0.99083
0.039262
0.090767
0.32125
0.056367
-0.58009
1.2306
0.17335
-0.30844
-0.15629
0.40947
0.080022
-0.05981
0.026536
-0.77579
-0.82132
1.7118
0.52524
-0.20729
0.79598
-0.53331
0.0049389
0.7428
1.0225
-1.043
-0.28156
-1.0745
0.094946
-0.38672
-0.39603
0.13677
-0.57686
-0.59692
-0.018716
-0.17393
-0.13614
0.39071
-0.4466
-0.76952
1.0335
0.78271
0.28205
0.078156
0.044511
-0.92457
-0.16851
1.0377
1.0479
-0.31457
-1.051
1.1773
-0.013151
0.086399
0.91517
-0.24129
-0.64421
0.80802
0.90436
0.24441
-0.24005
0.050631
0.2328
-0.20005
0.29779
-0.94582
-0.89727
0.23552
0.45557
-0.36369
0.84647
-0.62925
-0.00080722
0.058146
1.0277
-0.78512
-0.15735
-1.0955
-0.30701
-0.78337
-0.30947
-0.33406
0.019066
0.1082
-0.17939
-0.079211
-0.81806
1.3954
0.70805
-0.74962
0.54939
0.44812
0.33824
0.7362
-0.096104
-0.46704
-0.22367
0.62593
0.5674
-0.70824
-1.1129
1.1501
-0.21727
0.041188
1.3803
-0.62065
-0.64662
-0.21571
0.8752
0.76544
0.16269
0.075941
0.14896
-0.18767
-0.19821
-0.84494
0.21419
-0.74684
0.27794
0.43424
0.65693
-0.88394
-0.0065392
-0.35046
-0.083813
-0.28379
0.092524
-0.10263
-0.96439
-0.87515
0.27948
-0.80545
0.88035
1.1315
-0.23476
0.043951
-0.96703
0.94293
1.072
-0.45212
0.00094863
0.25239
-0.1249
0.85861
-0.3016
0.25859
-0.27226
-0.26451
-0.51794
-0.31692
-0.0089428
0.75271
-0.60487
-0.02321
1.1869
-0.73232
-0.74964
-0.77476
0.034466
0.17731
0.80633
0.52429
0.13313
-0.0013451
-0.7745
-0.7771
0.88072
-0.59525
0.66887
0.96961
0.51079
-0.9592
-0.0090965
-0.42885
-0.61261
0.19833
0.32549
0.59716
-0.59658
-0.35149
0.64177
-0.36029
1.4469
0.84721
-0.16237
0.2673
-0.71033
0.089486
0.53204
-0.26989
-0.29923
0.14724
-1.0379
0.53243
-0.46318
1.1531
-0.033059
-0.29015
-1.0531
0.0857
1.1781
0.48679
-0.31453
-0.070995
0.56419
-0.55373
-0.76925
-0.82209
-0.84144
-0.59741
0.68814
0.75254
0.086304
0.10135
-0.18762
-0.67148
0.31917
-0.11443
1.0391
0.15304
0.60035
-0.79018
-0.0073702
-0.35367
-0.2432
0.13405
0.40433
0.48601
1.2233
0.3828
0.32468
0.59028
1.303
-0.61056
-0.31283
0.38061
-0.68091
0.0024976
-0.034912
-0.22136
-0.42217
-0.25151
-1.4906
-0.070095
-0.48572
1.6307
0.26102
0.013875
-0.91976
0.16684
0.86852
0.45202
0.66975
-0.087549
-0.084425
-0.18363
-0.55995
-0.83939
-1.1212
-0.38987
-0.28869
0.3227
-0.095898
-0.17675
0.95778
-0.45981
-0.10052
0.028652
0.67813
-0.90461
0.63879
-0.65283
-0.006126
-0.17703
0.087645
-0.14536
0.28241
0.10673
2.1147
0.57385
-0.24903
0.91888
0.62784
-1.3074
-0.29125
0.37889
-0.72753
0.2995
-0.21577
-0.14285
-0.34486
-0.4609
-0.90308
-0.35974
-0.35716
1.1868
0.28954
0.097806
-0.54133
0.059848
0.057138
0.29868
0.86191
-0.068926
-0.30706
0.072412
-0.31663
-0.65775
-0.76688
0.12745
-0.9021
-0.37825
-0.10962
-0.24582
1.0619
-0.22031
0.13159
0.015142
0.20557
-0.83568
0.54046
-0.45442
0.0069402
1.0127
-0.93129
-1.0943
-0.18893
0.24965
0.046413
-0.18044
0.45708
-0.12166
-0.10578
-0.11232
-0.2184
0.25719
0.69644
-0.93597
-0.95161
0.94512
0.25044
0.32738
0.06604
-0.08341
-0.49475
-0.48808
-0.13601
-1.263
-0.31506
0.37207
-0.013379
-0.95603
-0.23418
0.061356
0.64218
-0.3558
-0.59836
0.62622
-0.51092
-0.40161
0.14498
0.2097
-0.29339
-0.10891
0.058175
0.67395
-0.14045
1.5075
-7.0955e-05
-0.060546
0.41021
-0.011728
0.0030212
1.0678
0.41934
-1.2659
-0.44181
-0.71633
0.28059
-0.38993
0.38202
0.44626
-0.39546
-0.38985
-0.41114
0.72088
0.84694
-1.2457
-0.80619
0.3379
0.65673
0.72893
-0.10877
-0.043559
-0.76417
-0.52541
-0.076795
-0.41161
0.34085
0.52225
-0.19774
-0.8982
-0.22677
0.098367
0.97022
-0.4393
-0.80786
1.1414
-0.33335
-0.50184
-0.050876
0.26413
-0.32266
-0.32894
0.16981
0.82069
-0.68567
1.0016
0.29731
-0.36593
0.79391
-0.046878
-0.0034325
0.30314
1.3596
-0.92885
-0.80476
-1.2335
0.27264
-0.69536
-0.32453
0.37225
-0.60793
-0.75827
-0.37076
0.91544
0.58616
-0.45845
0.25033
-0.59447
0.91382
0.86275
-0.18095
0.19854
-0.96717
-0.056222
0.067352
0.95755
0.81443
0.089502
-0.60319
-0.49122
-0.11453
0.083882
0.96754
-0.49395
-0.6864
0.9892
0.4788
0.10348
-0.28445
0.23217
-0.11544
-0.37851
-0.014244
0.61328
-0.76457
-0.34434
0.42938
0.13553
0.96084
-0.21792
-0.0072388
-0.45926
0.61764
-0.4605
-1.024
-0.3695
-0.10579
-0.73518
-0.82732
-0.44613
-0.59615
-0.30829
-0.43261
0.81758
0.015089
0.80435
1.0876
-0.87658
0.7383
0.89178
-0.24107
0.42224
-1.0715
0.75438
0.016846
0.78061
0.41897
-0.33315
-0.76128
-0.13988
-0.10844
0.025936
0.71104
-0.44598
-0.57005
0.1405
1.0655
0.60954
0.11879
0.52128
0.076682
-0.18149
-0.651
0.3881
0.25877
-0.95769
0.42632
0.88067
0.80268
-0.68483
-0.012125
-0.60477
-0.43338
-0.028096
-1.0881
0.67119
-1.0611
-0.34581
-0.3814
-0.937
-0.015594
0.94329
-0.39902
0.65215
-0.36777
0.84601
0.8551
-0.55421
0.19719
1.2352
-0.63015
0.50793
-0.85788
1.0437
-0.15142
-0.14116
-0.51497
-0.359
-0.0042659
0.058525
-0.40435
-0.031584
0.082243
-0.12374
-0.49104
-0.4569
0.71778
0.061755
0.91908
0.83774
0.22653
0.037761
-0.60002
0.17051
0.76662
-0.56232
0.59185
0.6221
0.5344
-1.1101
-0.011066
-0.39596
-0.52325
0.19923
-1.0446
0.66645
-1.3445
0.17496
0.32694
-0.37433
0.87689
1.328
-0.063434
0.61128
-0.33478
0.11609
0.1226
-0.16499
-0.52931
1.6531
-1.1236
0.29755
-0.48648
0.9377
-0.13803
-0.17614
-0.7958
-0.072253
0.8734
0.26284
-0.12283
-0.069056
-0.61701
0.4001
-0.12548
-0.64851
-0.23966
-0.66923
0.78717
0.59595
0.073909
-0.22827
0.46523
0.01375
0.23422
-0.00013903
0.51704
-0.51875
0.43328
-1.262
-0.0070904
-0.21487
0.0031639
0.067538
-0.87308
0.089057
0.144
0.52459
0.27194
0.49822
1.4431
0.082779
0.16637
0.6061
-0.4286
0.0832
-0.30645
-0.071874
-0.96913
1.4248
-0.79625
-0.11799
-0.15539
0.64016
0.088323
0.073514
-0.49222
0.26441
0.80216
0.44602
0.84005
-0.087386
-0.92373
0.74545
0.35575
-0.82143
-0.86773
-0.44175
-0.24849
-0.33527
-0.36274
-0.79587
1.2495
0.045724
-0.032287
0.21228
-0.049232
-1.0073
0.42312
-1.2873
-0.003304
-0.07705
0.17989
-0.060531
-0.61397
-0.19447
1.446
0.34518
-0.22094
0.612
1.1398
-1.0348
0.13631
0.52999
-0.51992
0.38792
-0.33251
-0.10726
-0.79698
0.74695
0.10161
-0.28185
0.019199
0.093106
0.18164
0.049055
-0.12223
0.29548
0.26492
0.32855
1.013
-0.069902
-0.64866
0.67663
0.49663
-0.75133
-0.80993
0.1007
-0.85425
-1.008
-0.44756
-0.6808
0.81877
0.25542
0.21694
0.22244
-0.35984
-0.475
0.34365
-1.013
0.004623
1.2941
0.031921
3.9076e-05
-0.31791
-0.5462
0.089288
0.080522
0.62414
0.20775
0.22645
-0.14896
-0.43184
0.79555
-0.011427
-0.5353
-1.0407
1.1414
-0.50649
-0.17957
0.20637
0.83766
-0.56022
-0.5658
-0.22675
-1.4384
-0.38908
0.069284
-0.05262
-1.2308
-0.29176
0.070977
0.62433
-0.2676
-0.88177
0.41199
-0.35971
-0.42538
0.25244
0.14005
-0.32771
-0.17575
-0.011029
1.0902
-0.19687
0.36697
-0.39703
-0.31108
-0.20348
0.48039
-0.0011955
1.0287
1.2073
0.10669
-0.67164
-1.176
0.35541
-0.37562
0.98304
0.68531
-0.068468
-0.27805
-0.65236
1.2929
0.27217
-1.1368
-0.52685
0.65142
-0.37545
-0.17803
0.05291
1.1013
-0.63928
-0.30338
-0.11127
-0.61465
0.085055
0.54043
-0.016787
-1.3054
-0.27027
0.09819
0.58475
-0.025492
-0.93218
0.70809
-0.41948
-0.48635
0.020365
0.26117
-0.70527
-0.35288
-0.14538
1.3333
-0.68829
-0.12176
-0.33942
0.066329
0.15129
0.62795
-0.0083132
0.0055574
1.1415
0.29567
-0.9144
-0.75181
0.51427
-0.93181
0.26778
0.3085
-0.52152
-0.70753
-0.6603
1.2238
0.6482
-1.0008
0.56966
-0.42593
0.080652
-0.26576
-0.21226
0.83357
-0.6533
0.37748
-0.023529
0.80983
0.62507
0.81304
-0.11831
-0.98954
-0.18504
0.071389
0.12938
0.58858
-0.54602
0.71572
0.10498
-0.057925
-0.26972
0.48829
-0.70377
-0.22764
-0.57896
1.1392
-0.68937
-0.78409
-0.33353
0.9347
0.50844
0.646
-0.01245
-0.58106
-0.075849
0.32332
-1.0227
0.54586
0.33912
-0.71748
-0.8103
-0.71309
-0.95641
-0.68396
-0.74768
0.77886
0.76214
0.1083
0.92384
-0.91683
0.43418
-0.18753
-0.61596
0.4208
-0.56427
0.96666
-0.075553
0.85856
0.39479
0.45941
-0.14223
-0.7061
-0.24715
0.013258
-0.36242
1.0582
-0.28712
0.27257
0.90067
0.37531
0.15974
0.81529
-0.24442
0.070543
-0.78567
0.86893
0.30223
-0.87905
-0.53456
0.98907
0.60694
0.3296
-0.014649
-0.45271
-0.64188
0.18985
-1.1117
1.0199
-0.65458
0.21827
-0.90626
-1.032
-0.98932
0.36651
-0.82984
0.252
0.73437
0.67198
0.45916
-0.69554
0.34549
0.39107
-0.96259
0.17191
-0.22543
0.74327
-0.25867
0.14779
-0.47045
-0.22318
0.24529
-0.4931
-0.55123
-0.032101
-0.73836
1.3902
-0.10451
-0.18573
1.0758
-0.026073
1.0217
0.8342
0.35447
1.8419e-05
0.034408
0.74016
0.59411
-0.46743
-0.667
-0.073485
0.47303
-0.23578
-0.012508
-0.18975
-0.34185
-0.0099918
-1.0891
0.37274
-1.4528
0.79334
-0.34656
-0.19314
-0.26383
1.3802
-0.55313
-0.13138
0.65322
0.35392
-0.060905
-0.21665
-0.17266
1.1115
-0.63867
-0.049383
0.18995
-0.04722
-0.4444
0.094302
-0.70718
-0.45425
0.67354
-0.25423
-0.13869
-0.060866
-0.99863
1.5451
0.3599
-0.37364
0.3191
-0.75104
0.8396
0.068438
0.35192
-0.62158
1.0696
0.48745
0.12336
-0.013763
-0.77036
-0.98859
0.34562
-0.70263
-0.0044846
-0.16795
0.095106
-0.075207
-0.9364
-0.34777
-0.73886
0.74223
-0.16182
0.38985
0.95869
0.95323
-0.21482
-0.25634
0.29624
0.26872
-0.1948
-0.018706
-0.50561
1.2962
0.55655
-0.11388
0.48066
-0.76336
-0.41356
0.28405
-0.23933
-0.098581
0.63443
-0.12356
1.0322
-0.080814
-1.0117
1.2285
0.87284
-0.58169
-0.68625
-0.71071
-0.31089
-1.0553
-0.16348
-1.1059
0.96252
0.43704
0.10671
0.18623
-0.94316
-0.62476
0.28169
-1.0375
-0.0009856
-0.16585
0.092397
-0.0063037
-0.68946
-0.30646
0.51255
0.26574
-0.3273
0.095429
1.2862
-0.30986
-0.20616
-0.1877
-0.017534
0.37863
-0.13733
-0.083906
-0.41749
0.90438
1.3651
-0.12665
0.40863
-0.93157
-0.26733
0.13437
0.20121
0.12748
0.32242
-0.12479
1.2238
-0.068726
-0.64594
0.58605
0.88801
-0.60017
-0.96717
-0.20619
-0.94565
-1.2972
-0.41445
-0.6052
0.069619
0.55992
0.3049
0.28396
-0.87069
0.078997
0.16736
-0.94783
0.00067718
1.5031
0.66034
1.1605
-0.47939
-1.0952
0.056855
0.27886
0.21567
0.34093
0.40188
-0.1952
-0.020547
0.39828
-0.52754
-0.11784
-1.0079
1.2072
-0.80748
-0.52621
0.039428
1.1188
0.31011
-0.35422
-0.82901
-1.3561
-0.44848
-0.37996
-0.14382
-0.56038
-0.20193
0.067838
0.0038735
0.29445
-0.70637
0.24899
-0.16472
0.02115
0.14104
0.1026
0.16796
-0.027919
-0.34572
0.49325
-0.35122
-0.61865
-0.42699
0.13407
-0.88126
0.41881
-0.0064598
0.89235
1.333
1.4828
-0.68216
-1.0934
0.24413
-0.29035
1.0796
0.59246
0.17093
-0.17377
0.078386
0.3254
-0.52933
-0.75563
-0.30532
0.90828
-0.93396
-0.67491
0.0060247
1.3317
0.59977
-0.21229
-1.0342
-0.6775
0.089583
0.21432
-0.0079095
-0.49938
-0.10993
0.084941
-0.19115
0.62691
-0.4801
0.2344
-0.36263
-0.072948
-0.15946
0.34336
-0.50859
-0.13614
-0.6629
0.63405
-0.80768
-0.8512
-0.4383
0.85576
-0.71183
0.50829
-0.012843
-0.17991
0.6188
1.3344
-0.48555
0.028365
0.48512
-1.0005
0.97818
-0.027046
-0.25156
-0.51654
0.056475
0.046924
-0.12281
-1.048
0.75467
-0.15922
-0.36393
-0.77527
-0.26609
0.97469
0.862
0.052663
-1.0018
0.67643
0.79625
1.1948
0.050562
-0.37316
-0.085261
0.055263
-0.51425
1.1468
-0.063819
0.25748
-0.25894
0.093079
-0.38676
0.66704
-1.08
-0.0025636
-0.77124
0.56918
-0.64878
-0.74141
-0.59424
1.115
-0.24352
0.81229
-0.015534
-0.56051
-0.44168
0.86156
-0.15376
0.98368
0.46504
-0.69481
-0.14455
-0.97307
-0.66254
-0.96554
-0.34628
-0.31536
0.36391
-0.18001
0.78568
-0.79103
0.44028
-0.83719
-0.64548
0.54799
1.1163
0.20783
-0.88079
0.7849
0.60829
1.3117
0.14231
-0.39115
-0.38172
0.0084053
-0.67139
1.3282
0.062256
0.13781
0.32374
0.44886
0.17134
0.84003
-0.84323
0.013835
-0.10256
0.48455
0.39058
-0.46848
-0.95616
0.33947
0.11868
0.97134
-0.01477
-0.27233
-0.59245
0.16254
-0.0014697
0.7739
-0.27318
0.43995
-0.9327
-0.85812
-1.0139
-0.44131
-0.89889
-0.78472
0.81453
0.66355
0.10263
-0.73376
0.88417
-0.64215
-0.69903
0.24365
1.0715
0.17744
-0.80313
0.092833
-0.48909
0.42837
0.42416
-0.50786
-0.89157
-0.031313
-0.67556
1.0613
0.10817
-0.11332
0.90162
0.12304
0.95746
0.38588
-0.13067
-0.36354
0.89153
0.42444
0.46516
-0.28602
-0.93195
-0.7072
0.23042
0.78333
-0.0073848
-0.10172
-0.2233
-0.30129
0.11867
0.070062
-1.0482
1.0188
-0.65323
0.40204
-0.85933
0.85118
-1.0968
-1.1076
1.0318
0.63154
-0.19646
-0.32308
0.93363
-0.32228
0.14973
0.16914
0.96674
-0.21869
-0.66886
-0.051053
-0.95998
-0.24711
0.69824
-0.57183
-0.41775
-0.062998
-0.6828
0.69298
0.36568
-0.25215
0.60415
-0.69057
0.6361
-0.67615
0.23619
-0.96324
1.0683
0.29831
-0.066391
-0.15872
-0.58488
-0.81823
0.21838
0.44158
-0.00095578
-0.2568
-0.048861
-0.41254
0.15209
-0.25285
-0.92503
0.71622
-0.2154
0.67341
-0.021198
1.1784
-1.0782
-1.0636
0.78786
0.47645
-0.026054
-0.11857
0.9138
-0.10141
1.2706
0.28444
0.84957
-0.70581
-0.49482
0.14755
-0.41935
-0.32548
0.56623
-0.62127
0.99567
-0.084161
-0.69049
0.19998
0.72086
-0.48758
-0.45423
-0.95479
-0.62131
-1.3979
0.10869
-0.73106
0.17409
0.34509
0.075835
-0.10328
-0.44803
-0.021592
0.15888
0.013472
0.00077844
-0.2691
-0.11665
-0.21723
0.080508
-0.0060814
-0.090655
0.20034
-0.14086
0.0098375
0.67347
0.2584
-0.91291
-0.69784
0.3545
0.45953
0.18061
-0.12156
0.77413
-0.013633
1.4795
0.24655
0.5119
-0.74258
-0.29275
0.19783
0.13083
-0.15727
0.23348
-0.57045
1.4077
-0.071327
-0.42816
-0.24437
0.65743
-0.57347
-1.0222
-0.57621
-1.1975
-1.0905
-0.046604
0.31727
-0.64782
0.4821
0.31594
0.087026
-0.40866
0.45622
0.046504
-0.16902
-0.0028035
1.0008
0.87668
1.0658
-0.14192
-1.0518
-0.074778
0.13342
-0.48159
0.27235
0.35715
-0.27433
0.61829
-0.45193
-0.31836
0.20651
-0.63678
1.2112
-0.4505
-0.12451
-0.28012
-0.060652
0.79762
0.2245
-0.90157
-1.1919
-0.44696
-0.90585
-0.27372
0.063143
-0.17954
0.057253
-0.4061
0.33002
0.1291
0.081755
-0.11057
0.57544
-0.00094059
0.21341
1.1104
0.18243
-0.5959
0.026831
-0.53964
-0.81392
-0.38803
0.87703
-0.95933
0.021007
-0.010882
0.32836
1.12
1.2918
-0.13824
-0.52136
-0.070794
-0.46246
0.63581
0.32814
0.091952
-0.03401
0.97686
-0.85218
-0.45738
-0.38684
0.14872
1.1964
-0.64143
-0.13864
-0.33015
-0.12327
1.0736
0.043338
-1.151
-0.6962
0.32414
-0.61531
-0.22537
0.060663
-0.076632
0.071811
-0.36173
0.32719
0.61057
0.10896
-0.34799
0.50158
-0.32572
0.47537
0.65378
0.045706
-0.67795
0.073969
-0.89615
-0.84921
-0.45403
1.107
-1.1
-0.081165
-0.015429
-0.62415
0.30343
0.96582
0.26693
0.58968
0.17539
-0.97476
1.4342
-0.40273
-0.19572
-0.029748
1.0463
-1.0299
-0.50528
-0.84613
0.98674
0.25696
-0.22206
-0.13468
-0.48912
-0.080316
1.2433
-0.36262
-1.1104
0.59758
1.1294
0.55377
-0.33043
-0.019312
0.015669
0.045324
-0.31322
0.20347
0.80792
0.18089
-0.59918
0.50446
-0.33349
0.64742
-0.4439
-0.16681
-0.16984
0.19358
-0.45587
-0.41832
-0.49801
0.27185
-0.9319
0.23896
-0.016651
-0.78742
-0.4603
0.51452
0.8397
0.94594
0.26111
-0.43433
0.74079
-1.0852
-0.30745
-0.59414
0.71136
-0.98558
-0.52258
-0.36893
0.66454
-0.46481
0.51993
-0.32374
-0.47773
0.015104
1.3063
-0.39448
-0.94576
0.79228
0.68445
1.3588
-0.34129
-0.12164
-0.41815
0.0075345
-0.36587
-0.22404
0.61095
0.27418
-0.2937
0.77279
0.40245
0.50588
-0.96569
-0.50796
0.77882
0.22981
0.68624
-0.10735
-0.36841
-0.73772
-0.6197
0.66874
-0.011102
-0.45761
-0.42536
0.10046
1.0994
0.38421
-0.13784
0.67493
-0.4377
-0.39126
-0.52081
-0.7775
0.22195
-0.97956
-0.16374
0.37794
-0.21987
-0.58809
0.77705
-0.60324
-0.05171
0.071197
1.0898
-0.078005
-0.66834
0.036441
-0.51119
1.1506
0.14397
-0.37219
-1.0902
-0.032111
-0.36786
-0.79282
0.26383
0.19838
0.57937
0.59255
1.0255
-0.18635
-0.83613
-0.91214
1.1158
0.060767
0.64958
-0.085435
0.29038
-0.85525
-0.39181
0.91826
-0.0021453
-0.28679
-0.18003
-0.25431
1.1206
-0.084563
-0.5919
0.97716
-0.67752
1.0791
-0.78401
0.15649
-0.26127
-0.89765
0.53487
0.52856
-0.53923
-0.33082
0.68472
-0.84024
0.68351
0.31783
0.74108
0.067385
-0.24219
-0.26521
-0.85288
0.47864
0.80151
-0.55778
-0.69373
-0.071022
-0.34623
-0.96285
0.23754
-0.082514
0.91088
-0.32456
0.44333
-1.1099
-0.45102
-0.84518
0.36224
-0.1447
0.024683
-0.2122
0.93218
-0.21721
-0.28139
0.99563
0.0030271
-0.29439
-0.25016
-0.37448
0.91729
0.012081
-0.69353
0.43271
-0.28816
1.0807
-0.74367
0.94973
-0.64808
-0.64125
0.88883
0.38271
-0.24405
-0.17786
0.74327
-0.86819
1.0782
0.56837
0.44609
-0.092337
0.031739
0.049061
-0.16773
-0.096313
0.73583
-0.60577
0.82952
-0.092017
-0.35674
-0.87323
0.42027
-0.56436
0.22223
-0.96847
-0.95567
-1.2104
-0.11363
0.47638
-0.61393
-0.14476
0.075066
-0.32751
0.85068
0.34219
-0.20602
0.76507
0.0018998
-0.20406
-0.39805
-0.18849
0.52555
0.29423
-0.35064
-0.0071299
-0.075356
0.16001
-0.21048
0.63907
-0.72779
-0.27651
0.66864
0.3788
0.078514
-0.052583
0.70298
-0.5901
0.85244
0.43787
0.18873
-0.043449
0.093622
0.34754
0.43136
-0.3125
0.21294
-0.55071
1.4689
-0.073667
-0.2264
-0.67329
0.3325
-0.71757
-0.54164
-0.84209
-1.431
-0.53655
0.02154
1.6614
-0.86793
0.060819
0.34026
-0.10376
0.42159
0.46872
-0.14842
0.42147
-0.0052012
0.22303
0.67293
0.26833
0.3639
-0.70981
-0.044818
-0.2124
-1.0548
0.16118
0.26957
-0.29685
0.28184
-0.75013
-0.019767
0.44848
-0.13394
1.1334
0.11316
0.19622
-0.3026
-1.1929
0.24638
0.61184
0.29963
-1.3006
-0.069664
-1.1235
-0.40613
0.12966
-0.25125
0.049586
-0.3949
0.0032332
0.86016
-0.054783
-0.033553
0.56653
-0.074636
0.32981
1.6016
0.31398
-0.53257
-0.056747
-0.78803
-0.52678
-0.60008
0.99574
-0.6644
-0.019248
-0.012241
-0.30429
0.63889
0.18126
0.35363
0.070949
-0.12357
-0.65455
-0.059996
0.063904
0.080088
0.035553
0.48269
-0.8583
-0.067293
-0.052307
0.59372
1.3912
-0.048382
0.36119
-0.33613
-1.4746
0.07451
0.20761
0.6475
-0.93613
0.70394
-1.4
-0.4966
-0.038673
-0.15095
0.066707
-0.1606
-0.10949
1.3114
0.19256
-0.23747
0.71771
-0.20466
0.41021
1.8265
0.090746
-0.11912
0.015423
-1.1727
-0.42838
-0.79007
0.4562
-0.95136
-0.095963
-0.017776
-0.9484
0.029915
0.058376
0.47156
0.87717
0.046769
-0.66358
1.3065
-0.67027
-0.18608
0.29052
0.69858
-0.70343
-0.34144
-0.67348
1.0254
0.60102
0.028154
0.36833
-0.40421
-1.0238
-0.11711
-0.37893
0.88477
0.3389
1.0553
-0.84908
-0.74443
-0.20703
-0.054193
0.043331
0.14539
-0.44054
1.2967
0.49634
-0.64672
0.74592
0.07461
0.2891
0.85105
-0.27757
0.60526
0.27072
-0.4105
-0.0066562
-0.59837
-0.84313
-1.0465
0.088962
-0.015355
-0.91076
-0.39473
0.17514
0.75138
0.725
0.19173
0.2119
1.2266
-1.1049
-0.15349
-0.081686
1.0263
-0.33352
-0.81071
-0.74325
0.41199
-0.19101
0.18382
0.098617
-0.056427
-0.60257
-0.21037
-0.3426
0.80684
0.8227
0.16167
0.21697
-0.86409
-0.1584
-0.4675
0.0036109
0.028522
-0.90875
0.94795
0.69703
-0.55602
1.0298
0.76864
-0.14792
-0.42017
-0.65893
0.85289
0.28813
0.94544
0.20053
0.10387
-1.2503
-1.0072
0.35514
-0.0073742
-0.62959
-0.36449
0.24023
0.88035
0.058927
-0.082025
1.1016
0.013386
-0.075576
-0.19049
-0.59902
1.3514
0.080624
-0.80585
-0.31405
-0.38613
-0.41161
-0.20663
-0.30911
0.555
-0.51698
-0.30015
-0.079339
0.67531
0.31667
-0.88531
0.86423
-0.25854
-0.21432
-1.1221
-0.038027
-0.14269
-1.2411
0.39688
0.6668
0.35706
1.0658
1.1528
-0.79308
-0.97562
-0.81544
0.29138
-0.023548
1.0269
0.16003
1.0275
-0.53475
-0.79763
0.54446
0.0023873
-0.45883
-0.25179
0.04295
0.66426
-0.28248
-0.3732
1.0116
-0.76877
1.2352
-0.46762
-0.26432
1.368
0.32959
-0.036196
0.054541
-0.58134
-0.20983
-0.83614
-0.62341
0.84916
-0.33102
-0.41976
-0.040913
0.68669
0.010551
-0.77913
0.70528
0.64873
-0.26609
-0.84442
-0.078308
-0.16029
-1.094
0.060736
0.1315
1.1266
0.047998
0.40262
-1.1289
-0.81146
0.0020679
-0.51246
-0.27533
0.37176
-0.033413
1.4386
0.26016
-0.61329
0.79779
0.0093244
-0.20282
-0.37278
-0.077965
0.31742
-0.027786
-0.57777
0.36462
-0.73279
1.0209
-0.786
0.52873
0.96618
0.47766
0.74845
0.15907
-0.36892
-0.015638
-0.99254
-0.73053
0.67366
-0.10898
-0.43771
-0.13031
0.58943
0.26937
0.22657
0.044587
0.8031
-0.18208
0.62717
-0.093899
-0.20157
-0.71459
0.0090826
-0.60608
0.8811
-1.0364
-1.0531
-0.71889
-0.5397
1.7049
-0.81348
-0.40353
0.23502
-0.14273
0.93602
0.26796
-0.53678
0.83039
0.0081554
0.076796
-0.54982
-0.031823
0.054048
0.33885
-0.4585
0.026077
-0.41957
0.10493
-0.61274
0.76492
0.39633
0.47199
0.87439
0.23864
-0.17501
0.13056
-0.63123
-0.56184
0.41582
-0.07758
-0.33448
0.0061617
0.26646
0.49176
0.80075
-0.39203
0.25937
-0.14567
1.3755
-0.072391
-0.15706
-0.41553
0.026073
-0.79692
0.086714
-1.0933
-1.4526
-0.068495
-0.33368
2.2787
-0.63329
-0.27702
0.35821
-0.025885
0.30359
0.013694
-0.38159
0.55514
-0.005377
-0.08838
0.37358
-0.047025
0.1796
-0.31528
0.085634
-0.35187
-1.0668
-0.072672
0.17625
-0.18228
-0.29849
-0.49374
0.062754
0.43967
0.06488
0.82568
0.325
-0.015825
-0.087316
-1.2023
-0.54038
0.43403
0.86794
-1.2874
0.23025
-0.79517
-0.30478
-0.066294
-0.26125
0.038143
-0.29999
-0.097665
0.78922
-0.12305
0.037721
0.24981
-0.16347
0.32321
1.1588
0.16335
-0.24295
-0.20216
-0.81599
-0.11308
-0.60879
0.55412
-0.40237
0.1228
-0.011147
-0.43115
0.24617
-0.17589
0.20706
0.32071
-0.038885
-0.56684
-0.51511
-0.20519
0.13202
-0.027019
-0.38305
-0.24227
-0.0062551
0.16578
0.60214
1.1355
0.18634
0.16071
-0.029741
-1.2693
-0.72494
0.070142
1.4884
-1.0197
0.72797
-1.3339
-0.5346
-0.22754
-0.13766
0.051795
0.0043718
-0.083882
0.9816
0.086571
0.031476
0.45299
-0.15409
0.19345
1.8095
0.0071459
0.25093
-0.13469
-1.17
-0.031928
-0.70661
-0.22734
-0.57118
0.11463
-0.015554
-0.80064
-0.17181
-0.085682
0.15786
0.78418
0.074638
-0.26534
0.7759
-0.73855
0.030164
0.13469
-0.20273
0.18514
-0.29388
-0.49432
0.69725
0.57189
0.029179
0.1687
-0.10353
-0.84628
-0.9334
-0.28384
1.7817
0.045526
0.59636
-1.3431
-0.76849
-0.29505
-0.13161
0.032064
0.34712
-0.32592
0.82904
0.49944
-0.33942
0.57888
0.24317
-0.15324
1.3405
-0.22774
0.61626
0.19235
-0.39626
0.20501
-0.4752
-1.0397
-0.74016
0.29031
-0.012014
-0.67455
-0.35851
0.19033
0.036857
0.46811
0.19608
0.50193
1.0599
-0.89417
-0.016499
-0.040193
0.2766
0.61949
-0.66532
-0.78025
0.11635
-0.033312
-0.145
-0.097213
0.20164
-0.63723
-1.0378
-0.22834
1.5429
0.59006
-0.36573
-0.77271
-0.85695
-0.16238
-0.52159
-0.0011177
0.26762
-0.48959
0.59851
0.74789
-0.50773
0.92057
0.67947
-0.59361
0.21311
-0.32929
0.22283
0.28219
0.80788
0.36362
0.018794
-0.90886
-0.83187
0.34958
-0.0038072
-0.46071
-0.33494
0.32397
-0.1117
-0.12292
-0.024499
1.0489
0.21848
-0.057698
0.011203
-0.44762
0.89302
0.88867
-0.69256
-0.62954
-0.33568
-0.25696
-0.62334
-0.25134
0.68802
-0.75907
-1.0069
-0.14638
1.1218
0.40962
-1.1332
0.058565
-0.38079
-0.076214
-1.0438
-0.03259
0.021527
-0.42881
0.24099
0.67413
0.098145
1.005
0.88721
-0.94851
-0.5199
-0.2076
-0.52063
0.097384
1.0083
0.26139
0.53962
-0.11647
-0.67423
0.30056
0.0058863
-0.33665
-0.31016
0.23287
-0.30158
-0.33442
-0.30807
0.80878
-0.63684
0.69221
-0.13358
-0.37282
1.3921
0.91477
-0.18767
-0.21641
-0.3039
-0.15044
-1.2363
-0.19212
0.7069
-0.86916
-0.9382
-0.21509
0.85424
0.24129
-0.76242
0.27312
0.26019
0.060182
-0.78769
-0.060011
-0.022229
-0.21666
-0.11192
0.1523
0.86319
0.22115
0.29317
-0.81559
-0.63204
0.65443
-0.83566
-0.080006
0.54362
0.1732
0.72633
0.32315
-0.51242
0.34177
0.010867
0.02293
-0.43372
0.098718
-0.42761
-0.12368
-0.46139
0.33554
-0.83409
0.44153
-0.44284
0.17237
1.4106
0.87082
0.42973
0.11149
-0.17582
0.0693
-1.3846
-0.18242
0.45922
-0.71684
-0.70788
-0.28557
0.6057
0.30224
0.16439
-0.16522
0.48111
0.17207
0.39714
-0.070628
-0.0087957
-0.035687
-0.24455
-0.5447
0.87436
-0.84114
-0.84762
-0.27318
-0.54671
1.7779
-0.55028
-0.24342
0.28025
0.18343
0.24053
0.050124
-0.45449
0.45275
0.0089487
0.33358
-0.46647
0.027858
-0.3474
0.1508
-0.32152
0.088208
-0.51813
-0.15772
-0.52131
0.55195
0.85677
0.71667
0.66997
0.22702
-0.11915
0.24882
-0.99447
-0.18672
0.2482
-0.45386
-0.38272
-0.21548
0.22912
0.29667
0.66117
-0.51049
0.17917
0.15863
1.0143
-0.051181
0.079425
0.052688
-0.19128
-0.68872
0.32145
-0.92389
-1.0718
0.14666
-0.49466
1.6475
-0.26652
-0.26622
0.23357
0.19993
-0.19568
-0.24862
-0.32053
0.39659
0.011816
0.014385
0.01298
0.0082707
-0.0004172
-0.0066793
-0.005738
-0.0022971
0.014428
0.016101
0.011744
0.0048715
-0.0012781
-0.0068413
-0.005991
-0.0012735
0.011988
0.0095327
0.0019814
-0.0039345
-0.007715
-0.0084662
-0.004317
0.0012441
0.0079632
0.0045817
-0.0058812
-0.011253
-0.011964
-0.0082095
-0.0024218
0.0033315
0.005747
0.00086594
-0.0080453
-0.012754
-0.0093953
-0.0037664
0.0019453
0.0046157
0.001538
-0.0051425
-0.013714
-0.014852
-0.0057678
0.0027629
0.0083272
0.0080131
-0.0010931
-0.0087814
-0.018393
-0.015846
-0.0034143
0.0072944
0.013508
0.013591
0.00088634
-0.004441
-0.013005
-0.0098349
-0.00083004
0.0083857
0.014529
0.013998
0.89956
1.2338
0.9472
0.40699
-0.023797
-0.28938
-0.38603
-0.32825
1.1464
1.3441
0.82533
0.10018
-0.32595
-0.43546
-0.36317
-0.26014
1.0966
1.1748
0.32265
-0.43334
-0.59718
-0.41341
-0.2182
-0.092797
1.3902
1.1543
-0.0045614
-0.62271
-0.45457
-0.20221
-0.1756
-0.14936
1.5916
1.0026
-0.25309
-0.6729
-0.30634
-0.1367
-0.27438
-0.26246
1.0253
0.27726
-0.74045
-0.86851
-0.48554
-0.32289
-0.33419
-0.19584
0.30997
-0.30492
-0.98159
-0.98222
-0.64879
-0.50797
-0.24124
0.12059
0.0052594
-0.39266
-0.77527
-0.71004
-0.44736
-0.30148
0.052319
0.31522
-1.2668
-0.82211
0.41369
0.84292
0.12
-0.46846
-0.35538
-0.068985
-1.4915
-0.51073
1.0568
0.99954
-0.052743
-0.60017
-0.26982
0.091678
-0.81829
0.42899
1.3616
0.64837
-0.35453
-0.52182
-0.027062
0.25417
0.11633
1.1851
1.1439
-0.0052858
-0.62783
-0.3989
0.021183
0.089638
0.66849
1.2951
0.7007
-0.41814
-0.57875
-0.20327
-0.061626
-0.15997
0.87045
1.1137
0.31393
-0.45704
-0.45615
-0.17058
-0.25562
-0.42714
0.74135
0.67851
0.044061
-0.40005
-0.38958
-0.27351
-0.41765
-0.57234
0.4074
0.30181
-0.091875
-0.3209
-0.3029
-0.36398
-0.47062
-0.507
-0.54208
-0.53581
-0.48373
-0.53617
-0.35954
0.13025
0.28055
0.10608
-1.0421
-1.2132
-1.0221
-0.7856
-0.29296
0.16953
0.10012
-0.17847
-1.082
-1.2444
-0.96659
-0.51197
-0.046086
0.16329
0.035293
-0.098652
0.023574
0.085151
0.24926
0.33574
0.2064
-0.013022
-0.087162
0.012179
1.108
1.3756
1.2616
0.8485
0.23924
-0.25912
-0.39407
-0.19328
1.009
1.2627
0.91685
0.49477
0.13276
-0.23869
-0.36875
-0.21407
0.23428
0.22887
0.15165
0.21132
0.28216
0.055048
-0.066277
0.014589
-0.071283
-0.18494
-0.12086
0.14143
0.35942
0.24751
0.066222
0.021093
0.014203
-0.030942
0.091906
0.53884
1.0469
1.2037
1.0952
0.72761
-0.081717
-0.19417
-0.25108
-0.15432
0.12408
0.34195
0.40009
0.2529
-0.22939
-0.43622
-0.74834
-0.98701
-1.0788
-0.99049
-0.8203
-0.6544
-0.38894
-0.66613
-0.89698
-1.0416
-1.1172
-1.0341
-0.90154
-0.74711
-0.42493
-0.64308
-0.46343
-0.15919
0.039835
0.21101
0.19625
0.0064572
-0.18674
-0.12992
0.31034
0.87525
1.1421
1.1551
0.93794
0.44432
0.33605
0.38139
0.55465
0.81331
0.87924
0.69459
0.32397
0.092413
0.29217
0.24369
0.25491
0.071923
-0.14643
-0.30035
-0.43049
-0.33813
0.5577
0.46594
-0.45751
-1.0929
-0.6028
0.24443
0.45193
0.18797
0.62264
0.032436
-1.0689
-1.1061
-0.044653
0.65218
0.50266
0.14603
0.24418
-0.71058
-1.2437
-0.41499
0.66203
0.71498
0.19408
-0.15318
-0.4935
-1.1685
-0.80202
0.48723
0.98829
0.41705
-0.24504
-0.2978
-1.0284
-1.0785
0.037879
0.99344
0.79447
0.12699
-0.16718
0.04827
-1.0786
-0.56674
0.64351
0.96091
0.40333
-0.013567
0.085383
0.31939
-0.76594
0.0019304
0.87807
0.72263
0.1123
-0.19906
0.022249
0.28924
-0.19886
0.39372
0.79856
0.52656
-0.022686
-0.26877
-0.098167
0.1577
0.42641
0.21094
-0.079181
-0.36029
-0.5401
0.035051
1.4151
1.8063
0.33452
0.30748
0.13332
-0.32495
-0.94051
-0.56504
1.1842
2.0382
0.066144
0.30946
0.33315
-0.11891
-1.0606
-1.3241
0.091239
1.4507
0.071563
0.3218
0.52268
0.30029
-0.69152
-1.4167
-0.74368
0.61275
0.056862
0.26028
0.55577
0.46443
-0.29171
-1.056
-0.9107
0.0029213
-0.038099
-0.050993
0.25512
0.26197
-0.15222
-0.60621
-0.70495
-0.33487
0.004243
-0.097562
0.060954
0.1666
-0.12229
-0.44064
-0.60481
-0.50163
0.14261
0.026707
0.10953
0.25456
-0.013396
-0.32543
-0.44318
-0.3966
0.085117
-0.047883
-0.26688
-0.66928
-0.92268
-0.48538
0.19466
0.53389
-0.10091
-0.17322
-0.39988
-0.81618
-0.86471
-0.30786
0.47348
0.61236
-0.23211
-0.38845
-0.65887
-0.78583
-0.40105
0.2919
0.62089
0.42185
-0.033364
-0.40819
-0.89554
-0.76226
0.17316
0.9002
0.7553
0.30456
0.10968
-0.37994
-1.0147
-0.74412
0.49586
1.0589
0.68559
0.25022
0.00015052
-0.52142
-0.96132
-0.42423
0.81259
1.0152
0.44191
0.14913
-0.25544
-0.67867
-0.71041
0.22857
1.1691
1.0239
0.3433
0.12564
-0.35445
-0.58292
-0.27849
0.54158
1.1283
0.85624
0.34945
0.17881
-0.096698
-0.17208
-0.04803
0.1992
0.4888
0.46712
0.078781
-0.259
0.14682
-0.072132
-0.42545
-0.31697
0.32854
0.66488
0.3306
-0.22403
0.49186
0.40434
-0.40356
-0.86617
-0.36663
0.33898
0.27536
-0.18372
0.5967
0.96549
0.30635
-0.81855
-0.92976
-0.37789
-0.13366
-0.3377
0.16502
1.0249
1.0329
-0.062262
-0.90577
-0.67781
-0.17976
-0.11033
-0.47775
0.56382
1.3955
0.7297
-0.46506
-0.7131
-0.27662
-0.0063573
-0.96548
-0.078361
1.3023
1.161
0.020441
-0.75548
-0.76308
-0.36567
-0.94707
-0.46183
0.70609
1.0476
0.29308
-0.46379
-0.801
-0.53945
-0.30427
-0.18104
-0.048965
-0.28906
-0.65429
-0.29809
0.46891
0.6618
-0.42629
-0.048988
0.11565
-0.385
-0.81981
-0.33909
0.64273
0.88781
-0.10794
0.40469
0.34682
-0.49101
-0.90538
-0.24575
0.55609
0.65586
0.18882
0.61333
0.24578
-0.74229
-1.0099
-0.050882
0.4577
0.18706
0.24179
0.4712
-0.11689
-1.0026
-0.83081
0.44756
0.69148
0.067057
0.22297
0.29813
-0.41235
-1.0694
-0.31885
1.0641
1.0317
0.1974
0.18034
0.0672
-0.68891
-1.054
-0.017153
1.1658
0.94878
0.15238
-0.031424
-0.175
-0.7572
-0.87247
-0.025185
0.72398
0.48945
-0.046539
-0.29464
-0.58026
-0.54172
0.25281
0.97897
1.1501
0.78487
0.39234
-0.33138
-0.64306
-0.66939
-0.086068
0.91305
1.5047
1.3076
0.65651
-0.068815
-0.39465
-0.7089
-0.63868
-0.049444
0.96301
1.4803
1.1569
0.22443
-0.03994
-0.52386
-0.99081
-1.0583
-0.20183
1.0255
1.3307
0.40574
0.16137
-0.25907
-0.66346
-1.0726
-0.87973
0.082629
0.79115
0.4101
0.10008
-0.18512
-0.22619
-0.54539
-0.87684
-0.70467
-0.099803
0.32044
-0.0063578
-0.22597
-0.14096
-0.22364
-0.55751
-0.84654
-0.62506
0.14955
0.041956
-0.010594
0.066767
0.060907
-0.14234
-0.52104
-0.58752
0.061915
-0.23919
-0.3314
0.34853
0.95264
0.43146
-0.66819
-0.90852
0.046247
-0.34307
-0.57487
0.092977
1.1432
0.9
-0.59978
-1.2
-0.089274
-0.40024
-0.7759
-0.30676
0.98075
1.3435
0.044578
-0.94292
-0.13588
-0.2935
-0.73499
-0.73549
0.38051
1.3993
0.86673
-0.2486
-0.18816
-0.18228
-0.46325
-0.96046
-0.48059
0.85267
1.1847
0.26431
-0.29472
-0.070254
-0.035496
-0.60428
-0.82539
0.1387
1.0075
0.57358
-0.29187
-0.010171
0.20492
-0.13382
-0.61486
-0.23693
0.57333
0.72675
-0.14481
-0.033541
0.098512
0.0021839
-0.41346
-0.42132
0.16929
0.54742
-0.12957
-0.06115
-0.082693
-0.19095
-0.27752
-0.43881
-0.62221
-0.51063
-0.042184
-0.008099
-0.073961
-0.22795
-0.2256
-0.18458
-0.27743
-0.22086
-0.22102
-0.36103
-0.38907
-0.46286
-0.35726
-0.057694
0.13439
0.128
-0.43285
-0.60402
-0.62056
-0.78503
-0.83844
-0.61065
-0.33881
-0.26322
0.0077497
0.14817
0.10303
-0.36704
-0.87383
-1.0322
-1.0453
-0.93435
0.62415
0.97287
1.0442
0.77222
0.31011
-0.18846
-0.58354
-0.73478
0.27535
0.45568
0.75137
1.0929
1.3579
1.3086
0.96607
0.53053
-0.27702
-0.41653
-0.28422
0.27149
0.83784
1.3201
1.381
0.98643
-0.30517
-0.51641
-0.49941
-0.36036
-0.29384
-0.24238
-0.22573
-0.16388
-0.21693
-0.24271
-0.15431
7.5384e-06
0.067609
0.23225
0.39703
0.37957
0.27855
0.66811
0.8858
0.82028
0.69164
0.61355
0.57124
0.44847
0.74671
1.2614
1.2115
0.79115
0.30863
-0.1136
-0.27737
-0.18695
0.51448
0.40259
0.033532
-0.4047
-0.7766
-1.0545
-1.0422
-0.70707
-0.40137
-0.88246
-1.0414
-0.99063
-0.9507
-0.89328
-0.71964
-0.37171
-0.76937
-0.89542
-0.67318
-0.27695
0.099086
0.26747
0.42768
0.44037
-0.43829
-0.187
0.18322
0.60524
0.91964
0.93178
0.86384
0.64172
0.18539
-0.086595
-0.63126
-0.92866
-0.72927
-0.37394
-0.26598
-0.26156
0.83982
0.61806
-0.18371
-0.83647
-0.96731
-0.69662
-0.62624
-0.68205
0.67601
0.8537
0.57481
0.0061014
-0.40637
-0.35889
-0.39915
-0.48103
-0.10023
0.2915
0.62406
0.73934
0.6387
0.56214
0.2759
-0.056854
-0.54308
-0.43602
-0.092754
0.35298
0.76442
1.0354
0.82113
0.31943
-0.26281
-0.34164
-0.43102
-0.52816
-0.19044
0.536
0.87474
0.66833
0.017297
-0.056462
-0.34145
-0.80996
-0.74619
-0.071392
0.75203
0.90895
0.056516
0.0099599
-0.2419
-0.57734
-0.60571
-0.16206
0.39149
0.63686
-0.88983
-0.40891
0.73948
1.1487
0.67068
0.12105
0.059549
0.13593
-1.1423
-0.91717
0.39079
1.3555
0.91306
0.15448
0.11957
0.30419
-0.96996
-1.2958
-0.4634
0.82647
0.88809
0.19045
0.15734
0.44013
-0.54079
-1.1876
-1.0226
0.14625
0.78303
0.42713
0.26296
0.46701
-0.077309
-0.78741
-1.0465
-0.13239
0.70962
0.66411
0.48115
0.54913
0.18869
-0.47937
-0.83527
-0.34236
0.36765
0.45692
0.42017
0.45614
0.3653
-0.18105
-0.7268
-0.70222
-0.30183
0.056325
0.2217
0.3015
0.44103
0.057656
-0.56163
-0.74495
-0.60304
-0.21327
0.15743
0.21072
-0.86476
-1.2069
-0.89292
0.014127
0.7979
0.73678
0.23933
-0.10971
-0.97005
-1.1823
-0.45614
0.70738
1.1222
0.57721
0.022768
-0.17983
-0.96279
-0.82703
0.19976
1.0628
0.88907
0.10126
-0.29264
-0.33529
-1.049
-0.59433
0.52124
0.93936
0.50621
-0.0025508
-0.13281
-0.098814
-0.96686
-0.29817
0.75175
0.82623
0.25217
-0.073489
0.015502
0.19733
-0.6473
0.16099
0.99234
0.66101
-0.16697
-0.52715
-0.21245
0.038938
-0.21222
0.58488
1.0382
0.43712
-0.34716
-0.57292
-0.33949
-0.19652
0.013181
0.6486
0.71796
0.1353
-0.28887
-0.29357
-0.17441
-0.1287
0.25973
-0.30675
-0.70064
-0.58445
-0.42282
-0.39667
-0.26493
-0.11172
0.66892
-0.03765
-0.79967
-0.77162
-0.4936
-0.28711
-0.17344
-0.11547
1.0089
0.37011
-0.65631
-0.87022
-0.5819
-0.23443
-0.061533
-0.097885
1.183
0.72482
-0.43958
-0.90836
-0.71328
-0.28379
-0.065839
-0.083372
1.2288
1.0047
-0.11813
-0.8109
-0.70997
-0.35957
-0.1242
-0.12039
1.2065
1.2742
0.2841
-0.48869
-0.58937
-0.35772
-0.15717
-0.068634
1.1685
1.4064
0.62379
-0.16892
-0.43008
-0.2946
-0.014656
0.14992
0.95722
1.1874
0.63064
0.026612
-0.24578
-0.16659
0.026923
0.1908
0.21087
0.38959
0.34825
-0.063761
-0.36592
-0.2882
-0.1173
-0.13818
0.50409
0.91692
0.9386
0.54284
0.054087
-0.24412
-0.42299
-0.41278
0.29986
0.70247
0.92143
0.78895
0.29023
-0.50424
-0.94869
-0.79629
-0.47234
-0.27969
0.14789
0.50949
0.39807
-0.21038
-0.46293
-0.31772
-0.80034
-0.86816
-0.38407
0.39377
0.87555
0.9171
0.85412
0.76023
-0.40136
-0.58883
-0.22647
0.42605
0.76418
0.72382
0.65661
0.61827
0.062945
-0.091551
0.014379
0.14029
-0.19867
-0.77022
-0.90779
-0.59282
0.25504
0.13724
0.037576
-0.06714
-0.52373
-1.1606
-1.3379
-0.94367
-0.040443
0.015084
-0.16823
-0.51814
-0.69625
-0.84789
-1.0042
-0.87518
0.43111
0.77815
0.76741
0.4445
0.22328
0.09859
-0.26706
-0.37534
0.44543
0.74624
0.86238
0.91339
1.2171
1.5443
1.3015
0.75554
-0.16047
-0.22358
-0.24952
-0.052791
0.52043
1.1443
1.2537
0.89505
-0.4898
-0.72069
-0.84495
-0.86062
-0.59488
-0.27813
-0.085914
-0.036277
-0.12333
-0.13952
-0.21625
-0.41063
-0.62582
-0.81789
-0.82983
-0.6566
0.16425
0.32452
0.3069
0.065412
-0.28235
-0.56721
-0.71204
-0.64158
0.040539
0.20914
0.16098
-0.10407
-0.24162
-0.19966
-0.23344
-0.28092
0.31203
0.41526
0.46611
0.41654
0.066141
-0.64516
-1.1566
-0.95089
0.11568
0.17719
0.24861
0.27065
-0.14458
-1.0313
-1.4197
-0.88851
0.13245
-0.07392
-0.16651
-0.25184
-0.62804
-1.082
-0.69494
0.14311
0.21904
0.011475
-0.20571
-0.56898
-0.93924
-0.59535
0.60353
1.3726
0.022086
-0.050139
-0.31025
-0.65109
-0.64957
0.17855
1.3118
1.5251
-0.2504
-0.37173
-0.5127
-0.483
-0.017416
0.76087
1.1145
0.8872
-0.26754
-0.35014
-0.41429
-0.099971
0.59106
0.93067
0.72518
0.38785
-0.013419
0.027235
-0.088378
0.18193
0.76631
0.82595
0.46089
0.2314
-0.33667
-0.41903
0.090699
0.66083
0.60225
0.28883
-0.035533
-0.20087
-0.42129
-0.45843
0.14544
0.78156
0.86321
0.50746
-0.094328
-0.356
-0.078776
-0.0077528
0.22563
0.44458
0.53887
0.28431
-0.10289
-0.19395
0.80815
1.0598
0.8015
0.41147
0.1902
-0.0038081
-0.090506
-0.051553
1.0955
1.2284
0.94921
0.54483
0.241
0.1962
0.2485
0.19879
-0.093628
-0.15866
-0.10552
0.017874
0.079421
0.32249
0.5075
0.40808
-1.1778
-1.44
-1.0371
-0.60447
-0.50842
-0.32571
-0.11765
-0.024805
-1.1697
-1.2353
-0.85039
-0.58668
-0.69813
-0.83805
-0.68303
-0.41831
0.31724
0.48096
0.4754
0.44096
0.23262
-0.1598
-0.34228
-0.30641
0.22095
0.12335
-0.071544
-0.21282
-0.32847
-0.45605
-0.4488
-0.30597
-0.43514
-0.7274
-0.96099
-1.0513
-0.82607
-0.49864
-0.18685
-0.022877
-0.55402
-0.6177
-0.59869
-0.51415
-0.23807
0.13182
0.43905
0.41048
0.33704
0.66875
0.88758
1.0612
1.0683
0.99324
0.8933
0.59482
0.80539
1.0978
1.2433
1.2392
1.073
0.79691
0.50148
0.22167
0.27247
0.076977
-0.10317
-0.25979
-0.33016
-0.38164
-0.36479
-0.31642
-0.53721
-0.71654
-0.86429
-0.98002
-0.9815
-0.89659
-0.67034
-0.4125
-0.35924
-0.7168
-1.0704
-1.0672
-0.50944
0.52638
1.2371
1.1593
-0.45425
-0.80103
-0.90286
-0.51243
0.28751
1.1486
1.6018
1.1653
-0.55109
-0.53587
-0.08206
0.70433
1.0184
0.94393
0.68825
0.091617
-0.66061
-0.38842
0.32963
0.92484
0.73428
0.045901
-0.62027
-0.83849
-0.37303
-0.22078
0.021
0.14163
0.21786
-0.14552
-0.60572
-0.63903
0.25244
0.070093
-0.29506
-0.36416
-0.012178
0.0656
-0.083111
-0.046873
0.59134
0.15709
-0.39502
-0.33615
-0.042791
-0.019406
-0.11001
-0.059754
0.47203
0.052373
-0.31892
-0.19811
-0.077544
-0.13273
-0.29241
-0.3259
-0.24145
-0.21594
-0.07616
-0.12207
-0.15712
-0.025906
0.10967
0.10594
-0.15861
-0.24867
-0.26196
-0.3027
-0.3198
-0.079666
0.30167
0.29414
-0.12457
-0.091921
-0.037115
-0.06104
-0.16109
-0.09579
0.16665
0.12425
-0.31623
-0.097875
0.0045913
-0.053092
-0.23597
-0.35607
-0.35512
-0.32108
-0.87238
-0.99274
-0.9921
-0.88613
-0.80987
-0.70655
-0.49246
-0.33854
-0.89044
-1.1313
-1.0458
-0.90161
-0.65439
-0.2951
-0.0091994
0.081736
0.3034
0.6559
0.91854
0.8706
0.72247
0.74102
0.64717
0.33914
0.91718
1.4555
1.7428
1.5212
1.0783
0.85455
0.60242
0.2338
-0.7921
-0.13677
0.67459
0.35623
-0.24494
-0.23522
0.041795
0.10428
-1.0918
-0.17967
0.99728
0.64676
-0.21573
-0.24645
0.020572
0.12992
-1.3316
-0.44531
0.97215
0.80274
-0.065913
-0.14693
0.071596
0.12859
-1.4484
-0.65084
0.8575
0.90731
0.19536
0.13225
0.28508
0.15861
-1.401
-0.77745
0.66943
0.82118
0.15435
0.030074
0.23662
0.2363
-1.28
-0.82848
0.5668
0.82452
0.087843
-0.15915
0.19603
0.4131
-1.3632
-1.0417
0.29653
0.8955
0.37687
0.089813
0.37618
0.53922
-1.2882
-1.0757
0.0020383
0.69822
0.55084
0.30647
0.36673
0.36452
0.21044
0.66386
0.89487
0.48004
-0.34367
-0.87693
-0.76249
-0.37364
-0.035859
0.64966
1.0268
0.54195
-0.42018
-0.98954
-0.91126
-0.52563
-0.25459
0.40598
0.85218
0.46088
-0.40592
-0.78802
-0.53126
-0.11955
-0.31505
0.17513
0.70444
0.45168
-0.53923
-0.80321
-0.32679
0.17516
-0.40395
0.13449
0.89247
0.60705
-0.57019
-0.96914
-0.42784
0.10336
-0.40522
0.38924
1.1964
0.65784
-0.63342
-0.87563
-0.15596
0.38965
-0.053855
0.73101
1.1133
0.13734
-0.95665
-0.80692
0.17048
0.72526
0.21371
0.74531
0.66395
-0.34626
-1.0428
-0.75033
0.11089
0.53913
0.82101
0.66732
-0.20142
-0.53064
-0.29226
-0.11542
-0.043884
-0.078604
0.67724
0.57921
-0.34071
-0.6792
-0.31739
-0.046918
0.10253
0.096282
0.40906
0.48943
0.032036
-0.32329
-0.28289
-0.028303
0.25097
0.28066
0.087731
0.54772
0.82935
0.45586
-0.1816
-0.32355
-0.05274
0.1302
-0.43573
0.17662
1.139
1.2363
0.47936
-0.12653
-0.23326
-0.15626
-0.91488
-0.64812
0.46236
1.3174
1.1667
0.49592
-0.035747
-0.27646
-1.1154
-1.3538
-0.8539
0.26447
0.87727
0.66077
0.034636
-0.36516
-0.78708
-1.2209
-1.3378
-0.75034
0.028661
0.2174
-0.13921
-0.44747
-0.33722
-0.61175
-1.0067
-1.0197
-0.0065807
1.0743
0.72302
-0.09085
-0.27766
-0.56737
-1.0134
-1.1258
-0.021212
1.193
0.89198
0.095429
-0.087622
-0.27175
-0.59801
-0.796
0.051397
0.97541
0.809
0.32039
-0.15871
-0.094501
-0.14959
-0.16765
0.28606
0.7507
0.70398
0.39846
-0.30303
-0.081751
0.0073849
0.075469
0.48064
0.754
0.65757
0.33325
-0.33841
-0.22848
-0.34884
-0.39166
0.21494
0.82364
0.75274
0.22687
-0.34418
-0.45364
-0.76402
-0.86714
-0.17989
0.69246
0.78304
0.24099
-0.25359
-0.49208
-0.77791
-0.72411
-0.18965
0.33199
0.45062
0.23212
1.3279
1.701
1.6875
1.4935
0.91986
0.40964
0.23272
0.13354
0.67332
1.0793
1.3003
1.2744
0.9048
0.67418
0.55639
0.29649
-0.947
-0.90396
-0.54152
-0.19086
0.024878
0.25699
0.4905
0.39181
-1.211
-1.326
-1.0682
-0.72041
-0.50129
-0.30603
-0.16956
-0.15805
-0.53518
-0.46685
-0.37064
-0.33429
-0.45154
-0.53115
-0.60313
-0.61455
0.057948
0.02031
-0.10875
-0.17681
-0.35279
-0.53147
-0.56429
-0.51436
0.10631
-0.094161
-0.29386
-0.23231
-0.26132
-0.31453
-0.20233
-0.11118
-0.097298
-0.26708
-0.3075
-0.18545
-0.17243
-0.055995
0.16337
0.22119
0.031177
0.034805
-0.028607
-0.4076
-0.6815
-0.29116
0.61513
0.77099
-0.049421
0.0010189
-0.030581
-0.28423
-0.58862
-0.25612
0.75112
0.91168
-0.26419
-0.24911
-0.16692
-0.15001
-0.43852
-0.10112
0.92329
1.0553
-0.26194
-0.27993
-0.23234
-0.28832
-0.61482
-0.134
1.176
1.3022
-0.13559
-0.15943
-0.15863
-0.39353
-0.93088
-0.38908
1.1863
1.4796
-0.15931
-0.15427
-0.063859
-0.40396
-1.1164
-0.74223
0.97848
1.5113
-0.24232
-0.13478
-0.088995
-0.46739
-1.1641
-0.91545
0.67576
1.3743
-0.24453
-0.12555
-0.14016
-0.46813
-1.035
-0.74852
0.49825
1.0166
0.039112
0.066254
0.068198
0.042329
-0.0049885
-0.045982
-0.057902
-0.040253
0.058435
0.09504
0.091034
0.044416
-0.019843
-0.067043
-0.083871
-0.064275
0.065553
0.10283
0.087874
0.028445
-0.027603
-0.066402
-0.081403
-0.065547
0.075437
0.10248
0.073691
0.014646
-0.029939
-0.058712
-0.076571
-0.063797
0.073091
0.089607
0.058645
0.0099601
-0.028376
-0.058179
-0.079393
-0.066582
0.060636
0.075657
0.048511
0.010363
-0.029254
-0.06617
-0.086159
-0.069309
0.053856
0.072545
0.047109
0.0062853
-0.03544
-0.073336
-0.086974
-0.068684
0.042698
0.057813
0.037802
0.0044949
-0.027695
-0.055401
-0.066636
-0.048709
-0.482
-0.30932
0.25349
0.94985
1.3085
1.2085
0.70372
0.16964
-0.015136
0.38181
0.93726
1.408
1.2528
0.6187
-0.048022
-0.37912
0.70951
1.0038
0.97694
0.73918
0.1373
-0.58747
-0.88307
-0.73207
0.67393
0.60982
0.1364
-0.33501
-0.69448
-0.99631
-1.0029
-0.67309
0.058427
-0.18356
-0.5323
-0.70169
-0.70841
-0.68035
-0.66464
-0.48618
-0.30549
-0.34536
-0.36452
-0.43134
-0.48456
-0.39111
-0.38859
-0.26468
-0.35598
-0.14423
0.2062
0.048361
-0.17851
-0.19166
-0.21321
-0.17321
-0.29015
-0.11026
0.26661
0.26577
0.1138
0.00077622
-0.025224
0.029246
0.07165
0.25912
0.16758
-0.079573
-0.30401
-0.38723
-0.38299
-0.2335
0.03293
0.076581
-0.25483
-0.66009
-0.75963
-0.57226
-0.22743
0.062019
-0.31816
-0.38696
-0.46513
-0.39741
-0.053433
0.43504
0.74418
0.67845
-0.23284
-0.022027
0.5665
1.0303
1.3883
1.543
1.2043
0.57997
0.31588
0.64708
1.131
1.2851
1.0628
0.65089
0.13874
-0.30009
0.39114
0.35016
0.17324
-0.26861
-0.7535
-0.91248
-0.92572
-0.73681
0.045262
-0.13175
-0.49886
-0.91941
-1.1464
-1.007
-0.68384
-0.41064
-0.10067
-0.15211
-0.37669
-0.48278
-0.41429
-0.23776
-0.048304
0.033815
-0.41501
-0.58506
-0.57928
-0.55796
-0.66361
-0.79287
-0.73683
-0.51
-0.41097
-0.6556
-0.71982
-0.70585
-0.76086
-0.7221
-0.47922
-0.28375
-0.6382
-0.8036
-0.72498
-0.61457
-0.49775
-0.098354
0.37825
0.47821
-0.89325
-0.90561
-0.55845
-0.29535
-0.092563
0.31874
0.83113
0.88209
-0.71065
-0.45391
-0.068039
0.041995
0.074865
0.3625
0.72318
0.67501
0.12899
0.61123
0.80935
0.62657
0.29589
0.31031
0.45127
0.30863
0.88502
1.3173
1.3074
0.92979
0.45572
0.14501
0.063762
0.020713
0.80987
1.0053
0.86394
0.57877
0.26572
-0.048789
-0.19607
-0.14653
0.48822
0.84917
0.46883
-0.41133
-0.87058
-0.77769
-0.65254
-0.45865
0.71116
1.2168
0.87684
-0.21818
-0.83453
-0.87519
-0.88647
-0.68877
0.76875
1.2338
1.0761
0.17414
-0.45373
-0.68329
-0.86166
-0.77901
0.51985
0.81528
0.83313
0.28614
-0.15211
-0.4033
-0.6174
-0.6086
0.17367
0.26192
0.32503
0.1345
-0.080282
-0.24451
-0.53238
-0.60336
0.11764
0.17528
0.25724
0.3242
0.17749
-0.1634
-0.64506
-0.79075
-0.010753
0.29006
0.54771
0.77938
0.66051
0.080513
-0.61372
-0.86875
-0.14182
0.16153
0.49642
0.77035
0.76605
0.1622
-0.53752
-0.76027
0.11216
0.6775
0.87037
0.37459
-0.38672
-0.89608
-0.92845
-0.65961
-0.31132
0.22239
0.89724
0.85614
0.040337
-0.81341
-1.1099
-0.79286
-0.55008
-0.28996
0.53229
1.0728
0.68338
-0.24325
-0.81946
-0.74252
-0.40572
-0.413
0.17903
0.97822
1.0986
0.31584
-0.63431
-0.86826
-0.20422
-0.41149
-0.24995
0.4431
0.94723
0.55197
-0.45474
-0.9637
-0.15581
-0.39993
-0.56619
-0.23636
0.60872
0.90695
0.23649
-0.50335
-0.10257
-0.25867
-0.61075
-0.51438
0.41608
1.1719
0.907
0.08199
0.015028
0.033944
-0.3453
-0.48245
0.11111
0.86281
0.91344
0.38732
-0.086256
-0.19528
0.23302
0.68215
0.21462
-0.42731
-0.34609
-0.11449
-0.12607
-0.26228
0.28034
0.73723
0.13397
-0.5952
-0.3705
0.06159
-0.32968
-0.46699
0.10261
0.65811
0.073125
-0.73334
-0.47413
0.050502
-0.34912
-0.49781
-0.070598
0.46745
-0.005726
-0.82698
-0.75986
-0.17357
0.069564
-0.048576
0.13556
0.51117
0.1678
-0.70651
-0.96509
-0.55693
0.54561
0.53616
0.53251
0.81825
0.59209
-0.35376
-0.94831
-0.84623
0.56057
0.73522
0.7472
1.0429
0.98828
0.024808
-0.95798
-1.0457
0.24594
0.51056
0.61285
0.92017
0.96009
0.19392
-0.78996
-0.91326
-0.15639
-0.10632
-0.0070405
0.27592
0.72061
0.53953
-0.31432
-0.76805
-0.017863
-0.09851
-0.19145
0.20532
0.84464
0.6516
-0.37672
-0.91269
0.20046
-0.01119
-0.30158
0.17522
0.95181
0.71654
-0.30484
-0.87043
0.35293
0.018466
-0.29582
0.26802
1.037
0.75891
-0.35805
-0.93957
0.20108
-0.19023
-0.36906
0.33832
1.0794
0.58808
-0.70816
-1.2553
-0.030289
-0.34669
-0.30363
0.5318
1.1318
0.41125
-1.0252
-1.4793
-0.11182
-0.22412
0.041748
0.84535
1.1652
0.32732
-1.0879
-1.4522
-0.10241
-0.10969
0.21858
0.75136
0.8998
0.35412
-0.78348
-1.1031
0.56207
0.54225
0.077363
-0.12484
0.19591
0.53467
0.342
-0.11522
0.48399
0.45247
0.11038
0.10161
0.57974
0.76723
0.24941
-0.41198
0.28779
0.31908
0.30364
0.53299
0.9174
0.62018
-0.36031
-1.0349
0.19796
0.29254
0.52817
0.83363
0.8346
0.046987
-1.1089
-1.3271
0.15758
0.3409
0.69343
0.80935
0.37984
-0.67867
-1.4383
-1.1536
0.24909
0.50603
0.66057
0.47738
-0.22811
-1.1499
-1.266
-0.65369
0.40516
0.46085
0.35428
-0.10298
-0.83725
-1.1906
-0.80331
-0.079977
0.38325
0.19707
-0.046836
-0.53589
-0.98613
-0.88916
-0.29297
0.16606
0.0563
0.24937
0.29975
0.24404
0.16464
0.1187
0.029904
0.059233
-0.044466
0.1156
0.22068
0.2115
0.11852
0.064949
-0.060579
-0.10083
-0.22945
-0.23401
-0.048127
0.14214
0.1936
0.03644
-0.34622
-0.47348
-0.23882
-0.59293
-0.70279
-0.21466
0.33309
0.36198
-0.16995
-0.44234
0.21997
-0.4148
-1.0339
-0.84378
-0.13713
0.20206
0.10951
0.0045303
1.159
0.74492
-0.41073
-1.0085
-0.89884
-0.52173
-0.16113
0.06071
1.5931
1.7449
0.84063
-0.44484
-1.0137
-0.86944
-0.57465
-0.30355
1.1374
1.7426
1.3354
0.28692
-0.47743
-0.62442
-0.61569
-0.48373
0.086293
0.11433
0.07497
0.036639
0.18159
0.34774
0.25539
-0.0021558
0.08196
-0.0063673
-0.18022
-0.17111
0.051841
0.10895
-0.15345
-0.3211
-0.079435
-0.26726
-0.37421
-0.18321
0.043551
-0.2286
-0.77223
-0.6887
-0.18421
-0.3323
-0.27639
0.0184
0.0053864
-0.63354
-1.0622
-0.59042
-0.00063853
-0.12505
-0.11712
-0.059857
-0.39666
-0.96955
-0.67582
0.3631
0.26164
0.10072
-0.20227
-0.56726
-0.98018
-0.87432
0.49813
1.6797
0.35188
0.14008
-0.26363
-0.73356
-0.81201
0.061966
1.7495
2.2808
0.20496
-0.019884
-0.27896
-0.39619
-0.18633
0.74146
1.8235
1.6607
-0.39555
-0.26539
0.15564
0.032682
-0.53242
-0.49581
0.3555
0.69846
-0.30052
-0.0037979
0.30124
-0.18387
-0.76464
-0.19878
0.96889
1.0625
0.041184
0.17636
-0.030421
-0.69124
-0.69284
0.39029
1.2136
0.78225
0.07478
-0.099422
-0.58221
-0.83197
-0.034986
1.0625
0.90764
0.0024438
-0.25202
-0.63549
-0.75093
-0.1277
0.87112
1.0682
0.10871
-0.62074
-0.56865
-0.68883
-0.19239
0.73552
1.1012
0.40103
-0.59114
-0.69968
-0.5483
-0.17722
0.51911
0.85727
0.34977
-0.51119
-0.79682
-0.50048
-0.24463
0.25928
0.61256
0.34872
-0.50499
-0.86562
-0.50548
-0.11761
-0.91935
-1.398
-1.5287
-1.2586
-1.0107
-0.92008
-0.72605
-0.3862
-0.34493
-0.7327
-1.0195
-0.91679
-0.79008
-0.74758
-0.60031
-0.20078
0.73078
0.82894
0.59181
0.31213
0.072324
-0.10246
-0.0015529
0.25799
1.0606
1.2732
1.1348
0.93951
0.8297
0.49267
0.38467
0.49949
0.4843
0.63295
0.55946
0.52018
0.58337
0.37899
0.34266
0.46893
0.078927
0.17853
0.22865
0.24268
0.15183
-0.119
-0.15633
0.13697
-0.012334
0.056064
0.23574
0.26153
0.02804
-0.26804
-0.42245
-0.22273
-0.16552
-0.12474
0.21065
0.29533
0.14422
0.019323
-0.17167
-0.229
-0.31157
-0.78994
-0.74196
0.17149
0.85769
0.44945
0.0019844
0.15688
-0.26455
-0.84159
-0.8776
0.16952
0.88125
0.35412
-0.098263
0.17319
-0.22579
-0.76359
-0.85088
0.19414
0.76469
0.3039
0.040836
0.30061
-0.27485
-0.78394
-0.72817
0.30717
0.61209
0.18796
0.18301
0.37536
-0.36011
-0.87887
-0.63697
0.43979
0.57325
-0.013685
0.10998
0.37607
-0.5842
-0.95906
-0.44891
0.72698
0.76942
0.087304
0.12656
0.37381
-0.82658
-1.2072
-0.44793
0.91012
1.0358
0.41491
0.33376
0.34467
-0.7652
-1.1572
-0.46423
0.82856
1.0363
0.57397
0.36534
0.19368
1.4294
1.5323
0.64116
-0.31363
-0.46073
-0.14878
-0.064171
-0.11754
1.8265
1.6764
0.29826
-0.68345
-0.57135
-0.13433
0.030224
0.073514
1.5101
1.0756
-0.2416
-0.93799
-0.6101
-0.024241
0.21874
0.23555
0.40189
-0.05311
-0.76867
-0.90084
-0.48103
0.029898
0.21516
0.27776
-0.51052
-0.797
-0.78665
-0.49998
-0.23179
-0.13167
-0.10093
0.088039
-0.73368
-0.85815
-0.47757
-0.10186
-0.086327
-0.2212
-0.31561
-0.11508
-0.50114
-0.48638
-0.10569
0.21201
0.15313
-0.033307
-0.12974
-0.073934
-0.11289
-0.03207
0.24633
0.36154
0.29099
0.24502
0.25543
0.20189
0.12344
0.1731
0.0004363
-0.29225
-0.00042932
0.52706
0.49151
0.085977
0.27768
0.49453
0.45214
0.30902
0.68489
1.0246
0.68371
0.14234
0.0072491
0.29455
0.40052
0.38375
0.54995
0.52682
0.055107
-0.33494
-0.39611
-0.32458
-0.34301
-0.49724
-0.57904
-0.71692
-0.94069
-0.90744
-0.39261
-0.42586
-0.60905
-0.91021
-0.84728
-0.5612
-0.42226
-0.40193
-0.3887
-0.45041
-0.50663
-0.36662
0.31084
0.92722
0.85132
0.46965
-0.61177
-0.77552
-0.5599
0.10797
1.0066
1.3859
0.92915
0.35703
-0.54396
-0.70501
-0.46545
0.074245
0.63378
0.68543
0.21599
-0.17461
0.3715
-0.023493
-0.3905
-0.04393
0.65809
0.48124
-0.4173
-0.73592
0.31874
-0.17589
-0.29978
0.4528
0.95503
0.13176
-0.88575
-0.80273
-0.052473
-0.28798
0.17527
0.82422
0.61242
-0.50299
-0.95454
-0.41876
-0.31104
0.081229
0.85548
0.88312
-0.046898
-0.94028
-0.6304
0.11815
0.10836
0.80078
1.0067
0.31063
-0.69214
-0.82431
-0.033296
0.43573
0.8209
1.0283
0.25432
-0.68452
-0.85349
-0.22006
0.35822
0.39505
0.99669
0.46951
-0.74263
-1.1689
-0.50285
0.30088
0.29161
-0.026818
0.59462
-0.26095
-0.99896
-0.84782
0.002555
0.36583
0.027918
-0.28667
0.35791
0.51737
0.48519
0.41546
0.42403
0.56199
0.66575
0.49036
0.4936
0.8132
0.82838
0.67412
0.57779
0.61805
0.64476
0.51672
0.37889
0.7908
0.96101
0.85342
0.6176
0.46526
0.46064
0.37986
-0.18216
0.13931
0.48863
0.67259
0.56075
0.38176
0.30269
0.26492
-0.8387
-0.76649
-0.32493
0.092133
0.25867
0.24274
0.13491
0.073185
-0.97953
-1.1725
-0.98287
-0.68241
-0.39413
-0.2749
-0.2942
-0.22541
-0.7298
-0.99375
-1.0923
-1.0298
-0.76396
-0.58947
-0.5236
-0.3632
-0.44475
-0.58622
-0.77564
-0.84894
-0.65646
-0.50465
-0.48293
-0.37493
-0.48649
-0.46865
-0.35842
-0.25966
-0.16559
-0.099225
-0.024468
0.033878
-0.33391
-0.47252
-0.62611
-0.8194
-0.93015
-0.86688
-0.66977
-0.44275
-0.025353
-0.022774
-0.22978
-0.76075
-1.1663
-1.3129
-1.3213
-1.046
0.49693
0.62835
0.64795
0.34813
-0.22858
-0.73297
-1.0822
-0.96947
0.49075
0.5759
0.8035
0.93594
0.8402
0.51526
0.074081
-0.22885
0.061258
-0.0030954
0.24691
0.67499
0.90026
0.91581
0.76716
0.40104
0.0029461
-0.085335
0.1156
0.37669
0.56001
0.70012
0.71055
0.51461
0.14815
0.16443
0.26689
0.30622
0.25886
0.34651
0.55036
0.48683
-4.4656
-5.1287
-5.0862
-5.0826
-4.6517
-5.0032
-4.8675
-5.028
-4.9643
-5.0376
-5.1104
-4.9817
-4.8485
-4.9856
-4.789
-5.1961
-5.097
-5.1327
-4.8241
-4.9435
-4.9181
-4.9326
-4.9439
-4.8189
-4.8015
-5.0187
-5.0391
-5.1536
-5.1138
-5.0971
-5.1605
-4.4789
-4.9428
-4.8701
-4.9959
-5.0675
-4.9029
-4.9675
-5.0507
-5.1874
-4.8385
-4.6484
-4.867
-5.06
-5.1395
-4.7799
-4.9338
-4.8464
-5.2003
-5.169
0.015531
0.0084169
0.0094121
0.014897
0.0064164
-0.0040624
-0.0089626
0.0015087
-0.0012108
-0.011325
-0.0051121
0.0051906
-0.0035277
-0.011302
-0.018194
-0.0052924
0.013699
-0.00072691
-0.0040803
0.00040908
-0.0028632
-0.0064999
-0.012409
-0.00267
0.024459
0.0085153
-0.0072197
-0.011676
-0.0032719
0.0023639
0.0035485
0.0043488
0.020806
0.010279
-0.0089318
-0.011376
-0.0031627
0.0030075
0.00045005
0.0020371
0.014236
0.0066814
-0.0075302
-0.0087537
0.00084981
0.00069661
-0.0088414
-0.00961
0.010746
0.0036589
-0.0055496
-0.0061111
0.0013578
0.0015181
-0.0071834
-0.011187
0.010396
0.00037247
-0.0016394
0.00068347
0.0063929
0.0075582
0.0030058
-0.0017298
