0.093119
-0.18621
-0.4523
-0.088434
1.1988
-0.23518
0.048752
-0.23572
-0.11762
0.26721
-0.63201
-0.20441
0.039349
-0.31582
-0.15097
-0.0060031
-0.16717
0.14464
0.64037
-0.25188
0.20189
1.0288
0.28897
-0.29734
-0.57763
-0.73415
-0.047052
0.55372
0.096286
-0.17387
-0.49447
-0.0049885
0.32322
0.35973
-0.15639
-0.23934
-0.0045475
-0.29673
-0.71186
0.082282
-0.75885
0.17327
-0.002105
-0.85086
-0.0074313
-0.28882
0.031515
-0.35643
0.37779
0.50359
0.059773
-0.97366
-0.27346
0.39604
0.10869
-0.014768
0.028166
0.81594
0.27886
0.0018945
0.21458
-0.0015788
0.05446
-0.13611
-0.23626
0.024696
-0.30087
1.3592
0.43955
0.28079
0.15996
-0.061237
-0.33896
-0.13518
1.0507
-0.84762
-0.52306
-0.18671
-0.1131
0.32346
-0.65995
-0.41514
0.10246
0.31427
-0.19182
-0.008585
-0.23219
0.15472
1.0846
-0.40127
0.17723
0.88961
0.18488
-0.36526
-1.0875
-0.7313
-0.074627
0.65075
0.71128
0.012392
-0.28689
-0.0063998
0.36635
0.3026
-0.030261
-0.13694
-0.0034256
-0.060028
-0.52852
0.11168
-1.0913
0.23828
-0.0063621
-1.0241
-0.0057053
-0.30489
-0.093883
-0.63798
0.20618
0.76754
0.10403
-0.37496
-0.39444
0.60945
-0.0535
-0.18101
0.027941
1.5749
0.20468
0.0050048
0.32954
-0.0027723
0.046274
-0.14503
-0.16292
0.04747
-0.67438
1.4023
-0.067559
0.29584
0.12565
0.061792
0.0074067
-0.13804
0.095115
-1.1776
-0.75408
-0.12814
0.004478
-0.039648
-0.46295
-0.65727
0.065005
0.59488
-0.17294
-0.010758
-0.20432
0.11914
1.4287
-0.36279
0.031264
0.022008
-0.036855
-0.10373
-1.1805
0.15304
-0.16529
0.48027
1.197
0.37178
0.51511
-0.0036266
0.055752
0.020311
0.17927
0.034942
0.00012415
0.12921
0.30577
0.032431
-1.1935
0.12638
-0.013017
-1.0521
-0.0035258
-0.14153
-0.58369
-0.64319
-0.3893
0.65372
0.1475
0.66218
-0.41262
0.58301
-0.35127
-0.42338
0.019883
1.624
-0.2086
0.0033513
0.40281
-0.00065462
-0.047947
-0.03518
-0.0098995
0.058023
-0.89662
0.47532
-0.76262
0.36386
0.15341
-0.13711
0.24954
-0.097986
-0.66084
-0.78693
-0.37035
-0.031738
-0.1381
-0.50433
-0.046021
-0.78278
-0.05383
-0.13949
-0.15247
-0.0069102
-0.10751
0.31363
1.6103
-0.13099
-0.041422
-0.52454
0.016243
0.27254
-0.47689
0.96607
-0.21165
0.14971
0.90249
0.50455
1.2751
0.0014179
-0.32297
-0.24271
0.23554
0.17306
0.0020572
-0.12222
0.93667
-0.02647
-1.065
-0.076911
-0.01987
-1.0988
0.0038256
-0.018254
-1.0635
-0.078909
-0.78991
0.39882
0.0422
0.84878
0.042719
0.19502
-0.52082
-0.68411
0.018909
0.83473
-0.76396
0.00031171
0.41119
0.0023972
-0.14991
0.13206
0.017615
0.040869
-0.6509
-0.29153
-0.42578
0.83333
0.13576
-0.43683
0.26054
-0.019773
-0.76217
-0.071524
0.010417
0.18133
-0.52825
-0.63782
0.43644
-0.88801
-0.13326
-0.77437
-0.11012
0.0015484
0.0093152
0.51343
1.6093
0.082269
0.17747
-0.53379
0.28829
0.24659
0.32246
0.7449
-0.12473
-0.14751
0.041376
0.035446
1.1911
0.0012679
-0.51944
-0.51197
0.17763
0.27189
-0.0011322
-0.65127
0.76499
-0.029542
-0.66571
-0.22826
-0.020749
-1.1038
0.0095475
-0.059169
-0.64888
0.91887
-0.55126
0.33116
-0.26345
0.42664
0.70361
-0.51549
-0.63158
-0.78096
0.019361
-0.1377
-1.0094
-0.0067729
0.38175
0.0019084
-0.19011
0.28565
0.022705
0.00457
-0.12868
-0.24491
0.64038
1.1216
-0.091692
-0.15232
0.13393
0.085537
-0.51028
0.37852
0.010082
0.39973
-0.53483
-0.29562
0.93159
-1.1053
-0.095812
-0.6181
-0.0067128
0.0010726
0.15331
0.29587
1.447
0.18738
0.57917
-0.355
0.22661
-0.20183
0.50483
0.21927
0.087704
-0.27047
-0.47579
-0.76524
0.3564
0.0026586
-0.52621
-0.84401
0.29644
0.17799
-0.0034144
-0.74473
0.13081
-0.082679
-0.11787
-0.29839
-0.019652
-1.0509
0.0054978
-0.11872
0.54329
1.5567
0.13716
0.42545
-0.59102
0.10002
0.81071
-0.93271
-0.71621
-0.54341
0.00010355
-0.62705
-0.11204
-0.011219
0.43491
0.0025766
-0.2624
0.33519
0.21807
-0.034069
0.29018
0.16476
0.86202
0.48325
-0.49539
0.53909
0.06411
0.15957
-0.32807
0.43705
-0.21106
0.34759
0.078437
0.19876
1.0771
-1.2264
-0.035877
-0.24512
0.041247
-0.0013079
0.24891
-0.22128
1.1564
0.21273
0.76681
-0.27384
-0.32668
-0.49241
0.20795
0.082648
0.28524
-0.21966
-0.44118
-1.2717
-0.47606
0.0019256
-0.46023
-1.0186
0.49193
-0.22451
-0.0031756
-0.053024
-0.31567
-0.18013
0.3059
-0.33838
-0.013939
-0.90408
-0.0013831
-0.039864
0.92313
1.2359
0.51349
0.50159
-0.68909
-0.0015307
0.3804
-0.59811
-0.7177
-0.14547
-0.030632
-0.65359
1.4602
-0.012312
0.5116
-0.0050617
-0.41473
0.26587
0.559
-0.05076
0.36072
0.27775
0.17129
-0.55549
-0.60525
0.73244
0.036759
0.133
-0.16183
0.24528
-0.22133
0.064961
0.63458
0.32328
0.7773
-0.93721
0.036025
-0.093462
-0.012327
-0.0049446
0.19778
-0.4917
0.80412
0.13229
0.4703
-0.15452
-0.58668
-0.34833
-0.04648
0.10429
0.30004
-0.11315
-0.18733
-1.0537
-0.65697
-0.00018869
-0.28051
-0.72827
0.46837
-0.49576
-0.0062477
0.53953
-0.27362
-0.22264
0.33614
-0.26043
-0.0067182
-0.60142
-0.0082794
0.095812
0.40306
0.47684
0.29331
0.37806
-0.46516
-0.035818
-0.026863
0.04686
-0.48259
0.10584
-0.034509
-0.41651
1.765
-0.0097895
0.40876
-0.006558
-0.40943
0.11292
0.58886
-0.03526
0.16445
0.079428
-0.277
-0.82373
0.25058
-0.30543
-1.0337
-0.1215
1.439
0.48735
0.33893
-0.35985
-0.17013
0.3321
0.12708
0.23119
0.17394
-0.31817
-0.24693
-0.0064493
-0.25049
0.57393
0.31653
-0.33687
0.33158
1.2153
0.31141
-0.36109
-0.92663
-0.86764
-0.11622
-0.14689
0.51779
-0.22197
-0.63575
-0.0061922
0.41779
0.28486
-0.37528
-0.19833
-0.0033053
-0.28346
-0.92398
0.14776
-1.0138
0.24371
0.0035501
-0.76873
-0.0097083
-0.36954
0.028729
-0.28997
0.51357
0.39652
0.18385
-1.2229
-0.24242
0.41884
0.24456
-0.2739
0.034544
0.12168
0.19926
0.00017474
-0.067415
-0.0019037
-0.036984
-0.13848
-0.31874
0.03057
-0.42294
1.8515
0.56367
0.3688
0.29766
-0.16994
-1.0581
-0.17813
1.2072
-0.23637
-0.46061
-0.27147
-0.13678
0.61699
0.52787
0.24672
0.26172
0.6419
-0.34247
-0.010923
-0.31741
0.69045
0.48771
-0.48492
0.30563
1.0989
0.15776
-0.30307
-1.378
-0.97026
-0.16021
-0.44353
1.232
-0.093317
-0.69144
-0.005996
0.593
0.11191
-0.28334
-0.049987
0.00016762
0.026058
-0.40737
0.082532
-1.0873
0.31567
0.0054331
-0.9199
-0.012462
-0.38747
-0.0092823
-0.60444
0.029095
0.76924
0.1677
-0.38669
-0.40169
0.58004
0.25403
-0.5747
0.034627
1.0642
0.20543
0.0016998
-0.038726
-0.00026174
-0.14101
-0.15568
-0.27506
0.061705
-0.7895
1.6799
-0.11636
0.28902
0.14426
0.020167
-0.67172
-0.17669
0.0047062
-1.1178
-0.93309
-0.056674
-0.00049251
0.3374
0.94618
0.20552
0.1909
0.97544
-0.35007
-0.011217
-0.26015
0.46085
0.59299
-0.39161
0.1124
0.17113
0.0046154
0.11322
-0.94836
0.040415
-0.1788
-0.66002
1.3426
0.32333
-0.032524
-0.0036514
0.36744
-0.26259
0.076098
0.10501
0.0032396
0.10578
0.74222
-0.073658
-0.75103
0.19277
-0.010243
-0.93993
-0.010109
-0.14811
-0.56213
-0.87216
-0.75922
0.8738
0.067196
0.84742
-0.49792
0.64907
0.082946
-0.82453
0.015221
1.7492
-0.04932
0.0012488
0.070542
-0.0015952
-0.25276
-0.077893
-0.14995
0.071224
-0.87665
0.33683
-0.95195
0.40512
0.0016374
-0.18094
-0.3702
-0.12003
-0.81791
-1.2511
-0.4828
0.14763
-0.1902
-0.36346
1.176
0.16374
-0.046535
-0.099519
-0.28505
-0.0093628
-0.12948
0.42468
0.55902
-0.10157
0.066757
-0.40428
0.2148
0.37417
0.18871
1.1519
-0.21041
-0.7367
0.58031
0.72408
1.0641
-0.002998
-0.1119
-0.53815
0.30621
0.23755
0.0046026
-0.40705
1.1691
-0.084246
-0.28906
-0.058123
-0.022828
-1.0287
-0.0023832
0.01839
-1.1944
-0.72038
-0.87255
0.75238
-0.12912
0.85634
-0.11232
0.34182
-0.12049
-0.97034
0.0064654
1.3981
-0.658
-0.0039774
0.27605
0.0014437
-0.24915
-0.023848
-0.13258
0.050251
-0.45271
-0.6031
-0.45193
1.0332
-0.19627
-0.49213
-0.31798
-0.01258
-0.77972
-0.72857
0.10096
0.30633
-0.64706
-0.77432
1.1447
0.21901
-0.24133
-0.88284
-0.20417
-0.0023155
0.034495
0.50311
0.50685
0.12777
0.40017
-0.3994
0.42504
-0.014542
0.82936
0.90165
-0.14638
-0.69156
-0.38081
0.49527
1.6129
-0.0032187
-0.55614
-0.73158
0.32918
0.38884
-0.00032326
-0.93423
0.54026
0.051207
0.1583
-0.27222
-0.031844
-1.0574
0.0045831
-0.056246
-0.59205
0.20985
-0.1438
0.63903
-0.39941
0.2067
0.6737
-0.55913
-0.38096
-0.86255
0.0041695
0.43656
-1.2799
-0.010211
0.56265
0.0035549
-0.12672
0.0050915
-0.072842
0.0027547
0.14979
-0.40102
0.87591
1.2194
-0.56201
-0.13014
-0.36111
0.12047
-0.415
-0.17565
0.16367
0.49027
-0.54278
-0.55184
1.0476
0.215
-0.22273
-0.53822
-0.14282
-0.00061625
0.20124
0.18435
0.40397
0.22055
0.81407
-0.28572
0.038163
-0.65951
0.60531
0.1532
0.050427
-0.52751
-0.65509
-0.50229
1.1591
-0.0016221
-0.68792
-0.88925
0.43714
0.32239
-0.00051232
-0.59642
-0.28144
0.096228
0.4713
-0.37788
-0.029853
-0.95608
0.0020003
-0.14892
0.9157
1.3507
0.62505
0.64353
-0.46471
-0.070185
0.92937
-1.1675
-0.76485
-0.43271
-0.015569
-0.24537
-0.65409
-0.01306
0.95742
0.0031495
-0.098718
0.0092468
0.31298
-0.044201
0.5282
0.26055
0.95207
0.27137
-0.93284
0.63671
-0.37732
0.2046
-0.25277
0.010708
-0.15809
0.40978
0.36979
-0.037256
0.82998
0.075203
-0.10107
-0.065237
-0.16575
-0.0065061
0.30893
-0.39192
0.30518
0.24638
0.71162
-0.31311
-0.72007
-0.70869
0.11084
0.019834
0.25576
-0.3422
-0.39981
-1.4617
0.19187
-0.00090868
-0.54694
-0.83828
0.66788
-0.23878
-0.0048985
0.43728
-0.48359
-0.00050461
0.58784
-0.43435
-0.021194
-0.7879
-0.0074714
-0.062318
1.1297
1.5984
0.59866
0.70232
-0.205
-0.029089
0.4063
-0.73634
-1.1079
0.033789
-0.041641
-0.51104
1.3478
-0.016255
1.1942
-0.0025594
-0.22624
-0.042576
0.81471
-0.064281
0.55059
0.5018
-0.078697
-0.83017
-0.90838
0.77654
-0.30703
0.16218
-0.14686
-0.022984
-0.23867
0.01379
1.0351
0.19913
0.46097
-0.03966
0.020315
-0.012897
-0.23659
-0.0058318
0.23445
-0.64118
0.23416
0.151
0.13388
-0.24808
-0.83013
-0.21631
-0.1191
0.14082
0.29034
-0.20529
-0.14627
-1.4459
-0.37604
-0.0014219
-0.30711
-0.46737
0.65392
-0.61915
-0.0089946
0.83933
-0.21205
-0.128
0.39761
-0.34458
-0.011471
-0.54998
-0.010171
0.064602
0.29332
0.94459
0.095622
0.54795
0.041085
-0.046128
-0.1665
0.084623
-0.96391
0.21803
-0.039034
-0.46558
2.0904
-0.0089723
0.93614
-0.0078415
-0.31148
-0.1178
0.80259
-0.046537
0.25869
0.24615
-0.60039
-0.90844
0.23641
-0.36434
-0.92231
-0.12574
1.0053
1.3591
0.90094
-0.41769
-0.17694
0.068854
0.77234
0.39652
0.17987
-0.2965
-0.057345
-0.0069416
-0.2947
0.98645
-0.39718
-0.37487
0.26887
1.0317
0.062436
-0.22103
-1.2282
-0.64493
-0.21443
-0.89114
1.0296
-0.072318
-0.42659
-0.0067992
0.18844
0.015637
-0.53365
0.040839
-0.00020609
0.075102
-0.54377
0.36276
-0.090725
0.25149
0.011169
-0.016425
-0.011153
-0.62013
-0.013235
0.054615
0.34453
-0.049935
-0.0084366
-1.2965
-0.066412
0.22207
0.15898
-0.64938
0.028185
-1.0215
-0.0060458
-0.0044689
-0.3532
-0.00026572
0.0084458
-0.089109
-0.08554
0.032825
-0.5339
1.23
0.48402
0.18408
0.16388
-0.31436
-1.1286
-0.18436
0.6325
1.0951
0.02054
-0.24968
-0.11638
0.61495
1.1536
0.5783
0.28554
0.8772
-0.15029
-0.011882
-0.35486
1.2743
-0.68792
-0.48423
0.21242
0.9196
-0.062573
0.02558
-1.1727
-0.98108
-0.33061
-1.2995
1.3229
-0.12763
-0.81322
-0.0069838
0.5037
-0.22369
-0.59204
0.18501
0.0021266
0.21659
0.19333
0.25626
0.38877
0.35064
0.011906
0.12822
-0.015905
-0.72163
0.078339
-0.1339
-0.39264
0.22386
-0.14154
-0.30739
-0.22437
0.2834
0.34125
-0.9322
0.024872
-0.66147
0.06797
-0.0023275
-0.46597
-0.0019653
-0.21458
-0.12824
0.0079165
0.060755
-0.71277
0.7042
-0.24886
0.069523
-0.17731
-0.16206
-1.0153
-0.17628
-0.36537
-0.049901
-0.87891
0.058505
0.03285
0.86532
1.1847
0.80335
0.31892
1.2319
-0.18891
-0.013594
-0.2543
1.0138
-0.87864
-0.3244
0.14948
0.20195
0.045068
0.33527
-0.042909
-0.19776
-0.39435
-1.1934
0.64982
0.024256
-0.89236
-0.0051341
0.63916
-0.52679
-0.2276
0.18535
0.0072576
-0.087664
1.0065
-0.091789
0.89262
0.26859
0.0017017
0.18621
-0.014847
-0.44611
-0.4235
-0.56171
-0.95645
0.54145
-0.32107
0.96485
-0.47511
0.54793
0.56261
-0.95529
0.0007996
0.26533
0.1526
-0.003297
-0.43734
-0.0047134
-0.46444
-0.20293
0.10244
0.063366
-0.50966
-0.36005
-0.98905
0.26383
-0.48066
-0.26106
-0.89978
-0.10252
-0.80635
-0.94882
-0.64749
0.24772
-0.20472
0.43701
0.89078
1.0401
0.14483
-0.047024
-0.12221
-0.0092406
-0.077316
0.64593
-1.0053
-0.0061027
0.34772
-0.12677
0.38392
0.15205
1.005
1.035
-0.4628
-0.68358
-0.35177
0.56673
-0.2665
-0.0022291
0.37598
-0.66076
0.18091
0.2481
0.0076213
-0.68884
0.82207
-0.24394
1.121
0.026347
-0.018129
0.076268
-0.007612
-0.19243
-1.0571
-0.99863
-0.39116
0.6925
-0.45936
0.74158
-0.35186
0.56211
0.77305
-0.74391
-0.0172
0.78309
-0.15461
-0.0063567
-0.24772
-0.0019403
-0.44736
-0.3934
0.14116
0.037624
0.026056
-0.82526
-0.35242
0.79263
-0.73933
-0.3904
-0.8349
0.017508
-0.57872
-1.0597
0.0037981
0.30996
-0.69606
-0.26589
0.37336
1.4017
-0.087864
-0.84459
-0.058375
-0.0053225
0.10656
0.38929
-1.0377
0.19193
0.73132
-0.076552
0.27389
-0.5723
0.92613
0.91468
-0.50946
-0.19697
-0.73506
0.90247
0.7356
-0.0094735
-0.21431
-0.56693
0.33156
0.46654
0.0030913
-0.75982
-0.12347
-0.038872
1.0178
-0.24614
-0.03081
-0.0019155
-0.0037523
-0.20719
-0.33974
-0.86073
0.66313
0.65256
-0.38583
-0.03715
0.36056
-0.26915
0.76972
-0.33245
-0.025555
0.67757
-0.93931
-0.0085766
0.1421
-0.00029042
-0.18813
-0.60889
0.26727
-0.0050474
0.41822
-0.44258
0.94838
0.6955
-0.95257
-0.025338
-0.75731
0.13602
-0.23398
-0.78905
0.18891
0.39903
-0.51374
-0.63865
-0.12762
1.7686
-0.14558
-0.39098
-0.11581
-0.0033874
0.23428
0.082045
-0.97045
0.23202
0.7023
-0.14659
-0.47931
-1.0108
0.21951
0.063694
-0.50188
0.062632
-0.44888
0.16772
1.2338
-0.0086082
-0.60926
-0.26674
0.40406
0.35066
0.00075078
0.093851
-0.67802
0.16581
0.61174
-0.42647
-0.032607
-0.0051483
-0.0017182
-0.26108
1.0642
0.11906
0.90354
0.55007
0.13748
-0.15737
0.74398
-1.0559
0.35132
0.11833
-0.033893
0.33581
-1.0536
-0.009158
0.629
7.4134e-05
0.076384
-0.73869
0.62625
-0.047677
0.54641
0.22862
0.82258
-0.22621
-0.94999
0.51301
-0.65101
0.19224
-0.13419
-0.59235
-0.053743
0.20172
0.58625
-0.55457
-0.4813
1.7324
-0.08033
0.047293
-0.32392
-0.0053291
0.28739
-0.23458
-0.81645
0.24471
-0.039585
-0.38515
-1.0627
-0.45685
-0.21174
-0.067741
-0.45415
0.13133
-0.14089
-1.1115
0.94554
-0.0048384
-0.51775
0.14581
0.58436
-0.39867
-0.0071
0.9496
-0.48217
0.16968
0.23707
-0.53406
-0.025015
-0.039777
-0.0095396
-0.17015
0.95826
1.0095
0.1957
0.53055
0.84089
0.021594
0.30595
-0.75308
-0.28967
0.32431
-0.031511
0.00032961
0.39399
-0.0067529
0.9077
-0.0026051
0.15131
-0.71656
0.95204
-0.064498
0.55634
0.49566
-0.23465
-0.83912
-0.6657
0.54849
-0.4865
0.14885
-0.0958
-0.40946
-0.13269
-0.26317
1.2927
-0.30426
-0.50944
1.1669
-0.0010529
-0.047387
-0.41775
-0.0060371
0.21211
-0.39438
-0.52423
0.17388
-0.67105
-0.37999
-0.69908
0.30592
-0.20651
0.14383
-0.32453
0.073757
-0.062107
-1.4847
0.31955
-0.0034418
-0.26301
0.38329
0.59588
-0.82471
-0.0094107
0.8506
-0.11746
0.017384
0.032079
-0.43999
-0.01137
-0.083637
-0.012115
-0.021109
0.019411
0.98396
-0.38181
0.43475
0.94862
-0.00054946
-0.22026
0.065533
-0.58033
0.26898
-0.014614
-0.18526
1.4524
-0.0074996
0.73327
-0.0073178
0.059033
-0.54954
0.77728
-0.048157
0.34815
0.31527
-0.6399
-0.61916
-0.13154
-0.27434
0.23803
-0.12865
0.50657
1.2347
1.3199
-0.3415
-0.12592
-0.41151
0.2491
-0.091787
-0.26843
-0.35922
0.19274
-0.0099171
-0.32161
0.61102
-0.45612
-0.44343
0.14852
0.87527
-0.17833
-0.01344
-1.2423
-0.40765
-0.21672
-0.32517
1.286
0.1694
0.037649
-0.0067791
-0.26687
-0.083647
-0.53744
0.31531
0.00082564
0.41482
0.24272
0.80034
1.1216
0.27288
0.0069117
0.48692
-0.011211
-0.89046
0.034418
0.18451
-0.11186
-0.32451
-0.37986
-1.3304
-0.010448
0.027019
-0.073341
-0.94146
0.015975
-1.1731
-0.017625
-0.0098762
-0.26571
-0.0023477
0.28421
-0.024678
0.20858
0.040196
-0.67978
0.013621
0.34628
-0.052067
-0.34572
-0.32306
0.16121
-0.18758
0.034251
1.5743
0.55847
-0.16647
-0.061182
0.069369
0.11877
-0.052895
-0.25507
0.84166
0.14083
-0.012817
-0.38702
1.1015
-0.71325
-0.53816
0.18322
0.70771
-0.22259
0.30933
-0.53186
-0.94259
-0.29428
-0.24759
1.0461
0.021815
-0.30253
-0.0057806
0.10029
-0.26655
-0.80326
0.3558
0.0031711
0.21792
0.89901
1.0503
1.5587
0.39848
0.010497
0.81805
-0.01448
-1.2191
0.1944
0.26643
-0.8001
-0.23792
-0.48458
-0.32504
-0.14869
0.10827
-0.040065
-0.99282
0.014604
-1.4071
0.060675
-0.010267
-0.24893
-0.0053764
0.11934
-0.033489
0.4474
0.059427
-0.68882
-0.52962
-0.36211
-0.11809
-0.63737
-0.32749
-0.11853
-0.16663
-0.62604
0.99747
-0.68609
0.073084
0.04882
0.85018
-0.28236
0.12219
-0.065473
1.1428
-0.015455
-0.014551
-0.24334
1.1612
-0.83712
-0.29293
0.31851
0.082126
0.13357
0.31091
0.81512
-0.48397
-0.43307
0.25188
-0.141
-0.15844
-0.85441
-0.002723
0.64664
-0.405
-0.59753
0.20899
0.0089956
-0.45891
0.95008
0.63259
1.3801
0.37356
0.003028
0.90042
-0.010877
-1.0581
-0.30992
0.0415
-0.77925
0.043568
-0.43824
1.0233
-0.46489
0.5477
0.23519
-0.58872
-0.0045528
-0.992
0.28532
-0.0040381
-0.30194
-0.0054473
-0.38016
-0.071236
0.64442
0.050889
-0.19964
-0.77634
-0.93888
0.16852
-0.80155
-0.41717
-0.40925
-0.074752
-0.74006
0.00086663
-0.82417
0.20262
-0.23041
1.1324
-0.69118
0.26762
0.041826
-0.13938
-0.16342
-0.0076436
-0.0040887
0.76969
-0.84677
0.083594
0.63088
-0.075075
0.42009
-0.34703
1.1957
0.83372
-0.6658
0.86973
-0.89747
0.21026
-1.0902
-0.00020701
0.73216
-0.3934
-0.11592
0.31408
0.014259
-0.80017
0.1677
0.042942
0.91413
0.17326
-0.012702
0.81996
-0.0063958
-0.62682
-0.89542
-0.5477
0.36954
0.29752
-0.29439
0.80058
-0.49608
0.80492
0.78381
-0.10937
-0.028857
-0.32129
0.23453
-0.0056261
-0.46348
-0.0041891
-0.7709
-0.14598
0.77478
0.019874
0.31726
-0.59976
-0.20999
0.50027
-0.74379
-0.33311
-0.48441
0.056544
-0.45649
-0.50662
-0.24296
0.38645
-0.80045
0.69478
-0.93096
0.48672
-0.012844
-0.89389
-0.22911
-0.0036847
0.19401
0.27845
-0.80194
0.25759
0.7181
0.061867
-0.12066
-1.0492
0.47684
0.98196
-0.90288
1.1825
-0.65399
0.93315
-0.55555
-0.0069157
0.11265
-0.098575
0.18223
0.65729
0.0068353
-0.15413
-0.66028
-0.16248
0.42597
-0.15029
-0.022965
0.76506
-0.0059387
-0.42893
-0.13044
-0.9794
1.1506
0.36799
0.07571
0.019686
0.12298
0.053518
1.3329
0.30003
-0.041092
0.15405
-0.42265
-0.0068064
-0.55373
-0.0022022
-0.69233
-0.18573
0.93044
-0.020033
0.3684
-0.23393
0.94256
0.10172
-0.47771
0.11283
-0.40874
0.15238
-0.22226
-0.58148
0.10084
0.44307
-0.61066
-0.08271
-1.0449
0.84873
-0.087811
-0.39443
-0.35362
-0.0010764
0.26851
0.062597
-0.76614
0.25369
0.056385
-0.044233
-0.98565
-0.78509
-0.24182
0.12657
-1.1535
1.0002
-0.16385
0.73496
0.38973
-0.0090241
-0.57417
0.48043
0.2623
0.37913
-0.0022017
0.80575
-0.75521
-0.050875
-0.058421
-0.44361
-0.022102
0.59856
-0.0027905
-0.45627
1.0787
-0.67593
0.59248
0.29741
0.70276
-0.10737
0.70178
-0.86824
1.5001
0.54457
-0.033516
0.25923
-0.93465
-0.0023245
-0.55799
0.0001469
-0.24629
-0.18052
0.98655
-0.04839
0.31858
0.12018
0.73297
-0.58603
-0.057913
0.46129
-0.34669
0.18452
-0.17632
-0.58717
0.090254
-0.049283
0.71637
-0.62095
-1.0593
0.98045
-0.085857
0.011264
-0.55115
-0.0026428
0.27299
0.049628
-0.71927
0.27278
-0.98029
-0.3975
-0.96953
0.36692
-0.34527
-0.094627
-1.2981
0.62188
-0.030028
-0.56948
0.91355
-0.0069051
-0.6891
0.9207
0.38368
-0.62438
-0.007364
1.0018
-0.32557
0.031501
-0.29524
-0.59913
-0.015185
0.35098
-0.007206
-0.41758
0.76031
0.21239
-0.42197
0.28216
1.2275
0.10702
0.50774
-0.68681
1.2632
0.47105
-0.0084659
0.095292
-0.31275
-0.00010006
-0.48826
-0.0024371
0.17852
-0.09854
0.83633
-0.062003
0.49445
0.29402
-0.15708
-0.68394
0.2001
0.39388
-0.26753
0.13458
-0.13989
-0.4628
0.062818
-0.61674
1.4802
-0.67913
-0.83259
0.69037
-0.032303
-0.12314
-0.51388
0.0012711
0.20025
-0.0046111
-0.55369
0.23047
-1.214
-0.45806
-0.059649
0.95527
-0.12065
0.10206
-1.0702
0.3031
-0.081192
-1.324
0.68907
-0.0048344
-0.39885
0.88517
0.40551
-1.0517
-0.0103
0.44766
-0.022374
-0.026441
-0.23222
-0.503
-0.0067722
0.14579
-0.0066754
-0.22232
-0.1311
0.64919
-0.69478
0.26659
1.0712
0.072932
-0.011789
0.10437
0.74149
0.1935
0.011274
-0.065918
0.63305
0.0029179
-0.33333
-0.0085674
0.24156
-0.07935
0.44528
-0.050455
0.48757
0.2392
-0.46291
-0.28465
-0.60015
-0.19061
1.154
-0.12964
0.32168
0.29869
1.4
-0.24948
-0.058243
-0.78284
-0.42332
-0.3543
-1.0509
-0.27819
-0.0026903
-0.011933
-0.33911
-0.51482
-0.061168
-0.50896
0.17223
0.90927
-0.19453
0.15287
-0.7693
-0.29527
-0.10469
0.75108
1.013
0.28673
0.29188
-0.00070978
-0.44481
-0.057277
-0.24145
0.46393
-0.0026386
0.32012
0.9366
0.83854
1.106
0.33677
0.0050956
0.34985
-0.01225
-0.088727
0.22086
-0.032516
-0.62168
-0.28911
-0.34538
-1.3145
-0.13057
-0.13503
-0.087276
-0.84494
0.0020077
-0.46633
0.17761
-0.01839
-0.0085089
-0.0031346
0.5615
0.034586
0.089352
0.047614
-0.73582
-0.83278
0.18966
-0.099928
-0.78301
-0.30373
1.3689
-0.18793
-0.060084
0.78741
0.91924
-0.16247
0.012141
-0.69449
-0.72006
-0.42174
-1.2694
0.81845
-0.17975
-0.012692
-0.41966
-0.18552
-0.085608
-0.59557
0.29731
0.61074
-0.12823
0.32638
0.25781
-0.92775
0.037846
1.0717
0.38043
0.17774
0.23923
-0.0012137
-0.26826
-0.1224
-0.74005
0.39083
-0.0024717
-0.21409
1.2215
1.5187
0.93726
0.48216
0.006427
0.5316
-0.0089741
-0.52124
0.35053
0.20765
-0.95294
-0.36158
-0.13617
-0.43766
-0.26303
0.042494
-0.27415
-0.55667
0.00015658
-0.77352
0.10242
-0.017863
0.089465
-0.0027825
0.7059
0.13398
0.263
0.055345
-0.62053
-1.0303
-0.45343
-0.015993
-0.6801
-0.46096
0.99305
-0.16557
-0.48812
0.87705
-0.35449
-0.052261
0.10482
0.058335
-0.98706
-0.43622
-1.0348
0.97735
-0.52671
-0.0094931
-0.24892
0.25
-0.088262
-0.25531
0.45559
-0.092094
0.24606
-0.078638
1.1252
-0.73607
0.18812
1.3043
-0.66548
-0.16913
-0.20557
0.0011412
0.43078
-0.12309
-0.9092
0.19119
0.0062105
-0.8429
0.52577
1.5256
0.18189
0.49441
0.0011587
0.58913
-0.0043371
-0.79428
-0.2428
0.34809
-0.22555
-0.35642
0.31297
0.91844
-0.52535
0.64221
-0.4242
0.040547
-0.011609
-0.85842
0.15698
-0.0074335
-0.055603
-0.0044559
0.27422
0.33757
0.47518
0.034773
0.077372
-0.56601
-0.89408
0.32178
-0.30706
-0.62729
0.49631
-0.061416
-0.53238
0.49785
-0.8558
0.16743
-0.19424
0.86274
-1.0693
-0.57411
-0.65028
-0.28694
-0.82497
-0.00062596
0.041972
0.2069
-0.052085
0.18517
0.49935
-0.22204
0.22298
-0.86177
0.769
0.54035
0.19026
1.3531
-0.87686
-0.091457
-0.77853
0.001306
0.90346
-0.036369
-0.60745
0.44756
0.013391
-0.56288
-0.40267
0.87825
-0.35354
0.32792
-0.0090911
0.64746
0.00037566
-0.59258
-0.83918
0.079904
0.99956
-0.22433
0.66908
0.86384
-0.683
0.95169
-0.24293
0.34603
-0.022461
-0.62018
0.14949
-0.0031929
-0.41839
-0.0039921
-0.56643
0.72173
0.62703
0.00079152
0.49259
-0.073634
-0.16662
0.39316
0.17763
-0.35224
0.23627
0.072611
-0.33544
0.11343
-0.51924
0.61309
-0.86867
1.1852
-0.87393
-0.75295
-0.42735
-0.96497
-0.8485
0.0005205
0.24373
-0.076993
-0.04436
0.31605
0.09425
0.0013146
-0.599
-0.98941
-0.017675
1.0022
0.027774
1.0927
-0.37637
0.70549
-0.90806
-0.00025842
0.4643
0.25217
-0.19264
0.83389
0.0053939
0.56843
-0.74079
0.22921
-0.47281
-0.020259
-0.017892
0.65832
0.0014698
-0.35966
-0.08674
-0.43898
1.0544
-0.010389
0.79927
0.11439
-0.17692
0.20024
0.30534
0.45625
-0.03304
-0.21577
-0.20068
-0.0039349
-0.81006
-0.0037084
-1.085
1.1937
0.68662
-0.029402
0.27339
0.037183
0.852
-0.15698
0.68246
0.28464
0.15426
0.16548
-0.13128
-0.13256
-0.075735
0.60004
-0.75571
0.85516
-0.58781
-0.78885
-0.34011
-0.40012
-0.75543
0.0022896
0.29187
-0.097169
-0.08892
0.26515
-0.82496
-0.025517
-1.1606
0.077744
-0.32722
0.32084
-0.37358
0.55536
-0.10082
1.004
-0.33223
-0.0033052
-0.51675
0.67948
0.044745
0.32954
-0.0061181
1.126
-0.53552
-0.058448
-0.42711
-0.35586
-0.0074882
0.48035
0.00070434
-0.39376
0.91208
-0.69755
-0.0093371
0.097873
0.71346
-0.10312
0.71478
-0.70153
0.99489
0.58339
-0.022081
0.0059185
-0.63853
6.3097e-05
-1.1906
-0.0033204
-0.95146
1.5017
0.46112
-0.047201
0.15481
-0.023979
0.64824
-0.66736
0.97378
0.53429
0.11892
0.18343
-0.043839
-0.3199
0.16359
-0.27753
0.78411
0.1787
-0.41302
-0.70566
-0.24282
0.075595
-0.58951
0.0015579
0.26711
0.083945
-0.19778
0.28574
-1.4463
-0.36838
-0.28558
1.1974
-0.17119
-0.05733
-0.77769
0.12831
-0.17725
0.034279
0.39293
-0.003539
-1.0309
0.90927
0.19332
-0.83731
-0.010994
0.58656
-0.24203
-0.078138
-0.2509
-0.53442
0.0042738
0.2564
-0.003828
-0.43968
0.51386
-0.30723
-0.69621
0.15344
0.48564
0.063463
0.97292
-0.49019
1.4798
0.49008
0.01297
-0.0041802
-0.53776
0.0078997
-1.3448
-0.0055633
-0.4517
1.5164
0.014094
-0.058493
0.4687
0.031936
-0.063796
-0.56114
0.78533
0.34623
0.045479
0.13227
-0.019145
-0.34792
0.18481
-0.9749
1.6501
-0.30886
-0.32673
-0.56484
-0.18075
-0.02294
-0.35593
0.0050821
0.18861
0.12403
-0.27589
0.25413
-1.1441
-0.48042
0.84997
1.1488
0.0082039
-0.0066643
-0.80073
-0.036463
-0.16299
-0.93214
0.53047
-0.0024863
-0.81472
0.74018
0.19925
-1.165
-0.0091433
-0.085179
-0.10596
-0.11049
-0.059409
-0.45127
0.0088329
0.12583
-0.0063424
-0.32429
-0.2538
0.21415
-0.49424
0.16367
0.14726
0.071852
0.50527
0.26444
1.2973
0.18228
0.032132
-0.075626
0.057603
0.0059265
-1.0801
-0.0068498
-0.10951
1.0637
-0.29542
-0.047394
0.58975
0.11712
-0.29517
-0.1934
-0.70874
-0.1639
0.93104
-0.12887
0.49443
-0.29563
1.267
-0.21344
-0.054916
-0.6763
-0.42805
-0.20363
-0.8085
-0.0010129
-0.45829
-0.007443
-0.34324
-1.2037
0.024933
-0.5218
0.24474
1.0134
-0.096092
0.21852
-0.079301
-0.20041
-0.054874
0.70062
0.30991
0.19595
0.037555
-0.0021959
-0.32879
-0.11369
0.46574
0.51475
-0.013878
-0.13762
1.1805
-0.11231
0.13765
0.42992
0.0091077
0.15491
-0.0067949
1.3486
0.35801
-0.19346
-0.78638
-0.23824
0.20549
-1.3162
-0.20536
-0.31719
-0.013195
-0.26911
-0.010549
0.032358
0.28471
-0.015277
0.024283
0.0010659
0.38044
0.16063
-0.19727
0.048252
-0.75452
-0.98039
0.047826
0.088251
-0.56891
-0.35849
1.158
-0.18655
0.21231
-0.094583
1.1056
-0.2036
0.044564
-0.97725
-0.46126
-0.18118
-0.99686
1.0056
-0.67707
-0.012032
-0.44298
-1.2263
0.066983
-0.5881
0.35645
0.53632
0.082136
0.062122
0.7932
-0.86838
0.23642
0.59852
-0.40179
0.21783
0.20914
-0.00093668
-0.4619
-0.14629
-0.1067
0.40176
-0.014183
-0.71702
0.93821
0.4419
-0.28405
0.61189
0.013679
0.2097
-0.001687
1.238
0.32774
0.011978
-0.57596
-0.43777
0.66444
-0.61969
-0.31329
-0.0025272
-0.16252
0.21237
-0.017217
-0.088602
0.054263
-0.014172
-0.090529
-0.0049191
0.94529
0.15934
-0.30624
0.051668
-0.55492
-0.92195
-0.59283
0.32535
0.036651
-0.6217
0.92647
-0.15832
-0.25521
0.20119
0.085421
-0.092469
0.18141
-0.79825
-0.37712
-0.19821
-0.88452
0.97773
-0.86653
-0.0036995
-0.26582
-0.78111
0.10546
-0.18037
0.31865
-0.30218
0.22108
-0.55254
0.90039
-0.96286
0.70514
0.20277
-0.85691
-0.099655
0.24804
0.0014782
0.058444
-0.083455
-0.80641
0.22627
-0.0035227
-0.81111
-0.16863
0.95648
-0.72731
0.60264
0.0074175
0.28636
0.003947
0.51131
-0.3383
0.30178
0.54161
-0.64857
1.0564
0.70487
-0.49223
0.73095
-0.46696
0.52386
-0.017999
-0.28129
-0.096411
-0.0067244
-0.3377
-0.0077359
1.1313
0.32141
-0.30259
0.025937
0.26523
-0.21448
-0.91086
0.56732
0.71051
-0.78434
0.61772
-0.054657
-0.42057
0.30622
-0.65811
0.3716
-0.084576
-0.1941
-0.26403
-0.40872
-0.68658
-0.3004
-0.86515
0.0034937
0.056141
-0.47488
0.098219
0.30168
-0.016775
-0.40072
-0.20008
-0.95314
0.17364
0.03977
1.1768
-0.166
-0.54602
-0.19655
-0.09206
0.0025486
0.88717
0.059157
-0.96259
0.52095
0.0056239
0.091439
-0.77714
0.98423
-0.70591
0.40496
-0.0054333
0.41217
0.0073903
0.12247
-0.83201
0.29795
1.2243
-0.68423
1.0227
0.81885
-0.84965
0.97522
-0.75228
0.35386
-0.016995
-0.30275
-0.054665
-0.0027217
-0.4783
-0.0070792
0.59952
0.70483
-0.33525
-0.010268
0.65999
0.23825
-0.14346
0.34532
1.0744
-0.27775
0.40725
0.077799
-0.27216
0.21206
-0.69702
0.96572
-0.86163
0.5742
-0.080488
-0.60208
-0.6015
-0.94636
-0.61491
0.0040103
0.27576
-0.40972
0.087691
0.40496
-0.68737
-0.11927
-0.97432
-0.24912
-0.28463
0.74744
1.4176
-0.42292
-0.10983
0.4237
-0.46337
-0.00090083
0.98702
0.30721
-0.6819
0.7469
0.00071307
1.083
-0.55578
0.60602
-0.39077
0.025122
-0.010101
0.42367
0.0056441
0.1447
-0.076675
-0.077234
0.45904
-0.45861
0.60554
0.15479
-0.72867
0.12452
-0.80243
0.22427
-0.013835
-0.077618
-0.088788
-0.0027246
-0.49573
-0.004976
-0.32356
1.0922
-0.38522
-0.030669
0.32981
0.1074
0.78057
-0.29785
1.0768
0.5869
0.29613
0.17049
0.069602
0.027128
-0.36444
0.66436
-0.9183
1.0292
0.10752
-0.7111
-0.55985
-0.40174
-0.20822
0.0014528
0.32134
-0.32085
0.043903
0.3156
-1.2769
-0.11255
-0.80564
1.0199
-0.16826
0.47929
1.3009
-0.5777
-0.13542
1.0135
-0.44831
-0.0010703
0.1128
0.58716
-0.36371
0.067571
-0.011827
0.89852
-0.25289
0.25716
-0.1283
-0.30181
0.001733
0.31176
0.0042097
0.094948
0.74305
-0.51117
-0.56608
-0.23751
-0.055243
-0.11444
0.28819
-0.749
-0.48945
0.46259
-0.00058114
0.16008
-0.36065
0.0023499
-0.58658
-0.0020081
-0.96635
1.3216
-0.61933
-0.045752
0.13046
-0.17969
0.61356
-0.68418
0.84719
0.78226
0.22085
0.19467
0.35407
-0.12115
0.00071763
-0.63272
0.59964
0.93725
0.17599
-0.75767
-0.50128
0.09371
0.19072
0.00611
0.29481
-0.18079
-0.070392
0.31152
-1.1679
-0.47025
0.69983
1.336
0.0035368
0.064482
0.88679
-0.51451
-0.25628
0.49369
-0.15921
0.00035491
-0.90378
0.74178
-0.1392
-0.98831
-0.016691
-0.049712
-0.2254
0.039645
0.10629
-0.45838
0.016238
0.24416
-0.0042941
-0.085811
0.27949
-0.51718
-0.57818
-0.17338
-0.6511
0.0022207
1.1953
-0.50871
0.16613
0.58161
0.030307
0.18936
-0.56668
0.0090502
-0.71312
-0.0057
-1.0264
1.2537
-0.93568
-0.06129
0.39908
-0.19527
-0.018558
-0.61337
0.45108
0.39752
0.1126
0.13791
0.33628
-0.15589
0.14878
-1.3428
1.5411
0.45746
0.063619
-0.663
-0.3996
0.064097
0.35627
0.0040411
0.19933
-0.11788
-0.16297
0.25852
-0.46331
-0.55092
1.5598
0.66656
0.012885
-0.096169
0.41688
-0.27701
-0.11786
-0.41229
0.047685
-0.0024272
-1.0777
0.58855
-0.043897
-1.1173
-0.01356
-0.54186
-0.24543
-0.11056
0.21804
-0.3579
0.019328
0.20219
-0.0080088
-0.18176
-0.39547
-0.1283
-0.064665
-0.12581
-0.78538
0.046398
1.0635
0.23106
0.52533
0.32463
0.039258
0.065509
-0.3103
0.010871
-0.65544
-0.0081654
-0.70166
0.84033
-0.86073
-0.051894
0.51295
-0.048696
-0.21947
-0.34735
-0.27596
-0.16033
0.32874
-0.12494
0.74132
-0.17529
1.0404
-0.17802
-0.13999
-0.22358
-0.19821
-0.12605
0.7083
0.12453
-0.4315
-0.0047348
-0.34236
-1.0441
-0.11232
-0.50915
0.12629
1.0004
-0.02051
0.10243
0.44209
-0.048708
-0.24242
-0.01268
-0.34504
0.024705
-0.37845
-0.0047738
-0.21297
-0.26317
1.2071
0.41665
-0.015433
-0.55749
0.92173
-1.3354
-0.41544
0.4448
0.0094545
0.17551
0.00068625
1.6638
0.25112
-0.12738
-0.53213
-0.28797
0.55693
-1.3487
-0.13601
-0.40525
0.029012
0.3667
-0.026535
-0.024277
0.20083
-0.0029911
-0.12497
-0.00076283
-0.2121
0.15372
-0.18362
0.043804
-0.81191
-0.78594
-0.13929
0.25468
0.18955
-0.40837
0.48079
-0.17774
0.45879
-0.051944
1.154
-0.10191
-0.039229
-0.63094
-0.037741
-0.050929
1.0389
1.0422
-0.37613
-0.0026249
-0.44826
-1.1081
-0.075397
-0.56372
0.18022
0.44812
0.13852
-0.29336
0.94463
-0.6339
-0.10774
-0.41653
-0.81159
0.17657
-0.16695
-0.0052715
-0.55852
-0.3271
0.9449
0.40144
-0.013468
-0.8139
0.28602
-1.3855
-0.64088
0.65444
0.017539
0.25933
0.0056281
1.7654
0.10889
0.0009798
0.12557
-0.55049
0.81966
-0.77314
-0.1603
-0.019329
0.011238
0.83869
-0.037992
-0.062737
-0.0037861
-0.0019314
-0.42152
-0.0054445
0.38409
-0.018965
-0.37778
0.051464
-0.61997
-0.71973
-0.70776
0.53156
0.8839
-0.75241
0.45957
-0.14721
-0.20051
0.1486
0.49916
0.19731
0.1184
-0.97418
0.13288
0.028815
0.9939
0.93577
0.020113
-0.0027342
-0.29063
-0.73783
-0.03096
-0.15289
0.037056
-0.43601
-0.017513
-0.78311
0.52883
-0.95373
0.19738
-0.84816
-0.64059
0.041458
0.22348
0.00023297
-0.37137
-0.22474
0.024575
0.35487
-0.0016038
-0.22689
-0.7634
-0.82301
-0.60634
0.62267
0.013639
0.34042
0.0091046
1.0203
-0.50286
0.16284
1.1256
-0.82767
0.67251
0.49241
-0.30658
0.76488
-0.042914
0.74659
-0.027976
-0.15457
-0.17052
0.0007246
-0.65313
-0.0078254
1.2529
-0.26104
-0.54205
0.024216
0.26006
-0.17675
-0.8996
0.55609
1.2007
-0.81223
0.37021
-0.045338
-0.54504
0.23707
-0.28881
0.78895
-0.13665
-1.002
0.20119
-0.039053
0.60626
-0.28428
0.53816
0.0018017
0.046145
-0.41353
-0.030493
0.3686
-0.48664
-0.52348
-0.61274
-0.54843
-0.21769
-0.37771
0.61646
-0.95496
-0.08975
-0.14407
0.23095
-0.00010673
0.57077
-0.013421
-0.6371
0.48361
0.0022363
0.83219
-0.889
-0.22255
-0.29322
0.36323
0.00034593
0.38684
0.010264
0.44349
-0.78504
0.1828
0.98659
-0.9684
0.086182
0.78254
-0.84396
0.9533
-0.27088
0.2914
-0.012258
-0.1524
-0.064892
0.00042455
-0.43613
-0.0043375
1.6058
-0.39723
-0.71354
-0.0061092
0.77275
0.15141
-0.09134
0.097898
0.97376
-0.057044
0.25408
0.088277
-0.37244
0.2256
-0.67248
1.1727
-0.8763
-0.4968
0.14013
-0.023656
0.1091
-0.92129
0.96103
0.0019173
0.29786
-0.28571
-0.054241
0.51266
-1.0533
-0.26034
-0.93104
0.58695
-0.3583
0.37108
1.0343
-0.764
0.089885
0.22992
-0.076082
-0.0035835
1.3463
0.25885
-0.78061
0.35752
-0.0037256
1.1003
-0.36747
0.06241
-0.020317
-0.064078
-0.0071477
0.32049
0.0088735
0.37162
-0.0015891
-0.056281
-0.18016
-0.8663
-0.52355
0.23989
-1.1977
0.037915
-0.67555
0.1122
0.0012026
0.013228
0.056918
-0.0024916
0.14495
-0.0015892
1.0809
-0.52079
-0.85328
-0.03015
0.48402
0.021012
0.8231
-0.48154
0.46253
0.97442
0.16258
0.17906
0.18367
0.17118
-0.58958
0.41871
-0.9887
0.35003
0.065973
0.024422
-0.23621
-0.50172
1.2303
0.0047107
0.37147
-0.28222
-0.10409
0.4165
-1.0214
-0.31153
-0.019473
1.3587
-0.0841
0.50595
1.2654
-0.38441
-0.11211
0.79681
-0.34623
-0.0043748
1.1255
0.56948
-0.64699
-0.35939
-0.014272
0.3378
-0.034206
0.1052
0.016854
-0.39657
0.0068139
0.25155
0.00099898
0.42822
0.67166
-0.424
-0.75623
-0.72386
-0.95803
-0.054591
-0.44001
-0.87227
-0.92478
0.40114
0.017493
0.20042
-0.13281
-0.0010958
0.64724
-0.0030929
0.084419
-0.65053
-0.9988
-0.051896
0.13075
-0.19462
0.71774
-0.71041
0.024102
1.0908
0.12661
0.20044
0.63174
0.11196
-0.25656
-1.0876
0.29207
0.93135
-0.021197
-0.037639
-0.42024
-0.03857
1.3209
0.0083047
0.33105
-0.33777
-0.16428
0.34359
-0.23679
-0.6628
1.5045
0.82902
0.018386
0.22545
1.2767
-0.013894
-0.13316
0.62746
-0.49028
-0.0065703
0.088416
0.78593
-0.48743
-1.0989
-0.01656
-0.52645
-0.095553
-0.044874
0.065058
-0.4918
0.024628
0.2818
-0.0061339
0.32437
0.17339
-0.58951
-0.26535
-0.6782
-1.1497
0.043807
0.89924
-0.69892
-0.6745
0.5931
0.038319
0.23595
-0.4712
0.0056051
0.70621
-0.0068709
-0.70888
-0.67042
-1.0839
-0.06623
0.11979
-0.20822
0.13412
-0.68734
-0.12903
0.52953
0.046951
0.13894
0.57115
0.070783
-0.026446
-1.5531
1.1842
0.80371
-0.106
-0.10927
-0.36237
0.045633
1.0691
0.0069753
0.21574
-0.31651
-0.16637
0.24294
0.48111
-0.66992
1.7374
-0.066377
-0.082364
-0.0033057
0.92035
0.15521
0.091475
-0.033598
-0.39318
-0.003815
-0.63149
0.64117
-0.33383
-1.02
-0.013004
-0.67455
-0.18441
-0.22632
0.14079
-0.32037
0.023239
0.2485
-0.0093455
0.13353
-0.41849
-0.3534
0.23451
-0.53083
-0.95414
0.091338
1.2323
-0.0042793
-0.20978
0.38193
0.042799
0.12866
-0.40448
0.0059561
0.4183
-0.011221
-0.81936
-0.52756
-0.81939
-0.056309
0.18107
-0.10873
-0.097422
-0.47622
0.14649
-0.11828
0.044516
-0.10327
0.65237
0.054918
0.69186
-0.14191
-0.11713
0.076805
-0.066536
-0.16011
1.408
0.11211
-0.038843
-0.0017467
-0.28459
-0.53878
-0.048502
-0.42453
-0.064949
0.75814
-0.014166
-0.032662
0.58372
0.02743
-0.35998
-0.29592
-0.53697
-0.07508
-0.38774
-0.0081428
-0.10348
-0.28366
1.1756
0.25799
-0.0083647
-0.62828
0.46783
-1.4174
-0.32601
0.32216
0.0048226
0.10797
0.0001923
0.88707
0.0409
0.0068232
-0.21872
-0.23193
0.38132
-1.1462
-0.035242
-0.29792
0.027783
0.50673
-0.028669
-0.1821
0.12107
0.0045686
-0.13619
-0.0019219
-0.43365
-0.088733
-0.077979
0.034257
-0.71894
-0.46457
-0.24834
0.27511
0.58093
-0.33812
0.15703
-0.13162
0.38814
0.22248
0.87165
0.0080873
-0.02229
-0.14088
0.070581
-0.13915
1.9288
0.73203
0.28289
-0.00019114
-0.35742
-0.47961
-0.039602
-0.45304
-0.032275
0.30254
0.051454
-0.42415
0.74207
-0.34177
-0.40551
-0.54895
-0.70392
0.091236
-0.28115
-0.0069252
-0.45559
-0.35511
1.3009
0.33796
-0.0058648
-0.54045
-0.14673
-1.7386
-0.35905
0.48583
0.01127
0.1811
0.0013139
0.91536
-0.12301
0.063729
0.46643
-0.43514
0.30009
-0.71645
-0.011656
-0.0072164
0.04413
0.80298
-0.037045
-0.20365
0.061406
0.0055393
-0.37199
-0.0040945
-0.21721
-0.26896
-0.17251
0.03725
-0.55743
-0.48127
-0.65993
0.41545
0.90374
-0.65608
0.23572
-0.11296
-0.22446
0.34393
0.54283
0.39772
0.079873
-0.56502
0.12258
-0.017725
1.8369
0.65383
0.89474
-0.0028445
-0.2451
-0.17588
-0.045718
-0.1429
-0.13547
-0.38668
-0.18483
-0.63689
0.20319
-0.63548
-0.43406
-0.57398
-0.31168
0.07943
0.018086
-0.0045772
-0.52619
-0.24629
0.75619
0.36741
0.0025896
0.2204
-0.77555
-1.4961
-0.19659
0.43715
0.0075043
0.21928
0.0048935
0.4415
-0.54936
0.085601
0.96452
-0.66349
-0.15561
0.29291
-0.12387
0.59342
0.20753
0.58543
-0.028867
-0.24101
-0.012183
0.0060017
-0.50772
-0.0056473
0.56973
-0.57841
-0.28027
0.021448
0.13376
-0.25059
-0.71644
0.26188
0.7647
-0.64728
0.22596
-0.034821
-0.56675
0.3291
-0.0078453
0.85806
-0.1677
-0.9116
0.077869
0.022176
1.3213
-0.24121
1.3906
-0.0010225
0.0080904
0.062352
-0.061966
0.26146
-0.5534
-0.43787
-0.60954
-0.10027
-0.29575
-0.3921
-0.40204
-0.36562
0.13549
-0.046523
0.12907
-0.0024927
0.18016
-0.043671
0.060682
0.32698
0.0036195
0.89151
-0.65335
-1.006
0.03636
0.22633
-0.0018613
0.20259
0.0059496
0.088881
-0.62245
0.05061
0.45105
-0.796
-0.69798
0.6182
-0.63605
0.73766
0.23623
0.21668
-0.010335
-0.21183
0.056817
0.0021125
-0.20444
-0.00070968
1.3368
-0.88104
-0.41622
-0.0010015
0.59066
-0.068197
-0.048185
-0.16626
0.3003
0.10221
0.14436
0.066807
-0.34631
0.25567
-0.44172
0.86579
-0.69848
-0.82883
-0.073447
0.12697
0.74484
-0.7475
1.5723
-0.0016541
0.22553
0.10572
-0.1252
0.41498
-0.77981
-0.25601
-0.4411
0.82338
-0.2771
0.10753
-0.23595
-0.036386
0.11643
0.081747
-0.0041382
-0.0050346
1.1497
0.16744
-0.35179
-0.0058597
-0.0043761
0.6308
-0.16422
-0.56624
0.098857
-0.1158
-0.003946
0.11817
0.0035416
0.093499
0.063226
-0.10542
-0.46692
-0.79074
-0.97377
0.23435
-1.1568
0.012998
-0.10033
0.095271
0.0044133
-0.11699
0.16711
-0.0031922
0.47313
0.00098768
1.4472
-1.1418
-0.53304
-0.020787
0.40315
-0.0078087
0.69117
-0.5094
-0.14649
0.9712
0.038606
0.13817
0.19238
0.16452
-0.51935
-0.038682
-0.75796
-0.24859
-0.2552
0.23228
0.28896
-0.50242
1.4717
0.0028744
0.29772
-0.0395
-0.19467
0.36095
-0.31687
-0.32783
0.5459
0.9762
-0.063951
0.38863
0.03964
0.36871
-0.082019
0.40139
-0.25988
-0.008628
1.4177
0.41913
-0.45174
-0.56618
-0.009606
-0.11169
0.093189
-0.33609
-0.063816
-0.39615
0.0073573
0.057051
-0.0049827
0.26994
0.54716
-0.36023
-0.57015
-0.73909
-0.99194
-0.040866
-0.82808
-0.7429
-0.45865
0.27864
0.01659
-0.039857
0.045142
-0.0065413
1.0537
-0.0030098
0.82376
-1.3406
-0.59473
-0.039955
0.051345
-0.035005
0.65803
-0.58434
-0.34804
0.99839
0.017609
0.14597
0.5347
0.1257
-0.32114
-1.2006
0.13121
0.38055
-0.37035
0.21728
-0.018072
-0.14967
1.2799
0.0068657
0.26567
-0.21223
-0.18659
0.2643
0.51273
-0.59492
1.4441
0.20219
-0.044372
0.29135
0.34921
0.58571
0.010516
0.36314
-0.48773
-0.0069238
0.74604
0.60586
-0.46722
-0.96324
-0.0122
-0.57078
0.055775
-0.31101
-0.13528
-0.44413
0.020245
0.10662
-0.0081007
0.36208
0.10021
-0.50169
-0.038159
-0.7265
-0.85606
0.036433
0.29591
-0.68378
-0.50868
0.38202
0.032077
-0.0068659
-0.22158
-0.0016421
1.1744
-0.007148
0.036326
-1.2873
-0.58262
-0.051591
-0.1106
-0.056659
0.21102
-0.54428
-0.2867
0.43527
-0.019251
0.096505
0.41297
0.065708
-0.14839
-1.3323
0.78745
0.51038
-0.34807
0.14023
-0.048518
-0.030497
0.89075
0.0061931
0.15756
-0.23894
-0.12245
0.15436
0.83017
-0.58549
1.2154
-0.40331
-0.15718
0.11375
0.40114
0.4542
0.1814
0.024749
-0.45135
-0.0091376
-0.053681
0.49251
-0.37213
-0.77639
-0.011378
-0.52434
-0.049849
-0.35532
-0.060843
-0.27808
0.020187
0.10561
-0.007935
0.2615
-0.35502
-0.39191
0.25043
-0.58224
-0.55866
0.093121
0.81236
-0.16876
-0.28021
0.23132
0.028498
-0.016231
-0.27392
0.0016576
0.8316
-0.0094611
-0.35648
-0.90569
-0.41694
-0.040638
-0.097684
-0.054857
0.0077581
-0.38636
0.071398
0.15231
0.14183
0.17076
0.13538
-0.089745
-0.47602
-0.5717
0.22118
0.26036
0.12209
-0.0092041
-0.21979
-0.57832
-0.94751
-0.87006
0.23487
0.142
-0.17198
-0.47734
-0.74645
-0.94702
-0.94789
-0.63809
-0.11577
-0.36149
-0.64468
-0.7927
-0.72733
-0.45748
-0.075933
0.18577
-0.56347
-0.78301
-0.68606
-0.28339
0.2375
0.72801
0.96693
0.77162
-0.66997
-0.5585
0.048758
0.73458
1.0872
1.0607
0.85276
0.52477
-0.26571
0.19305
0.86888
1.1727
0.949
0.47204
0.042106
-0.076446
0.15619
0.59857
0.89132
0.74052
0.31884
-0.082285
-0.31201
-0.23213
-0.1833
-0.066242
0.05911
-0.14799
-0.41674
-0.13189
0.51325
0.70171
-0.24533
-0.16141
-0.0062441
-0.22027
-0.47948
-0.11263
0.63272
0.80151
-0.30654
-0.30285
-0.18471
-0.28671
-0.39508
-0.00021006
0.56413
0.58212
-0.2449
-0.31182
-0.32876
-0.42843
-0.34894
0.13375
0.49959
0.43119
-0.18275
-0.28267
-0.45209
-0.62162
-0.3578
0.29262
0.5684
0.38693
-0.18847
-0.33644
-0.60721
-0.77214
-0.27161
0.59974
0.80434
0.44038
-0.17793
-0.36895
-0.71737
-0.79674
-0.04961
0.96922
1.0568
0.53503
-0.14504
-0.33556
-0.64835
-0.61495
0.11545
0.97505
0.99316
0.47825
-0.4342
-0.32579
-0.0058357
0.23084
0.23044
0.10271
0.063743
0.023876
-0.98947
-0.99872
-0.64024
-0.35806
-0.32056
-0.36664
-0.37621
-0.30352
-0.91185
-1.0957
-0.97091
-0.85062
-0.79524
-0.74361
-0.66011
-0.51117
0.19114
0.088135
-0.14177
-0.37926
-0.45161
-0.40565
-0.35869
-0.29399
1.1287
1.2883
0.94804
0.50731
0.25965
0.19016
0.15034
0.073225
0.95734
1.1311
0.90648
0.65168
0.42867
0.30306
0.24294
0.12548
0.34486
0.46352
0.46833
0.38297
0.25236
0.14703
0.13284
0.056146
0.046087
0.15293
0.2441
0.23808
0.16755
0.059654
0.051949
0.020052
-0.088208
-0.12811
-0.13213
-0.094889
-0.020439
0.082263
0.16173
0.13502
-0.11965
-0.17668
-0.17807
-0.12513
-0.014371
0.1178
0.20635
0.16303
-0.12506
-0.18344
-0.17619
-0.10065
0.021519
0.13828
0.19632
0.14563
-0.12628
-0.17915
-0.16151
-0.072804
0.058238
0.15525
0.18456
0.13184
-0.1301
-0.18236
-0.15714
-0.056415
0.068648
0.16003
0.18351
0.13003
-0.12685
-0.18235
-0.15305
-0.047755
0.080664
0.17295
0.19525
0.13774
-0.12213
-0.16882
-0.14077
-0.03759
0.089291
0.18192
0.19893
0.13927
-0.096314
-0.12804
-0.10861
-0.031682
0.065671
0.1347
0.14456
0.096619
1.196
1.0551
0.14842
-0.60613
-0.73365
-0.50774
-0.31961
-0.17323
1.3977
1.1524
0.019968
-0.77782
-0.75363
-0.4225
-0.27214
-0.15021
1.0059
0.64465
-0.33434
-0.78243
-0.56248
-0.23213
-0.12223
-0.07492
0.56379
0.11127
-0.58307
-0.73594
-0.48361
-0.24983
-0.15268
-0.10904
0.35509
-0.015384
-0.48477
-0.54657
-0.35408
-0.1411
-0.020497
0.013715
0.47732
0.23397
-0.26462
-0.4334
-0.27981
0.091357
0.35241
0.34925
0.72184
0.46309
-0.20627
-0.5426
-0.35403
0.20368
0.63012
0.56022
0.61475
0.3673
-0.23425
-0.57885
-0.33258
0.21764
0.53397
0.43351
-0.25511
-0.87144
-1.1601
-0.74963
-0.057831
0.35064
0.42294
0.27269
0.51376
-0.20139
-1.0545
-1.1508
-0.66786
-0.19111
-0.033949
-0.040837
1.3211
1.0501
-0.011528
-0.89515
-1.0155
-0.76991
-0.61227
-0.42578
1.1992
1.4869
0.96022
0.027168
-0.5054
-0.60586
-0.60655
-0.47013
0.27427
0.75953
0.87346
0.49685
0.095715
-0.14141
-0.33512
-0.35669
-0.25166
-0.050637
0.21528
0.29373
0.21144
0.054522
-0.097619
-0.16381
-0.12771
-0.034808
0.15097
0.23477
0.21904
0.17124
0.099394
0.059334
0.087483
0.23865
0.37303
0.32609
0.23413
0.15903
0.13726
0.086549
0.041914
-0.48221
-0.74332
-0.36613
0.010705
-0.01387
-0.21869
-0.20503
0.34363
-0.40055
-0.92086
-0.48576
0.090677
0.13894
-0.15937
-0.22735
0.89742
0.058869
-0.86081
-0.65513
-0.0071797
0.18223
-0.025659
-0.12335
1.3129
0.5646
-0.66793
-0.81938
-0.27704
0.10527
0.1222
0.055623
1.3924
0.94696
-0.30679
-0.82717
-0.55223
-0.096413
0.18057
0.18092
1.2496
1.1243
0.11206
-0.64488
-0.7057
-0.37909
-0.0015537
0.16089
1.0269
1.1365
0.4896
-0.27966
-0.65758
-0.58913
-0.22948
0.011808
0.71223
0.89824
0.55435
0.010001
-0.41491
-0.51714
-0.30466
-0.10058
-0.21483
-0.19181
-0.10147
-0.0016321
0.19609
0.40707
0.35178
0.061945
-0.37562
-0.2814
-0.027782
0.19209
0.3556
0.50745
0.38977
0.00012177
-0.44534
-0.27141
0.057169
0.25909
0.33418
0.40355
0.17189
-0.27178
-0.35599
-0.1948
0.05522
0.2188
0.40267
0.42778
-0.072004
-0.6167
-0.25285
-0.19198
-0.054979
0.22433
0.63302
0.57599
-0.30055
-0.9474
-0.22549
-0.21794
-0.042524
0.4203
0.95628
0.6148
-0.63475
-1.2747
-0.19417
-0.10998
0.21893
0.79907
1.1432
0.3888
-1.0568
-1.4656
-0.14089
0.016487
0.38764
0.83494
0.84593
-0.012444
-1.1254
-1.2511
-0.095824
-0.088173
-0.03326
-0.19201
-0.55911
-0.55582
0.11058
0.69087
-0.13954
-0.098752
-0.010639
-0.2082
-0.66564
-0.55443
0.3731
1.0169
-0.15692
-0.094884
0.020553
-0.20767
-0.70464
-0.51027
0.64445
1.2645
-0.10213
-0.06716
0.018093
-0.23031
-0.81678
-0.58655
0.83326
1.4658
-0.029014
-0.017111
0.048222
-0.20202
-0.91307
-0.75843
0.88045
1.6322
-0.076379
-0.016029
0.12042
-0.11022
-0.92188
-0.9175
0.67565
1.5606
-0.1491
-0.042661
0.099618
-0.13965
-0.88265
-0.94098
0.35025
1.2427
-0.12552
-0.050642
0.028032
-0.19313
-0.70424
-0.72497
0.15826
0.83434
0.22536
0.29634
-0.048234
-0.52554
-0.63934
-0.30767
0.12028
0.27629
0.31406
0.60322
0.3419
-0.32191
-0.72265
-0.5241
-0.070537
0.16341
0.088152
0.62118
0.87311
0.4628
-0.25738
-0.61154
-0.53036
-0.31241
-0.38941
0.043268
0.83099
1.1172
0.69422
-0.035858
-0.55469
-0.65335
-0.76229
-0.67919
0.025539
0.86825
1.1671
0.83516
0.18147
-0.29447
-0.65498
-0.92727
-0.81487
-0.25256
0.55787
1.0123
0.93773
0.46265
-0.20619
-0.58471
-0.96388
-1.0117
-0.49257
0.35655
0.92621
0.80773
0.060533
-0.14552
-0.5726
-0.90856
-0.82109
-0.22932
0.40834
0.5525
-0.61577
-0.62646
-0.40402
0.028383
0.45616
0.89274
1.0498
0.78825
0.14265
0.52641
0.92414
1.1639
1.1476
1.0653
0.83866
0.48531
0.77472
1.1337
1.1453
0.87802
0.35893
-0.13541
-0.47324
-0.4766
0.27321
0.13222
-0.28817
-0.68565
-0.90175
-0.99944
-1.0283
-0.83983
-0.38258
-0.69109
-0.94474
-1.0132
-0.84405
-0.55069
-0.41685
-0.35113
-0.42236
-0.44535
-0.35646
-0.24524
-0.10076
0.057135
0.10254
0.020818
-0.19815
-0.063109
0.13286
0.19313
0.1085
0.035943
-0.072742
-0.15235
-0.062304
0.072301
0.14497
0.062563
-0.092778
-0.25245
-0.36006
-0.32042
-0.21957
-0.40792
-0.63928
-0.74341
-0.85706
-1.0764
-1.1879
-0.89954
0.24913
0.25336
0.24778
0.22667
0.252
0.20425
0.072829
-0.010193
0.41018
0.60734
0.8274
1.0481
1.3548
1.6523
1.607
1.1316
-0.095946
-0.043167
0.082715
0.24463
0.50185
0.81858
0.91702
0.71837
-0.31848
-0.38736
-0.46356
-0.61235
-0.75599
-0.76887
-0.68847
-0.51517
-0.20045
-0.16528
-0.20489
-0.40536
-0.60045
-0.69577
-0.75099
-0.65823
-0.15387
-0.050794
0.012524
-0.046147
-0.034795
0.01159
-0.034298
-0.1226
-0.18126
-0.17538
-0.071025
0.0032807
0.10215
0.20444
0.18181
0.073134
0.045668
0.11107
0.091465
-0.0076217
-0.075123
-0.060053
-0.051691
0.007909
0.15509
0.23179
0.18445
-0.030283
-0.2216
-0.20342
-0.136
-0.003698
0.1771
0.27332
0.27181
0.11022
-0.082355
-0.13491
-0.10071
-0.0051018
-0.25151
-0.2533
-0.09435
0.0044699
-0.022028
-0.048054
-0.095342
-0.065668
-1.0441
-1.2344
-0.99889
-0.63995
-0.4339
-0.34421
-0.28984
-0.22638
-0.74502
-0.93279
-0.85393
-0.67898
-0.59942
-0.59133
-0.53294
-0.39351
0.76119
1.0578
1.0137
0.64713
0.15735
-0.22513
-0.40527
-0.30697
1.4012
1.8679
1.7705
1.3272
0.81268
0.33724
0.011357
-0.012341
-0.26597
0.34864
0.5927
-0.10779
-0.7156
-0.62839
-0.26634
-0.10783
-0.27763
0.65653
0.95189
-0.075013
-0.83705
-0.57445
-0.10571
-0.039455
-0.26144
0.87427
1.1953
-0.030484
-0.83091
-0.43685
0.018288
-0.068085
-0.28371
0.84279
1.1196
-0.11735
-0.88973
-0.42784
0.0038949
-0.12249
-0.17848
0.83753
0.95964
-0.25989
-0.95678
-0.4472
0.015533
-0.079734
0.058776
1.0167
0.96852
-0.27274
-0.92337
-0.43702
0.030733
0.030437
0.16498
1.0448
0.92199
-0.23862
-0.86615
-0.51403
-0.058237
0.056381
0.14989
0.74536
0.63984
-0.22454
-0.72772
-0.50417
-0.1456
-0.0070474
-0.12177
-0.14934
-0.14399
-0.12716
-0.097284
-0.02476
0.024656
-0.0027727
-0.22871
-0.33387
-0.33702
-0.27593
-0.19924
-0.12985
-0.16194
-0.26831
-0.049092
-0.16153
-0.1939
-0.14032
-0.078663
-0.096466
-0.28331
-0.41899
0.20755
0.14746
-0.036426
-0.17713
-0.22041
-0.34497
-0.55709
-0.5418
0.013553
-0.178
-0.5313
-0.82327
-0.84425
-0.75301
-0.59973
-0.37149
-0.44887
-0.68687
-0.87864
-0.84933
-0.58157
-0.16831
0.19993
0.348
-0.39843
-0.34673
0.036738
0.55612
0.99354
1.2405
1.2991
1.064
-0.019545
0.30098
0.88343
1.3724
1.5315
1.4134
1.2483
0.92447
0.00073436
-0.0030615
-0.0053894
0.0011975
0.0050315
0.0042491
-0.0019041
-0.0049604
-0.00052285
-0.0086423
-0.0087301
-0.001239
0.0027281
0.00031149
-0.0045816
-0.0061383
-0.0030127
-0.0076444
-0.0064201
-0.0012735
0.0028768
-0.0024907
-0.0024962
-0.0038636
-0.0071216
-0.0079947
-0.0030079
0.0026555
0.0037351
0.0025273
-0.0014031
0.00084427
-0.0084579
-0.010377
-0.0040408
0.0025307
0.0039337
0.0049458
0.002958
0.0018214
-0.007111
-0.0054211
2.3177e-05
0.0026106
0.0026765
0.0037891
0.008355
0.0048028
-0.0010262
0.0018707
0.0033369
0.002019
0.0034993
0.0036377
0.0085667
0.0093692
-0.00057311
0.0008812
0.0031554
0.0002067
0.0011167
0.0022357
0.0075178
0.0083873
-0.16976
-0.22193
-0.19772
-0.10617
0.011593
0.14492
0.24813
0.19761
-0.24143
-0.30234
-0.25711
-0.13202
0.033044
0.19542
0.30189
0.23925
-0.28969
-0.34132
-0.25033
-0.075085
0.10952
0.23142
0.28819
0.21879
-0.3253
-0.37592
-0.24039
-0.0069315
0.19248
0.2679
0.27361
0.20352
-0.34047
-0.40741
-0.24766
0.039386
0.23462
0.27699
0.2571
0.19517
-0.34031
-0.42223
-0.26321
0.053334
0.2684
0.30485
0.28671
0.2114
-0.33298
-0.42368
-0.28391
0.037281
0.29141
0.35461
0.3223
0.22284
-0.27405
-0.3407
-0.24603
-0.0011641
0.21709
0.28977
0.26621
0.16909
0.183
0.19817
0.18681
0.38643
0.52398
0.258
-0.23032
-0.4578
0.60128
0.68765
0.48445
0.47187
0.52514
0.19615
-0.38884
-0.5934
0.9729
1.2671
0.99821
0.65179
0.39529
0.10266
-0.22257
-0.35876
0.56177
1.0701
1.1349
0.75766
0.28041
0.081895
0.046594
-0.00051489
-0.50559
-0.17273
0.24267
0.20828
-0.063638
-0.068503
0.098695
0.12678
-1.1719
-1.1635
-0.75888
-0.47938
-0.40729
-0.30294
-0.16279
-0.099634
-1.026
-1.0512
-0.71037
-0.41202
-0.29722
-0.29802
-0.35137
-0.31911
-0.52485
-0.44882
-0.17117
0.041403
0.081715
-0.039696
-0.2228
-0.26453
0.65047
1.0569
1.3752
1.549
1.5499
1.3852
1.1112
0.80885
0.33241
0.52779
0.63946
0.60463
0.53607
0.42266
0.31757
0.28719
-0.40223
-0.64349
-0.82973
-0.96986
-1.0066
-0.93793
-0.7678
-0.47172
-0.479
-0.73916
-0.87107
-0.85309
-0.79982
-0.76506
-0.73123
-0.5392
-0.10521
-0.10952
-0.11546
-0.082552
-0.0684
-0.10428
-0.20335
-0.25125
3.6439e-05
0.061487
0.15981
0.14409
0.095331
0.038164
-0.052089
-0.13061
-0.081093
-0.055499
0.0020577
0.012807
-0.033095
-0.10058
-0.16588
-0.14696
-0.036174
-0.033751
-0.029328
-0.050481
-0.12871
-0.20468
-0.19792
-0.099121
-0.25979
-0.39017
-0.35497
-0.13142
0.068488
0.18278
0.23446
0.15659
-0.32199
-0.46085
-0.39357
-0.11499
0.11887
0.2248
0.26526
0.18317
-0.36524
-0.47186
-0.33865
-0.018001
0.1956
0.24298
0.2602
0.19505
-0.44063
-0.53053
-0.31094
0.070249
0.27162
0.26712
0.28381
0.2382
-0.49187
-0.57379
-0.2662
0.18597
0.32318
0.26932
0.28969
0.2595
-0.49259
-0.55447
-0.18418
0.30248
0.40286
0.30335
0.31147
0.27733
-0.48911
-0.53099
-0.15271
0.34106
0.48905
0.39729
0.34069
0.2497
-0.41322
-0.42995
-0.15566
0.23721
0.39901
0.3526
0.28487
0.17485
0.22632
0.19619
0.053094
-0.0023579
0.1907
0.57177
0.77505
0.44874
0.35416
0.30682
0.12696
0.10772
0.4221
0.79518
0.6746
0.11086
0.29087
0.23782
0.18655
0.37803
0.71487
0.65883
-0.059135
-0.66618
0.18978
0.19944
0.31885
0.62803
0.69287
0.036959
-0.95477
-1.1934
0.21899
0.3053
0.44402
0.48643
0.073067
-0.80771
-1.3823
-1.0836
0.2756
0.37144
0.35055
0.01209
-0.68067
-1.2399
-1.1187
-0.42244
0.10615
0.1682
0.059655
-0.45922
-1.0193
-0.99972
-0.24761
0.4259
-0.054066
-0.013948
-0.1296
-0.54739
-0.75591
-0.32557
0.45535
0.76492
1.02
0.90777
0.041488
-0.49374
-0.50717
-0.34311
-0.24352
-0.14443
1.1959
1.0924
0.16817
-0.37473
-0.38575
-0.31405
-0.31287
-0.24971
1.0207
0.93066
0.20721
-0.13152
-0.10982
-0.19326
-0.38561
-0.38797
0.87861
0.742
0.097883
-0.096287
-0.0036643
-0.091997
-0.38753
-0.46277
0.91083
0.65792
-0.064897
-0.23003
-0.037519
-0.072421
-0.3772
-0.46693
1.0021
0.59633
-0.27497
-0.39486
-0.10733
-0.13376
-0.47031
-0.52168
0.9793
0.4786
-0.41749
-0.50303
-0.23474
-0.3042
-0.63
-0.62591
0.73063
0.327
-0.35718
-0.44191
-0.27207
-0.33627
-0.56318
-0.52492
0.35584
0.21978
-0.0075647
0.040995
0.29037
0.22947
-0.28018
-0.57176
0.30087
0.15183
0.007106
0.19925
0.42253
0.032971
-0.7195
-0.84412
0.068488
-0.03203
0.051464
0.34377
0.26349
-0.46728
-1.033
-0.67382
-0.12693
-0.16057
0.14848
0.37617
-0.1281
-0.96469
-0.92862
-0.011576
-0.16967
-0.085868
0.25329
0.21184
-0.59457
-1.1345
-0.24426
0.88601
-0.10015
0.066103
0.1897
-0.21945
-0.9861
-0.76008
0.74902
1.5577
0.0082677
0.1279
-0.084288
-0.67092
-0.94136
0.040246
1.4949
1.6704
0.047092
0.039883
-0.2541
-0.62937
-0.41027
0.58711
1.4316
1.181
-0.24494
-0.30063
-0.030542
0.29843
0.26812
-0.15983
-0.48362
-0.33686
-0.30823
-0.26496
0.11657
0.34571
-0.0053344
-0.64796
-0.69592
-0.14596
-0.18555
0.03762
0.31342
0.12324
-0.58114
-0.99735
-0.43235
0.36143
-0.013552
0.28147
0.28445
-0.35071
-1.0282
-0.75564
0.3703
0.95755
0.1288
0.29395
-0.086888
-0.84742
-0.96742
0.11548
1.2096
1.157
0.17885
0.029009
-0.57376
-0.94619
-0.24897
1.0126
1.3395
0.71235
0.082288
-0.31314
-0.81891
-0.57812
0.55891
1.3161
0.80809
-0.034726
-0.045723
-0.44677
-0.65796
-0.087977
0.82176
0.97875
0.21362
-0.34284
-0.55491
-1.1174
-1.2345
-0.48318
0.34805
0.51356
0.22059
-0.033124
-0.91359
-1.384
-0.99521
0.18478
0.86735
0.59958
0.089625
-0.12473
-1.2156
-1.2026
-0.091008
0.9951
0.94687
0.21871
-0.20642
-0.19783
-1.2586
-0.55702
0.78287
1.1987
0.51781
-0.24435
-0.3243
-0.12028
-0.78001
0.23591
1.1023
0.80431
0.021437
-0.29838
-0.15095
-0.0060064
-0.09472
0.80472
0.90237
0.21195
-0.26322
-0.14041
0.017129
-0.014187
0.44111
0.97823
0.53779
-0.19376
-0.32436
-0.052987
0.014422
-0.09783
0.57936
0.77352
0.22413
-0.26943
-0.22964
-0.03699
-0.055496
-0.15611
-0.76408
-0.71455
0.12803
0.91629
0.71359
0.22837
0.11579
0.10424
-0.86788
-0.96801
0.026552
1.0805
0.86612
0.16739
0.076137
0.20174
-0.64995
-0.98332
-0.1978
1.0006
0.86968
0.079864
-0.017206
0.19539
-0.44055
-0.95407
-0.45573
0.81956
0.95279
0.17147
-0.033096
0.14798
-0.31251
-0.92719
-0.72985
0.53945
0.99051
0.35755
0.00070561
0.028322
-0.20396
-0.84794
-0.93341
0.085113
0.7663
0.48306
0.086847
-0.084159
-0.076334
-0.63007
-0.92028
-0.33772
0.39494
0.51416
0.23084
-0.005832
-0.029928
-0.38827
-0.67757
-0.45251
0.10329
0.42412
0.35873
0.13758
-0.020442
-0.05795
-0.15015
-0.20254
-0.11068
0.068953
0.25078
0.27059
-0.11311
-0.1421
-0.18359
-0.20539
-0.10474
0.029585
0.22579
0.30514
-0.24914
-0.32183
-0.38524
-0.4533
-0.47283
-0.48837
-0.45885
-0.30903
-0.23135
-0.30558
-0.46937
-0.66758
-0.86089
-1.1112
-1.2566
-1.0432
-0.10658
0.012841
0.15614
0.1959
0.040254
-0.33854
-0.71428
-0.7771
-0.071279
0.21476
0.70832
1.1569
1.3682
1.2678
0.9056
0.44089
-0.21793
-0.094536
0.20641
0.61206
0.99027
1.2162
1.2486
0.9322
-0.34372
-0.40047
-0.42587
-0.3759
-0.18019
0.092314
0.38569
0.45674
0.5178
0.59079
0.41654
0.10708
-0.15579
-0.27142
-0.23595
-0.13036
-0.16892
-0.42711
-0.61839
-0.71063
-0.6846
-0.54062
-0.34575
-0.17996
-0.8401
-1.205
-1.1316
-0.65783
-0.19688
0.027828
0.083144
0.055186
-0.31754
-0.24882
0.24674
0.84386
1.1284
0.93676
0.58527
0.28594
0.71613
1.0135
1.2171
1.2569
1.0288
0.52684
0.13703
-0.013874
0.69922
0.61078
0.19858
-0.14422
-0.36718
-0.51884
-0.45533
-0.23826
0.013574
-0.37377
-0.80539
-0.88208
-0.67429
-0.33939
-0.011774
0.14706
-0.27453
-0.50781
-0.54618
-0.35294
-0.040989
0.33267
0.5456
0.45856
0.19287
0.77026
1.2414
0.91603
0.0684
-0.45121
-0.42169
-0.17571
0.58747
1.2124
1.3107
0.57269
-0.36068
-0.66728
-0.42418
-0.12382
1.0592
1.3256
0.68724
-0.30389
-0.73592
-0.49216
-0.18409
-0.049496
1.2968
1.0847
-0.065911
-0.86746
-0.68251
-0.19101
-0.059971
-0.097557
1.022
0.42342
-0.61986
-0.87404
-0.4091
-0.085676
-0.1519
-0.16746
0.29198
-0.37012
-0.81454
-0.55746
-0.15772
-0.14301
-0.25295
-0.12373
-0.34898
-0.79062
-0.61158
-0.11049
0.049022
-0.14727
-0.15839
0.070054
-0.54466
-0.69054
-0.28593
0.14794
0.10962
-0.088308
-1.8244e-05
0.20906
-0.15567
0.048697
0.37445
0.47239
0.01723
-0.75301
-1.2377
-1.0002
-0.21572
-0.055239
0.34486
0.71552
0.46864
-0.49107
-1.4036
-1.3497
-0.063509
-0.10566
0.065088
0.57798
0.86657
0.15317
-1.0855
-1.4023
0.18522
0.014099
-0.13076
0.22568
0.91191
0.69063
-0.57766
-1.2772
0.28786
0.16489
-0.14883
-0.050249
0.71487
0.95966
-0.0042354
-0.91125
0.2077
0.22167
-0.10447
-0.18131
0.44461
0.99283
0.45759
-0.40233
0.054669
0.20564
0.02464
-0.17121
0.21321
0.76124
0.57996
-0.020294
-0.073258
0.10727
0.074667
-0.056289
0.083815
0.40218
0.37131
0.061867
-0.54429
-0.29833
0.53435
1.2378
1.1536
0.36708
-0.40903
-0.62449
-0.62124
-0.7035
-0.053055
1.0251
1.5472
1.1096
0.1833
-0.34328
-0.38445
-0.78791
-0.88668
-0.25708
0.75969
1.1986
0.91471
0.34946
0.054036
-0.29717
-0.85307
-1.0682
-0.49671
0.42537
0.91023
0.70352
0.27479
0.20746
-0.20934
-0.77753
-0.87273
-0.2916
0.36599
0.5131
0.028746
0.19669
0.25318
-0.074465
-0.44755
-0.44544
-0.13538
0.085793
-0.37752
-0.16387
0.23323
0.24509
-0.065859
-0.32259
-0.46056
-0.3423
-0.39371
-0.27519
0.017696
0.10875
-0.021314
-0.25226
-0.46392
-0.40816
-0.0044872
-0.00089676
-0.0014946
0.0011927
0.00091202
0.0042133
0.0057921
0.0071076
-0.0063773
-0.0041312
-0.0015445
0.0022462
0.0004642
2.4474e-05
0.00092855
0.003853
-0.0040726
-0.003405
-0.0028417
-0.0018307
-0.0016871
-0.0043748
-0.0049461
-0.0033763
-0.0033939
0.00017092
-0.00041719
0.0013543
-0.0025811
-0.0039131
-0.0014436
0.0010139
-0.0028333
0.001956
0.0074855
0.0066057
0.001408
0.0017357
0.00079189
0.0047458
-0.003799
0.0018884
0.0079063
0.0093749
0.0063464
-0.00043255
-0.0002326
0.0014646
-0.0041646
-0.0028883
0.0029148
0.0030188
0.0034176
-0.0014271
-0.0037355
-0.003414
-0.0028686
-0.0049679
-0.0038952
0.00076608
0.0018275
-0.0013046
-0.0043058
-0.0041811
0.35189
0.34778
0.066812
-0.30802
-0.51062
-0.52589
-0.44611
-0.26436
0.41022
0.58134
0.3879
-0.081679
-0.54852
-0.68774
-0.58054
-0.30009
0.20035
0.50635
0.65962
0.38712
-0.25307
-0.63111
-0.5283
-0.2535
-0.23473
0.11286
0.62027
0.71562
0.061477
-0.58608
-0.67786
-0.39526
-0.44432
-0.22716
0.42176
0.8944
0.47149
-0.46874
-0.98381
-0.80371
-0.34085
-0.41302
0.070631
0.85101
0.98436
0.16862
-0.84078
-1.0467
-0.18724
-0.48899
-0.32578
0.53034
1.2884
1.0916
0.058596
-0.60636
-0.091764
-0.41781
-0.47541
0.17308
1.104
1.363
0.73322
-0.017853
0.3474
0.29581
0.021606
-0.23496
-0.48793
-0.81649
-0.98336
-0.68341
0.2732
0.096838
-0.27481
-0.52727
-0.68922
-0.83362
-0.76949
-0.38752
0.01912
-0.22538
-0.50718
-0.62454
-0.56124
-0.26764
0.16588
0.39688
-0.06432
-0.27018
-0.40462
-0.39966
-0.11751
0.45381
0.90481
0.8629
-0.038242
-0.13183
-0.1473
-0.051017
0.23561
0.67168
0.89645
0.73169
-0.11192
-0.16192
-0.11624
0.043893
0.29481
0.59038
0.73541
0.60611
-0.26247
-0.3237
-0.23081
-0.03452
0.25326
0.56257
0.75747
0.63675
-0.29055
-0.34324
-0.23048
-0.041186
0.18483
0.44711
0.61138
0.50374
-0.19007
-0.033382
0.18824
0.22468
0.1804
0.29493
0.47615
0.45417
-0.36655
-0.26726
0.058929
0.27918
0.3145
0.43009
0.64309
0.6447
-0.47268
-0.54621
-0.22615
0.16525
0.32838
0.41784
0.5769
0.59455
-0.50415
-0.76618
-0.58851
-0.14414
0.18107
0.3221
0.42176
0.4097
-0.22153
-0.70416
-0.86794
-0.61476
-0.19253
0.075417
0.2089
0.21853
0.45533
-0.082979
-0.77015
-0.94818
-0.68722
-0.36419
-0.13036
-0.0016225
1.1132
0.88439
0.029307
-0.61114
-0.75378
-0.63665
-0.47062
-0.27847
1.0777
1.2123
0.73985
0.1218
-0.28959
-0.42842
-0.4562
-0.32892
-0.19245
-0.12158
0.042878
0.19885
0.28235
0.15807
-0.22919
-0.48472
-0.18141
-0.028866
0.12884
0.27492
0.41231
0.30215
-0.2711
-0.61653
0.032116
0.19736
0.22031
0.27246
0.45048
0.31082
-0.431
-0.81192
0.31199
0.3562
0.215
0.3346
0.62561
0.31407
-0.65886
-1.0397
0.47265
0.38108
0.18117
0.45666
0.79757
0.26981
-0.85542
-1.1321
0.51015
0.41049
0.23897
0.5276
0.73761
0.058201
-0.96454
-1.0723
0.4139
0.41146
0.34158
0.48135
0.37999
-0.33048
-1.0593
-0.97651
0.26609
0.35355
0.34337
0.32392
0.028343
-0.52496
-0.93201
-0.72917
0.00043534
0.00018013
0.0010144
7.7029e-05
-0.00015944
-0.0031411
-0.00399
-0.0011263
0.0003513
0.0035766
0.001591
0.0052078
0.0047415
-0.0012304
-0.0056789
-0.0015421
0.0035453
0.0083489
0.010097
0.013362
0.0099931
0.0005642
-0.0042268
-0.0035088
0.0050954
0.011933
0.014421
0.014685
0.012681
0.0038568
-0.0031187
-0.0066817
-0.0044276
0.0045791
0.012597
0.011533
0.0093751
0.00091653
-0.0047246
-0.0052993
-0.011874
-0.0058802
0.0030574
0.0073655
0.0019154
-0.00509
-0.012379
-0.0083003
-0.012283
-0.0069595
0.0013513
0.0041998
-0.0020768
-0.01533
-0.018544
-0.01016
-0.00038932
0.00057061
0.0038771
0.0068833
0.00049318
-0.0097916
-0.011855
-0.0079912
-0.29764
-0.045711
0.12361
-0.12805
-0.64587
-0.75276
-0.030299
0.61174
-0.29228
0.017664
0.069015
-0.40524
-0.88984
-0.5512
0.45543
0.87733
0.029485
0.17214
-0.12435
-0.69685
-0.72868
0.11622
0.96051
0.80777
0.3639
0.18862
-0.46531
-0.82121
-0.15148
0.83073
1.011
0.39441
0.29354
-0.21827
-0.85086
-0.58225
0.57372
1.1492
0.59405
-0.090414
-0.14047
-0.69371
-0.81809
0.092154
1.0787
0.89515
-0.036158
-0.44103
-0.56069
-0.79447
-0.25839
0.79238
1.0993
0.31078
-0.47885
-0.55367
-0.61713
-0.53271
0.19436
0.88391
0.6614
-0.095056
-0.49742
-0.39978
-0.69455
-0.48678
0.35337
0.95486
0.78679
0.13461
-0.28236
-0.24508
-0.8607
-0.35852
0.73052
1.1332
0.52218
-0.31128
-0.52381
-0.25955
-0.46974
0.25391
1.0101
0.81597
-0.12291
-0.71038
-0.51972
-0.13076
0.29024
0.92207
0.97634
0.19746
-0.64266
-0.75809
-0.3523
-0.024581
0.93987
1.2337
0.55516
-0.38395
-0.76232
-0.53097
-0.21715
-0.095612
1.1808
0.96012
-0.11946
-0.77458
-0.59865
-0.26423
-0.208
-0.22286
0.94863
0.29703
-0.7175
-0.90293
-0.3895
-0.043331
-0.093209
-0.17127
0.51215
-0.14099
-0.76332
-0.6631
-0.1725
0.10014
0.06975
-0.046289
0.10437
0.12924
0.048783
-0.017407
-0.042541
-0.10103
-0.20075
-0.21138
0.14715
0.096863
-0.048178
-0.08211
0.022245
0.083908
0.0055579
-0.10549
0.38296
0.28619
-0.065162
-0.25207
-0.088795
0.12339
0.13897
-0.023367
0.80814
1.0186
0.62493
0.072275
-0.15893
-0.057641
0.017247
-0.033167
0.83852
1.4746
1.4811
0.9033
0.28506
0.0029635
-0.040664
-0.044108
-0.087079
0.44336
0.93343
0.95843
0.62152
0.29258
0.0667
-0.078372
-1.3055
-1.3384
-0.83261
-0.25876
0.05079
0.10501
-0.056393
-0.23525
-1.3789
-1.666
-1.4417
-1.0058
-0.58676
-0.33622
-0.29609
-0.35675
-0.71018
-1.0174
-1.0728
-0.97325
-0.65064
-0.14474
0.2552
0.31368
-0.98917
-1.0467
-0.69601
-0.26921
0.13805
0.45515
0.57911
0.43404
-0.10395
0.3591
0.83448
1.0454
0.97026
0.60246
0.23422
0.043998
1.0884
1.4706
1.2923
0.87115
0.4271
-0.068205
-0.30944
-0.23764
1.0688
0.90177
0.20026
-0.33637
-0.45752
-0.41315
-0.23358
-0.011283
0.12812
-0.26368
-0.64153
-0.64686
-0.37804
-0.13434
0.085028
0.21747
-0.41235
-0.63386
-0.55943
-0.27527
-0.04763
-0.0090515
0.037848
0.13017
-0.31006
-0.34264
-0.18689
0.037703
0.080627
-0.073339
-0.1246
-0.080952
0.17264
0.2473
0.14204
-0.05747
-0.21159
-0.28982
-0.30891
-0.2309
0.24253
0.33022
0.20043
-0.035385
-0.24519
-0.36566
-0.4282
-0.33467
0.24903
0.35371
0.27638
0.039162
-0.24065
-0.4213
-0.51083
-0.43043
0.28153
0.39675
0.36829
0.17677
-0.16562
-0.44308
-0.57396
-0.48734
0.35272
0.48488
0.4829
0.32752
-0.031018
-0.3548
-0.51129
-0.43391
0.43283
0.61117
0.58184
0.40178
0.032873
-0.29247
-0.43088
-0.32649
0.44723
0.64704
0.59763
0.36009
-0.049053
-0.38984
-0.46808
-0.28504
0.31631
0.4874
0.44387
0.22441
-0.11376
-0.39258
-0.42583
-0.24641
0.00096035
-0.0017129
-0.0076286
-0.018985
-0.020522
-0.012857
-0.0058032
-0.0013353
0.0078238
0.0074255
-0.0052529
-0.021805
-0.029512
-0.02579
-0.017267
-0.0080957
0.011457
0.014795
-0.00051976
-0.016735
-0.025919
-0.024196
-0.019483
-0.0069424
0.011443
0.0092585
0.0015941
-0.01375
-0.021967
-0.016963
-0.010671
0.0010103
0.010329
0.010006
0.000763
-0.010207
-0.014869
-0.0090043
0.0042529
0.012909
0.017104
0.015447
0.0045861
-0.0039023
-0.0073058
0.0022311
0.020352
0.027069
0.019274
0.020158
0.012721
-0.00042521
-0.0035399
0.0081548
0.028175
0.033304
0.012975
0.014497
0.0078791
0.0016551
-0.0022032
0.0036488
0.020976
0.021468
-0.82313
-0.9988
-1.0132
-1.0497
-1.0647
-1.0176
-0.87477
-0.57824
-0.73525
-0.88453
-0.89934
-1.0155
-1.0413
-0.94344
-0.79222
-0.55358
-0.043797
0.11339
0.18347
0.05245
-0.057653
-0.06769
-0.11815
-0.14834
0.47464
0.78715
0.88062
0.84053
0.7405
0.55423
0.31196
0.12831
0.34788
0.52054
0.59086
0.67475
0.65568
0.51114
0.30268
0.14562
0.18188
0.23859
0.31437
0.42238
0.44526
0.38475
0.30263
0.21344
0.20966
0.3005
0.37527
0.37671
0.30937
0.28503
0.29087
0.26235
0.1233
0.19177
0.21893
0.17778
0.11005
0.096573
0.15081
0.17222
0.00026967
-0.0053049
-0.0025769
0.010223
0.015178
0.0089249
-0.0012275
-0.0059887
-0.0070754
-0.010178
-0.003542
0.0092261
0.01506
0.0070435
-0.005116
-0.0061573
-0.011698
-0.015775
-0.0081355
-0.00071636
0.005379
-0.00023155
-0.0044353
-0.0063993
-0.011027
-0.012393
-0.0074697
-0.0016944
-0.0010055
0.00066989
-0.0064933
-0.0047917
-0.0062215
-0.0067897
2.9658e-05
0.0047261
0.0080296
0.0056754
-0.001686
-0.0061384
-0.0048447
0.0010886
0.0065341
0.01424
0.01407
0.0045131
-0.0022202
-0.0060661
-0.0017369
0.0047248
0.011488
0.015791
0.011505
0.0046231
-0.0061338
-0.0093748
0.00019239
0.0052864
0.011416
0.0099078
0.0082935
0.0015508
-0.0049851
-0.0067682
-0.27294
-0.28771
-0.13529
-0.028599
-0.060688
-0.10606
-0.045308
0.052681
-0.3821
-0.38044
-0.17375
-0.029478
-0.08228
-0.14593
-0.072608
0.041258
-0.65819
-0.71012
-0.44832
-0.22852
-0.20445
-0.24738
-0.17894
-0.0566
-0.90977
-1.2089
-1.0428
-0.64787
-0.43499
-0.41707
-0.38689
-0.24546
-0.096601
-0.51303
-0.75968
-0.57153
-0.36302
-0.37593
-0.41609
-0.31686
1.3532
1.2224
0.55341
0.18488
0.16385
0.067113
-0.10735
-0.17019
1.667
1.7035
1.0277
0.47312
0.39662
0.4237
0.31228
0.16425
0.88595
0.90119
0.47691
0.17547
0.17633
0.32173
0.38496
0.29564
-0.013075
-0.12299
-0.58407
-1.0728
-0.64227
0.57196
0.94102
0.43218
0.01153
-0.026758
-0.57691
-1.1918
-0.56702
0.93788
1.1393
0.33875
-0.014746
0.081886
-0.43277
-1.0675
-0.31624
1.0871
0.98946
0.075688
0.026428
0.17923
-0.31996
-0.92207
-0.14582
1.1003
0.79531
-0.054831
0.18226
0.29145
-0.27715
-0.85662
-0.08735
0.94817
0.57671
-0.17413
0.31446
0.29826
-0.37775
-0.84471
-0.063559
0.76415
0.34635
-0.30661
0.2233
0.10579
-0.5442
-0.80291
-0.020208
0.63711
0.19854
-0.33701
0.0084802
-0.1577
-0.58513
-0.60384
0.073205
0.53658
0.10711
-0.27339
-0.34575
-0.59792
-0.65471
-0.15873
0.89436
1.5534
1.2485
0.51822
-0.28585
-0.57809
-0.84861
-0.72863
0.21392
1.3487
1.5479
0.95025
0.038396
-0.14594
-0.54209
-0.95779
-0.80694
0.19888
1.0286
0.99876
0.18793
0.23985
0.005009
-0.5467
-0.94492
-0.61554
0.27262
0.70884
-0.03296
0.18847
0.31526
0.047258
-0.44403
-0.68094
-0.29255
0.23295
-0.20771
0.022084
0.29882
0.28334
-0.062435
-0.50284
-0.52323
-0.11733
-0.11818
-0.0046553
0.14494
0.17014
-0.058139
-0.42577
-0.59944
-0.32531
0.0068343
0.042597
0.072906
0.05794
-0.10043
-0.35847
-0.51401
-0.36553
0.33694
0.19342
-0.35048
-0.78988
-0.57001
0.13746
0.53722
0.30269
0.42822
0.016761
-0.73341
-0.84684
-0.1046
0.63737
0.58245
0.073737
0.2731
-0.37611
-0.95779
-0.40694
0.66631
0.88189
0.15701
-0.35797
-0.11395
-0.80727
-0.80572
0.33735
1.1673
0.60007
-0.41284
-0.66056
-0.58678
-0.94157
-0.2417
0.97139
1.0518
0.0066042
-0.65896
-0.47277
-0.76426
-0.546
0.55235
1.1876
0.45331
-0.5382
-0.52776
-0.06406
-0.53709
0.13
1.0899
0.9574
-0.17097
-0.71276
-0.229
0.21465
-0.23034
0.4887
0.95514
0.44263
-0.4379
-0.52842
-0.027255
0.24663
0.49038
0.7286
0.64298
0.43737
0.34603
0.40438
0.4727
0.35869
0.40297
0.73608
0.83919
0.73956
0.63344
0.6336
0.66947
0.55261
-0.012023
0.26915
0.5651
0.6891
0.63464
0.54324
0.53115
0.47454
-0.33289
-0.20634
0.057924
0.30291
0.3877
0.34017
0.31931
0.30273
-0.30263
-0.3658
-0.38302
-0.26224
-0.012035
0.12615
0.17453
0.18184
-0.23973
-0.41599
-0.6431
-0.68068
-0.4543
-0.24638
-0.1909
-0.14107
-0.29058
-0.53238
-0.79617
-0.91569
-0.81571
-0.69243
-0.6636
-0.51665
-0.2002
-0.41308
-0.62955
-0.75244
-0.73973
-0.69421
-0.68734
-0.56052
0.055202
0.096096
0.15239
0.055592
-0.25509
-0.59905
-0.69543
-0.47661
0.16714
0.16424
0.083346
-0.11888
-0.36216
-0.41908
-0.18368
0.047645
0.0060226
-0.096484
-0.29383
-0.46535
-0.39769
0.13387
0.75867
0.89504
-0.33027
-0.45031
-0.43364
-0.28367
0.073951
0.65074
1.1371
1.0202
-0.32297
-0.10992
0.32166
0.64846
0.74689
0.67182
0.45812
0.14912
0.21313
0.68954
1.0455
0.97993
0.55344
-0.074875
-0.63133
-0.76401
0.57542
0.82984
0.67161
0.087549
-0.51241
-0.92193
-1.0984
-0.93382
0.37035
0.27042
-0.1601
-0.68233
-0.91936
-0.92011
-0.8098
-0.55229
-0.97826
-0.43601
0.64441
0.89047
0.4498
0.10918
0.025217
-0.022034
-1.2241
-0.43867
0.85947
0.91739
0.22668
-0.069824
-0.025819
-0.056862
-1.3124
-0.37351
0.96764
0.79944
0.0057618
-0.12537
0.037627
-0.0050028
-1.3391
-0.3743
1.0089
0.83044
0.041666
-0.073995
0.11978
0.077851
-1.3168
-0.49491
0.8948
0.88016
0.14389
-0.061172
0.083468
0.076371
-1.3158
-0.66832
0.71565
0.87483
0.20072
-0.072453
0.020175
0.045555
-1.3162
-0.79445
0.50245
0.80751
0.27642
-0.028763
0.046344
0.087163
-1.1267
-0.7341
0.27099
0.60264
0.26929
0.016973
0.060252
0.081053
-0.2492
-0.40437
-0.4204
0.0084312
0.67565
0.83028
0.42465
-0.0021873
-0.21662
-0.37695
-0.5219
-0.17366
0.63268
0.90454
0.43898
-0.12176
-0.036678
-0.17899
-0.46076
-0.35652
0.33747
0.77064
0.38841
-0.13083
-0.023538
-0.15161
-0.44388
-0.51358
0.10222
0.74312
0.55715
0.063508
-0.15155
-0.29292
-0.51964
-0.69506
-0.21016
0.70203
0.97596
0.52799
-0.19546
-0.31856
-0.49446
-0.85712
-0.74076
0.2736
1.2034
1.0635
-0.13528
-0.16815
-0.31477
-0.83193
-1.1896
-0.42308
0.87869
1.2279
-0.081309
-0.041439
-0.13794
-0.62779
-1.1618
-0.79335
0.28528
0.85193
0.39121
0.62136
0.60065
0.18812
-0.49152
-0.90657
-0.58127
0.018221
0.38153
0.57855
0.64566
0.337
-0.52063
-1.1055
-0.73746
0.030408
0.19849
0.28676
0.55782
0.56056
-0.25757
-1.0131
-0.74572
0.023738
0.023677
0.12312
0.552
0.79427
0.039065
-0.85443
-0.67654
0.062575
-0.097552
0.089363
0.64523
0.92696
0.18237
-0.69413
-0.50469
0.17493
-0.29338
0.051571
0.73206
0.96475
0.1449
-0.71076
-0.50547
0.17561
-0.36443
0.027856
0.75066
0.94941
0.074017
-0.84573
-0.68421
0.010602
-0.28505
0.042087
0.63287
0.75677
0.043343
-0.75225
-0.66808
-0.12963
0.079094
-0.068776
-0.34451
-0.52036
-0.61908
-0.69918
-0.70522
-0.43729
0.23318
0.25134
0.11106
-0.076699
-0.3813
-0.76788
-1.0673
-0.9308
0.1861
0.38556
0.59211
0.80185
0.75152
0.34466
-0.2784
-0.59182
-0.090569
0.0036662
0.2597
0.78642
1.3115
1.4595
1.225
0.71041
-0.088081
-0.2652
-0.4144
-0.22004
0.32747
0.97231
1.4239
1.2955
-0.010584
-0.17679
-0.47031
-0.73752
-0.78739
-0.47216
0.15732
0.54796
0.024672
0.01044
-0.065756
-0.28258
-0.67841
-0.90742
-0.65747
-0.17519
-0.032279
0.012612
0.14519
0.16289
-0.10662
-0.45686
-0.50869
-0.30399
-0.026857
-0.17054
-0.4023
-0.64695
-0.7664
-0.53637
-0.12504
0.13135
-0.29519
-0.562
-0.79915
-0.9498
-0.83083
-0.3771
0.06961
0.24116
-0.65483
-0.88635
-0.93192
-0.74576
-0.32111
0.13738
0.32825
0.2561
-0.91474
-0.95364
-0.60587
-0.16109
0.29921
0.54272
0.45542
0.17993
-0.80945
-0.54056
0.0078365
0.33
0.4662
0.58395
0.49221
0.19156
-0.24563
0.21297
0.51537
0.37519
0.25677
0.49221
0.59339
0.36706
0.3507
0.79395
0.72005
0.27624
0.12657
0.43062
0.59286
0.41779
0.49922
0.77252
0.56734
0.19904
0.11363
0.34216
0.42409
0.27384
0.030538
0.034388
0.023186
0.019242
0.019969
0.0013558
-0.026533
-0.030179
0.038171
0.037386
0.022636
0.013567
0.0073735
-0.0091421
-0.032748
-0.032918
0.030288
0.027826
0.0042548
-0.011357
-0.0214
-0.032282
-0.027385
-0.01138
0.021468
0.016924
-0.0031098
-0.027009
-0.039439
-0.035334
-0.0095796
0.014976
0.0092012
0.0015472
-0.0092911
-0.019517
-0.033115
-0.019966
0.015973
0.036349
-0.01275
-0.018628
-0.017069
-0.01394
-0.01563
-0.00061826
0.030381
0.04277
-0.028467
-0.03759
-0.027731
-0.0095039
0.00071122
0.016885
0.041072
0.041235
-0.023531
-0.032047
-0.022436
-0.0094784
0.0065776
0.02233
0.035914
0.031552
0.77888
1.5303
1.5782
0.81032
-0.12064
-0.5746
-0.60751
-0.39517
0.07564
1.0365
1.6877
1.3581
0.44142
-0.19803
-0.46573
-0.42188
-1.0155
-0.61388
0.29839
0.75564
0.63004
0.32047
-0.00041109
-0.17067
-1.1451
-1.326
-0.93919
-0.32052
0.1478
0.24811
0.086697
-0.060589
-0.45776
-0.72092
-0.8225
-0.60338
-0.17685
0.0099521
-0.046031
-0.084599
-0.013893
-0.099286
-0.27828
-0.29072
-0.035988
0.1548
0.16219
0.068201
-0.029293
-0.065987
-0.16123
-0.15569
0.0087439
0.18034
0.22479
0.15348
-0.17978
-0.19656
-0.23014
-0.19494
-0.094632
-0.04244
0.015453
0.0096277
0.26722
0.20339
-0.23066
-0.78854
-0.98699
-0.078187
1.4009
1.6816
0.19473
0.20294
-0.064316
-0.65486
-1.239
-0.58689
1.2991
1.9444
0.011891
0.081604
0.14495
-0.16383
-0.92187
-0.98577
0.46392
1.396
0.014197
0.077234
0.25428
0.18626
-0.43526
-0.89742
-0.20969
0.65351
0.18843
0.10802
0.14611
0.12728
-0.20351
-0.62239
-0.47061
0.096282
0.28515
0.07567
-0.085841
-0.055313
-0.10523
-0.37012
-0.5528
-0.29266
0.2149
0.01483
-0.16138
-0.072456
0.044461
-0.15611
-0.47057
-0.36723
0.13657
0.04881
-0.0309
0.068861
0.17053
0.027053
-0.23816
-0.25702
0.0068741
0.0070693
0.0064595
0.004419
-0.0012569
-0.0075192
-0.0081212
-0.0079567
0.0094462
0.0098996
0.0079362
0.0045266
-0.0031938
-0.012717
-0.014229
-0.0063916
0.0051232
0.0069229
0.0074376
0.0055112
-0.0044877
-0.010079
-0.011175
-0.0018458
-0.0011356
-0.0027005
0.0032617
0.0042916
-0.00051996
-0.0048537
-0.0016934
0.0037475
-0.0088641
-0.0095556
-0.0041971
-0.0028385
-0.00031616
0.00034006
0.0038914
0.0073493
-0.0070638
-0.0042531
-0.00053682
-0.0014773
-0.0046272
-0.0016035
0.0025006
0.0050693
-0.0014796
0.006216
0.010729
0.0015108
-0.0043757
-0.0060673
0.0016297
0.0051817
0.0016904
0.0095849
0.0096667
0.0017356
-0.0052321
-0.0042979
0.00042723
0.0034466
0.23795
0.31821
0.38475
0.4037
0.3819
0.42967
0.52001
0.40208
-0.037933
-0.024641
0.085525
0.29008
0.57077
0.95326
1.1765
0.93103
-0.33862
-0.4405
-0.39933
-0.20618
0.14952
0.62108
0.91458
0.75506
-0.23534
-0.22311
-0.29557
-0.43366
-0.54774
-0.54231
-0.45792
-0.32097
-0.00058999
0.07868
-0.065222
-0.41636
-0.77991
-1.1248
-1.2814
-1.0464
-0.027023
-0.13052
-0.35477
-0.46122
-0.45501
-0.52596
-0.65098
-0.61225
-0.13889
-0.41889
-0.64505
-0.42299
0.16501
0.65394
0.69889
0.44196
-0.11594
-0.35544
-0.47387
-0.17406
0.47718
0.99642
1.1284
0.83339
0.0036165
-0.0017855
-0.0019059
-0.00051406
0.006862
0.0062989
-0.00061938
-0.002381
-0.0024328
-0.0045729
-0.0058231
0.00018163
0.005292
0.0066219
-0.0017892
-0.0042912
-0.0042012
-0.0072604
-0.0039497
-0.00015485
0.0058007
0.0032016
-0.0013724
-0.0027246
-0.0025734
-0.0021448
-0.0049565
-0.0020412
0.0034965
0.0045316
0.0010352
-0.0025515
-0.0010352
-6.9614e-06
-0.0041887
-0.0030979
0.0035517
0.0028131
-0.0018473
-0.0050961
0.0020695
-0.0013603
-0.00045207
8.0873e-05
0.0060662
0.0048591
-0.0040559
-0.0070803
0.00047346
0.0029825
0.0024355
0.0051783
0.0062034
0.0038531
-0.0047679
-0.0069586
9.0699e-05
0.00063616
0.0027609
0.0030792
0.0070298
0.0023555
-0.0018177
-0.0023398
0.061765
0.044583
-0.051043
-0.15374
-0.22496
-0.29299
-0.42428
-0.40714
-0.025162
-0.13619
-0.25815
-0.23437
-0.13746
-0.12509
-0.24296
-0.3308
-0.016545
-0.23223
-0.47003
-0.44113
-0.17132
0.065734
0.13332
0.03109
0.30032
0.10008
-0.39384
-0.75187
-0.66301
-0.26674
0.13063
0.18225
0.55192
0.71325
0.31336
-0.50442
-1.0686
-0.97239
-0.47793
-0.14721
0.39715
0.93664
1.152
0.70541
-0.29103
-0.98908
-1.0165
-0.69483
-0.16125
0.39817
1.2409
1.5813
1.1019
0.090514
-0.68533
-0.79155
-0.38124
-0.16511
0.57827
1.3139
1.4305
0.85387
0.078108
-0.3335
-0.18204
-0.14006
-0.016368
0.11539
0.2384
0.31195
0.22815
0.081439
-0.18313
-0.17708
-0.073435
-0.030979
-0.028735
-0.0082864
-0.049199
-0.11439
-0.093406
-0.13146
-0.19428
-0.39069
-0.5981
-0.70182
-0.67244
-0.53822
-0.06054
-0.068986
-0.11058
-0.15926
-0.20615
-0.18775
-0.10973
-0.10118
0.034422
0.12192
0.32368
0.71398
1.1499
1.4374
1.4572
1.0797
0.23766
0.21825
0.33954
0.68916
1.0723
1.2985
1.2295
0.84813
0.16891
-0.016226
-0.28056
-0.4009
-0.49536
-0.60377
-0.62115
-0.48992
-0.10428
-0.26391
-0.57783
-0.85714
-1.0882
-1.2491
-1.2136
-0.87875
-0.2448
-0.17509
-0.010289
0.032358
0.031439
0.2212
0.52127
0.53843
-0.32721
-0.28036
-0.14284
-0.12745
-0.063046
0.30301
0.7944
0.82609
-0.069786
0.031952
0.1207
0.13574
0.2477
0.60362
0.91969
0.77481
0.23977
0.44135
0.62888
0.76293
0.89403
0.94016
0.77676
0.4217
0.11384
0.25237
0.44673
0.59398
0.64432
0.43639
0.024257
-0.27886
-0.18691
-0.28764
-0.31307
-0.34252
-0.403
-0.60019
-0.89811
-0.82514
-0.19452
-0.38631
-0.53848
-0.70253
-0.81309
-0.93446
-1.0331
-0.79933
-0.068847
-0.17352
-0.29134
-0.4201
-0.50941
-0.56443
-0.57339
-0.41279
0.028251
0.050237
0.056141
0.037306
0.0017454
-0.032456
-0.047795
-0.033584
0.04077
0.072163
0.07922
0.051592
0.0027213
-0.047587
-0.064887
-0.04717
0.040804
0.068153
0.068889
0.041791
-0.0055677
-0.049411
-0.068768
-0.050569
0.042562
0.060777
0.049103
0.019828
-0.015604
-0.046469
-0.064774
-0.050506
0.049822
0.059443
0.036681
0.0058171
-0.020369
-0.040151
-0.057944
-0.04949
0.052394
0.056585
0.030456
-0.0034419
-0.026211
-0.046732
-0.061383
-0.05281
0.045172
0.050996
0.025721
-0.0017321
-0.024457
-0.047995
-0.068209
-0.054395
0.035146
0.037105
0.021741
0.006887
-0.012405
-0.035727
-0.050807
-0.040705
-0.3199
-0.67754
-0.88521
-0.63721
-0.13032
0.28478
0.41851
0.23349
-0.43296
-0.76312
-0.86065
-0.43625
0.16795
0.55336
0.58484
0.31673
-0.55983
-0.72101
-0.54163
0.020751
0.43559
0.57942
0.57956
0.37964
-0.70934
-0.72193
-0.26835
0.2851
0.41173
0.35606
0.50789
0.4942
-0.7328
-0.65192
0.0093515
0.50323
0.31958
0.19881
0.48332
0.58722
-0.73731
-0.56975
0.22431
0.67985
0.3687
0.17319
0.42693
0.52821
-0.81528
-0.61456
0.22589
0.72757
0.48358
0.16572
0.16069
0.20166
-0.72699
-0.54188
0.10856
0.55458
0.40306
0.094131
-0.038276
-0.046738
1.3203
1.3773
0.51676
-0.25988
-0.26363
0.12209
0.26175
0.089087
1.7854
1.6205
0.35745
-0.60098
-0.42603
0.2453
0.48655
0.28449
1.2258
0.73872
-0.33197
-0.81137
-0.43008
0.22479
0.49049
0.34273
0.07776
-0.46564
-0.75843
-0.59196
-0.20829
0.15622
0.32255
0.26647
-0.76529
-0.99347
-0.60898
-0.096207
0.045106
0.018507
0.066745
0.12015
-0.9461
-0.90972
-0.25908
0.19923
0.1019
-0.1475
-0.17422
-0.042496
-0.73767
-0.71112
-0.20278
0.10779
0.017517
-0.17376
-0.18295
-0.077579
-0.44424
-0.45362
-0.24355
-0.074442
0.0018267
-0.012885
-0.033315
-0.023987
0.33674
-0.07992
-0.7262
-0.39375
0.64725
0.86458
0.20527
-0.23888
0.46992
-0.12512
-0.94635
-0.44809
0.86193
0.92257
-0.029943
-0.49998
0.40203
-0.26166
-0.99584
-0.34148
0.98019
0.82296
-0.17199
-0.55586
0.2587
-0.40295
-0.96181
-0.20906
0.98012
0.75291
-0.10121
-0.39465
0.14316
-0.46248
-0.92019
-0.16518
0.87011
0.67038
-0.019761
-0.25269
0.037697
-0.5574
-0.92222
-0.14661
0.809
0.62393
0.0054609
-0.18903
-0.12319
-0.68325
-0.9181
-0.12306
0.82427
0.70354
0.1434
-0.074313
-0.25149
-0.66298
-0.78149
-0.11476
0.68246
0.64629
0.25749
0.059374
0.26829
0.2916
0.38055
0.84817
1.1108
0.44918
-0.51284
-0.78489
0.3688
0.28735
0.41201
1.0102
1.1829
0.24755
-0.84004
-0.9134
0.20619
0.11238
0.30079
0.795
0.6728
-0.2458
-0.84095
-0.60366
-0.0061315
-0.061297
0.22972
0.53072
0.098834
-0.61941
-0.67863
-0.27338
-0.041383
0.04328
0.36878
0.42159
-0.18895
-0.70033
-0.5674
-0.19116
0.11581
0.38212
0.61092
0.36439
-0.31378
-0.70088
-0.62303
-0.32172
0.25027
0.54194
0.5605
0.099589
-0.47006
-0.71506
-0.67746
-0.44207
0.27024
0.41442
0.259
-0.14979
-0.48281
-0.5766
-0.54495
-0.36481
-4.9929
-4.8419
-5.0004
-4.5869
-4.9341
-4.9514
-4.9722
-4.9569
-5.0581
-4.9496
-4.8717
-4.7796
-4.8022
-5.0971
-4.9152
-4.4905
-4.7351
-4.9596
-4.7434
-4.7425
-5.0951
-5.0839
-4.9843
-4.9437
-5.0789
-5.0787
-4.7801
-4.7564
-4.9954
-5.0763
-4.8924
-4.4879
-4.9586
-4.9642
-4.8679
-5.1419
-4.4917
-5.0792
-4.9576
-4.9914
-4.9734
-4.8029
-4.5079
-5.1398
-4.4893
-4.9027
-5.0924
-4.8321
-5.0137
-5.0389
-4.9193
-5.2336
-5.0289
-5.0369
-4.8865
-5.0072
-4.508
-4.8625
-4.9085
-4.4922
-4.8021
-4.4892
-4.9279
-4.7703
-5.0898
-4.5336
-4.9715
-4.7108
-4.9929
-4.9707
0.0024338
-0.0055251
0.0032317
0.011001
0.0099997
0.00032114
-0.0055078
-0.0033097
0.0070646
-0.0014181
0.005672
0.0088752
0.0034156
-0.01023
-0.015249
-0.0086985
0.0090899
0.0051658
0.0094324
0.0085795
0.00095157
-0.0079894
-0.011551
-0.0061093
0.012285
0.010279
0.0095449
0.0034784
-0.0057782
-0.0051928
-0.0034191
-0.0021894
0.014536
0.0071979
0.0023003
-0.0036214
-0.010357
-0.0087142
-0.0044078
0.00026979
0.011273
0.0034532
0.0028642
-0.0034655
-0.0091929
-0.010762
-0.0071192
-0.0021235
0.011225
0.0040875
0.0042307
0.0019344
-0.0041682
-0.0085921
-0.0040683
-0.0045368
0.018388
0.0090305
0.0076397
0.0057366
-0.00034742
-0.0045816
-0.0061591
-0.0059527
