-0.57894
1.077
0.15749
-0.7683
0.24955
-0.37206
-0.8962
-1.1367
1.5764
-0.64732
0.54139
-0.54658
0.75212
-1.1176
-0.33108
1.0377
-0.037611
0.35367
-0.065244
0.17612
-0.45659
0.56267
-0.61079
-1.0661
0.76849
-0.74054
-0.69527
-0.56431
2.05
-0.86006
0.52712
-0.57157
1.1247
-1.5979
0.29669
0.98274
-0.46313
0.54887
0.037701
0.1812
0.33596
-0.52045
-1.3002
-0.90092
0.93382
-1.0441
0.42393
0.72702
1.8841
-0.85462
-0.17534
-0.18416
0.67879
-1.2807
1.1311
-0.050714
-1.0369
0.40562
0.22802
-0.19041
1.4398
-0.87842
-0.75553
-0.49708
0.19263
-1.1263
1.2079
1.0072
1.4435
-0.91509
-0.86505
0.54609
-0.1401
-0.39932
1.1006
-1.027
-0.71112
0.075222
0.36296
-0.6551
2.0127
-0.39164
0.45143
-0.049186
-0.77948
-0.96214
0.81882
0.24221
0.96876
-1.0594
-0.89301
1.1201
-0.72131
0.19335
0.043403
-1.2492
0.63673
-0.19081
0.32307
-0.9204
1.5096
0.0086072
0.85533
0.13699
-0.91177
-0.65782
0.11557
-0.21227
0.50897
-0.93528
-0.30753
0.98045
-0.70317
0.1859
-0.8609
-0.87814
1.2283
-0.24381
0.16576
-0.79513
-0.79464
1.4349
-0.014032
-0.45449
0.71519
0.18143
-1.1224
-1.5461
1.0071
-0.66231
0.77713
0.39117
0.46403
-1.5034
-0.38277
1.1699
0.040634
0.39815
-0.44091
-0.51225
-0.99668
0.74594
-0.953
-0.96888
1.2554
-0.080487
-1.0764
-0.63933
1.2015
-0.71184
0.50881
0.80372
1.2191
-1.5752
0.44844
1.3802
-0.44457
0.65106
-0.44616
-0.77121
-0.49366
-0.66016
-1.3946
-1.1893
0.88465
-0.42171
0.17596
1.0917
0.95145
-0.62889
-0.55334
1.0144
1.2622
-0.53219
1.3585
0.45968
-1.1635
0.89231
-0.20997
-0.99944
0.70227
-1.0015
-0.31472
-0.98099
-0.38293
-0.57105
1.2649
1.2097
0.57198
-0.88463
-1.1671
1.1295
0.45059
0.66431
1.0599
-0.78485
-0.85134
1.1447
-0.074661
-1.0632
1.7864
-0.35759
1.0306
-0.48655
-1.2333
-0.53372
0.95231
0.15088
0.25981
-1.3548
-0.73757
1.0679
-0.5526
0.98754
-0.40341
-1.3749
0.87078
1.1749
-0.21396
-0.85705
1.6781
0.11834
1.0943
-0.076133
-0.95806
-0.35536
0.14138
-0.3586
0.050395
-1.3361
0.15592
0.6625
-0.81299
0.49659
-1.31
-1.0912
1.6443
0.77788
-0.31775
-0.48891
-0.41248
1.4267
-0.48884
0.69766
1.1507
1.0564
-0.90903
-1.5667
-0.40305
-0.2086
0.55877
1.2309
-0.50762
-1.0791
-0.22544
0.52443
0.20803
-0.17547
-0.74388
-1.2228
-0.86283
0.68726
-1.1756
0.31753
1.2881
1.3182
-1.1115
-0.5152
-0.72329
0.079694
-0.1158
1.7297
0.29357
-0.35314
0.55332
1.0484
-0.25678
-0.070906
-1.0192
-1.5202
-1.109
-0.70287
-0.80935
-0.51922
0.21983
1.2551
-0.30657
1.1883
-0.91094
0.36139
-1.0996
1.4065
1.1315
0.88394
1.1323
0.8409
-1.0342
0.46005
-1.0061
-1.2159
-0.73634
-0.95183
0.6104
-1.065
-1.0851
1.1484
0.85866
1.0847
-0.89985
0.094653
-1.075
0.53922
1.047
1.4531
0.55157
-0.15471
-0.90714
1.331
-1.0667
-0.48812
0.16198
-0.34881
1.2636
-1.0322
-1.1834
0.97877
1.0092
-0.050418
-0.76608
-0.57413
0.044462
-0.27843
0.17485
1.0708
-0.80862
-1.0789
0.71184
1.8673
-1.2577
0.31455
0.69654
0.090412
0.69514
-0.55882
-0.3946
0.64795
0.37806
-0.48004
-0.56529
-0.83733
0.93923
-0.58538
-0.432
0.25569
-1.3374
-1.0501
1.6348
1.5168
-1.0916
0.6636
0.27137
1.479
-0.99599
1.4529
1.1016
0.94418
-0.57955
-1.4594
-0.87549
0.20914
-0.12089
0.53893
-1.29
-0.0041183
0.33947
-0.33794
0.3337
-0.64705
-0.64946
-0.56353
-0.066087
0.78203
-1.1488
1.5799
0.64852
1.3682
-0.99891
-0.35861
-1.1913
0.5922
-0.91437
0.54934
-0.9479
0.85642
0.8994
0.44972
-0.11067
-0.87934
-1.0127
-0.4951
-0.69941
-0.65789
0.040406
0.76133
-0.699
1.4479
-0.74615
1.2518
-1.1674
1.0115
-1.2151
0.091797
0.27693
1.2809
0.8526
1.1056
-0.97341
-0.75615
-1.1252
-0.048565
-1.1099
-1.0746
1.3177
-0.36439
-1.3633
1.3875
0.43539
1.0311
-0.98276
1.2066
-0.30915
-0.62945
1.0652
0.87785
-0.021922
0.52647
-1.0102
-0.18171
-1.1167
0.61853
-0.99224
-0.6804
0.99718
-0.98536
-0.54131
1.2298
1.1873
-0.1368
-0.75463
1.0074
1.0071
-1.2492
0.84449
0.12594
-1.0771
-0.69393
0.49305
0.46508
-1.0513
1.1112
-0.39574
-0.25928
-0.0082367
-0.82254
0.50932
0.85642
0.86939
-0.516
-0.54163
0.56343
1.3231
-1.1644
0.24716
-0.35195
-1.1933
-1.0323
1.5051
0.62589
-0.72406
1.0928
0.54194
1.5587
-1.1566
0.99283
0.59631
-0.16072
-0.47545
-1.3389
-0.58753
0.024528
-0.73824
-0.72017
-1.3527
0.78735
0.88907
-0.78961
0.27684
-0.39984
0.031315
1.0215
0.5013
1.1042
-0.69248
1.5871
-0.2709
-0.19588
-1.0384
-0.30886
-0.67285
0.17282
-1.2249
-1.0962
-1.5894
1.1209
1.1367
0.091237
-0.17179
-0.70972
0.11569
1.4531
-0.012459
-0.32118
0.76514
1.4718
-1.2724
-0.27371
-1.1132
1.1959
-0.5333
0.54924
-0.60214
-1.14
-0.82219
0.56385
0.49449
1.2586
-1.0329
-1.1194
0.36858
1.239
-0.67012
-1.1291
1.4431
0.70657
-1.0941
-0.32645
-0.0072634
1.0456
-0.43982
1.2381
0.83143
-0.99049
0.27893
-0.31279
-0.63095
1.0001
-1.0864
-1.386
0.71866
0.7116
-1.0945
-1.0812
0.51768
-0.19397
0.30083
-0.29273
1.1165
-0.028112
-0.39677
1.752
1.619
-0.88299
0.81214
-0.7183
-1.3674
-0.32239
0.37698
-1.3115
0.9788
0.33021
-0.81314
-0.65269
-0.44531
-0.51805
1.1633
-0.21635
1.0945
-0.44909
-0.30084
1.4576
1.1143
-0.6394
0.5824
-0.61287
-1.1686
-0.92366
1.4125
-0.85972
0.86918
0.13068
0.38459
1.2704
-0.83525
0.14333
0.11947
-0.69589
-0.42354
-1.0491
-0.14674
-0.27312
-0.8354
-0.93761
-0.89226
0.72636
0.83015
-0.69945
0.1276
0.017671
0.59917
1.3977
0.45893
1.0779
-0.15981
0.6686
-0.68164
-1.0165
-0.91715
-0.2668
-0.13546
-0.40063
-0.86814
-1.219
-1.3395
0.67069
0.8436
-0.060721
-0.2712
-0.096434
1.0063
1.7367
0.26602
0.024648
0.87748
1.0816
-1.097
-1.1989
-1.0322
0.87252
-0.058761
-0.24334
0.11036
-1.0074
-1.1798
-0.071204
0.03155
0.94029
-0.90883
-0.51236
1.4715
1.0652
-0.19174
-0.79949
0.9604
0.93854
-0.48112
-1.2544
-0.30399
0.8311
-0.090512
0.43489
1.2682
-0.51941
-0.42865
-0.70283
-0.90677
0.90821
-0.86294
-1.0764
1.8548
0.028865
-0.66112
-0.98434
0.095711
0.3356
0.67819
-1.1557
0.60299
0.1043
-0.15345
1.1434
1.3388
-0.15304
0.28238
-0.71135
-1.2682
-0.059078
0.2556
-1.3917
1.9608
-0.6044
-0.65101
-0.6544
-0.47898
-0.12344
1.0654
-0.85587
0.75714
-0.29254
-0.12564
1.0869
0.55331
-0.02451
0.39411
-0.3907
-0.94709
-0.64808
1.0602
-1.1496
1.4815
-0.633
-0.5472
-0.48037
0.36704
1.5102
2.0253
1.5324
-0.80918
-1.0395
-0.48444
0.77305
1.8203
1.7452
-0.4523
-0.90594
-1.1188
-0.6967
0.2284
0.81704
0.24426
-0.10647
-0.71281
-1.125
-0.97322
-0.34374
0.54494
0.46885
-0.035947
-0.67942
-1.0911
-0.82702
0.39446
0.4486
0.24384
-0.222
-0.67353
-0.64508
1.072
0.61307
-0.48288
-0.88824
-0.46261
-0.028843
1.474
0.8095
-0.61515
-1.0423
-0.47295
0.050647
1.4997
0.82471
-0.64943
-1.0072
-0.46914
-0.0037363
1.5446
0.9307
-0.57156
-1.1345
-0.76926
-0.32985
1.6013
1.2402
-0.24048
-1.1742
-1.1176
-0.64099
1.3372
1.1883
0.074107
-0.87582
-1.0283
-0.64639
0.043882
-0.70225
-1.3556
-0.70701
0.54466
0.96213
-0.072893
-1.0643
-1.4533
-0.21067
1.1502
1.1858
-0.56488
-1.2923
-0.87813
0.70328
1.3876
0.78814
-1.1018
-1.2546
0.0038283
1.3877
1.1072
0.11032
-1.2755
-0.77336
0.79853
1.5197
0.59315
-0.34843
-0.92847
-0.20034
0.90309
1.067
0.17709
-0.40778
-0.77227
-1.0796
-0.90239
-0.49495
-0.11471
0.053047
-0.45442
-0.98669
-1.2225
-1.0174
-0.53315
-0.10822
0.72092
0.30479
-0.54587
-1.1117
-1.0648
-0.58169
1.4783
1.6156
0.84202
-0.3384
-0.9697
-0.85386
1.0382
1.6128
1.5283
0.74394
-0.18944
-0.55427
0.19396
0.7235
1.1458
0.99111
0.3741
-0.10462
0.34437
0.87254
0.97866
0.19191
-0.83751
-0.94655
0.84287
1.3398
0.92553
-0.41497
-1.3235
-0.9786
1.2725
1.3775
0.23778
-1.1239
-1.2308
-0.39739
1.1849
0.73378
-0.68904
-1.4145
-0.60088
0.45479
0.62254
-0.22178
-1.3181
-1.1545
0.26739
1.1285
0.12752
-0.63701
-1.1278
-0.49863
0.68703
1.0662
-0.37013
-0.74229
-1.0549
-1.1263
-0.98648
-0.69976
0.1784
-0.09301
-0.41471
-0.58198
-0.55543
-0.386
1.1212
1.3728
1.3099
1.182
1.0017
0.66781
0.97988
1.3511
1.4459
1.3964
1.2693
0.88591
-0.16661
-0.26059
-0.33744
-0.37931
-0.334
-0.21426
-0.67029
-0.99917
-1.2008
-1.2863
-1.2016
-0.8535
-1.0365
-0.77533
0.46474
1.2987
0.91882
0.18945
-1.1801
-1.1631
0.12946
1.3254
1.0741
0.28174
-0.97958
-1.2506
-0.43899
0.90823
1.1518
0.54015
-0.6825
-1.1473
-0.85839
0.4792
1.3435
1.0057
-0.55647
-1.1244
-1.1608
0.035584
1.2416
1.2147
-0.44833
-0.97594
-1.0849
-0.29634
0.69015
0.89646
-1.223
-0.65462
0.7776
1.1274
0.30081
-0.20999
-1.573
-0.73547
1.1071
1.2978
0.1824
-0.33364
-1.6057
-0.62493
1.2046
1.1501
-0.017536
-0.40602
-1.5235
-0.45615
1.2852
1.0914
-0.097933
-0.46944
-1.4043
-0.34779
1.2432
1.1141
0.030398
-0.41368
-1.1219
-0.26224
0.91246
0.89176
0.17762
-0.26319
1.5996
2.0959
1.9168
1.5157
1.031
0.47593
1.0281
1.2654
1.044
0.65919
0.31745
0.053063
-0.43979
-0.68849
-0.87402
-0.90819
-0.76069
-0.55445
-0.93472
-1.225
-1.2057
-1.0394
-0.83177
-0.62502
-0.62486
-0.71104
-0.57103
-0.46367
-0.43771
-0.38834
-0.16927
-0.13935
-0.066165
-0.097056
-0.17263
-0.15372
-0.66311
-0.87858
-0.87752
-0.9432
-1.088
-0.99367
-0.69302
-0.75978
-0.71171
-0.99268
-1.4454
-1.4212
-0.22921
0.037292
0.27594
0.013248
-0.59477
-0.84185
0.24831
0.63284
1.0888
1.2654
1.0804
0.59202
0.058741
0.20997
0.63815
1.3169
1.8457
1.5773
-0.26275
-0.39114
-0.1967
0.48969
1.1845
1.1654
0.56129
0.52307
-0.1439
-0.89536
-0.91633
-0.2153
0.76083
0.47607
-0.5462
-1.1926
-0.74597
0.22536
0.51817
-0.10648
-1.1159
-1.13
0.059239
1.016
-0.18678
-0.94013
-1.2864
-0.34058
1.1132
1.4129
-0.80112
-1.2953
-0.69724
0.87261
1.6888
1.2
-0.86455
-0.88353
0.1061
1.3393
1.4436
0.6247
-0.48344
-0.49482
-0.1235
0.57591
1.1361
0.94929
0.46367
0.85773
1.0933
1.1918
1.0985
0.65316
1.2658
1.7076
1.4173
0.57082
-0.21565
-0.56614
0.56698
0.55488
0.088837
-0.66855
-1.2675
-1.2214
-0.73921
-1.0979
-1.1494
-1.0436
-0.91416
-0.6604
-0.96056
-1.2264
-1.0055
-0.55219
-0.19309
-0.072694
0.76093
1.1613
0.69779
-0.10704
-0.71126
-0.70649
0.47188
1.2182
1.2708
0.46196
-0.54004
-0.7985
-0.52574
0.2661
1.1335
1.0575
0.18396
-0.41722
-1.2946
-1.0042
0.21518
1.0555
0.85413
0.25977
-1.3424
-1.5778
-0.85277
0.27172
0.83914
0.61686
-0.9122
-1.3184
-1.1686
-0.37827
0.37195
0.43725
-1.1588
-1.607
-1.2691
-0.33906
0.21453
0.18128
-1.5291
-1.5908
-0.5078
0.70166
0.97
0.52581
-1.1289
-0.42046
0.87235
1.4735
1.0675
0.29333
-0.070478
0.83745
1.2963
0.91812
0.17597
-0.34699
0.75009
1.1388
0.63832
-0.26188
-0.66712
-0.61051
0.74251
0.69707
-0.06196
-0.69288
-0.68529
-0.40889
-0.31073
0.32222
1.2139
1.1461
-0.013227
-0.88281
-0.32816
0.50921
1.4623
1.1146
-0.46911
-1.3712
-0.15089
0.65531
1.2272
0.58715
-0.91682
-1.4543
0.42536
1.0066
0.95095
-0.039868
-1.1905
-1.3044
0.98009
1.2476
0.53681
-0.6602
-1.4722
-1.2489
0.92173
0.90883
0.03605
-0.96656
-1.4022
-1.0105
1.059
0.99754
-0.0010838
-1.0404
-1.3248
-0.91748
1.2119
1.4293
0.48545
-0.8206
-1.415
-1.1167
0.60753
1.1484
0.88558
-0.21018
-1.16
-1.154
-0.24727
0.57863
1.1581
0.51471
-0.78041
-1.1896
-0.70341
0.19993
1.322
1.0179
-0.34091
-0.99251
-0.66194
-0.026228
0.99706
0.94032
-0.047417
-0.62905
-0.041096
-0.50187
-1.0547
-0.69604
0.69352
1.3252
0.0085796
-0.48408
-1.2135
-0.82727
0.92757
1.6896
0.13845
-0.29127
-1.1008
-0.89068
0.84725
1.6784
0.22659
-0.19241
-1.0602
-1.019
0.66839
1.6135
0.18643
-0.26888
-1.1292
-1.0883
0.48524
1.5
0.10906
-0.28934
-0.92833
-0.82486
0.33676
1.1387
0.38505
0.5864
0.47625
0.11194
-0.18775
-0.26244
0.39986
0.69891
1.0112
1.2227
1.2302
0.84913
-0.21512
-0.10111
0.47258
1.3226
1.8824
1.5877
-0.71268
-0.96252
-0.84366
-0.27803
0.40949
0.59809
-0.41772
-0.78386
-1.1756
-1.4273
-1.3287
-0.8979
0.043472
-0.069574
-0.51843
-1.0811
-1.411
-1.1888
-0.031515
0.023671
0.21786
0.36447
0.29729
0.14466
-0.43187
-0.43012
-0.18954
-0.062373
-0.20908
-0.33575
-0.77036
-1.0565
-1.0508
-1.1294
-1.2968
-1.1365
-0.71495
-1.0271
-1.1223
-1.129
-1.0364
-0.75814
0.032245
0.18832
0.50016
0.86372
1.0506
0.89739
0.61447
1.0395
1.5105
1.8574
1.9446
1.5127
0.12975
0.14444
-0.20744
-0.69322
-0.92933
-0.79726
-0.55831
-0.80707
-1.0349
-1.1054
-0.8859
-0.49855
-1.2283
-1.5131
-1.2378
-0.53438
0.27254
0.61962
-0.55176
-0.40414
0.024541
0.63315
1.106
1.0816
1.0253
1.4499
1.2786
0.79863
0.42538
0.19481
1.4244
1.7218
1.0686
0.08524
-0.55218
-0.61259
-4.8682
-5.1422
-5.166
-5.0631
-5.1341
-5.0839
-5.375
-5.2902
-4.9519
-5.2364
-5.1291
-5.0488
-5.1953
-5.3116
-5.4057
-5.1427
-5.1561
-5.2143
-4.8928
-4.9944
0.011096
0.004684
0.0018322
-0.00076888
-0.0024519
-0.0030497
0.011435
0.0039334
-0.0025458
-0.003514
-0.0048575
-0.0085023
0.012598
0.0040699
-0.00081386
-0.0013132
-0.0060734
-0.0090314
0.01096
0.0048273
-0.0024736
-0.0052534
-0.011186
-0.0095993
0.010277
0.0053891
-0.0024846
-0.0060623
-0.0087153
-0.0092485
0.0091425
0.0041294
0.0006588
-0.00035462
0.00055005
-0.0013882
