-0.21534
0.4866
-0.053621
-0.90869
0.084672
-0.1405
-0.23182
0.49885
-0.32505
0.11067
-0.54192
0.077982
0.38579
0.080688
-0.31571
-0.0014261
1.1011
0.22889
-0.3625
-0.60834
-0.24389
1.3508
-0.028159
0.25859
0.051449
0.17536
0.17241
-0.11762
-0.22149
-0.4314
0.64894
0.009378
-0.36705
0.01206
-0.49727
0.0061953
-0.43978
-0.45358
0.39919
-1.0158
0.62578
-0.0087731
-0.84956
-0.41467
0.28159
0.064807
0.76272
-0.88609
0.3766
-0.032346
-0.16291
0.96081
-0.19438
-0.71762
-0.0096483
-0.57788
-0.45755
0.67983
0.016087
-0.39364
-0.3393
0.10601
-0.0090878
-0.49422
-0.32188
0.083546
1.6405
0.14621
0.10402
-0.69133
-0.29668
1.7512
-0.082342
0.42627
-0.075043
0.28255
0.17208
-0.36606
-0.32837
-0.62695
0.90412
0.017276
-0.14571
0.015917
-0.52426
0.16035
0.31331
-0.34871
0.37941
-1.5845
0.61858
-0.18889
-0.39722
-0.33123
0.28635
0.044736
0.34012
-1.0337
0.15379
-0.088739
0.040446
1.1925
-0.20929
0.29424
-0.15031
-0.90594
-0.70639
0.4528
0.66482
-0.79441
0.11501
0.077422
-0.75823
-0.91306
-0.060404
0.11331
1.7549
-0.11175
0.65815
-0.39261
-0.20636
1.0222
-0.17685
0.36801
-0.54116
0.26708
0.10296
-0.821
-0.33043
-0.74388
0.71725
0.019836
0.5428
0.012991
-0.35957
0.10872
1.0104
0.1624
0.13095
-1.2173
0.044189
-0.31087
0.5178
-0.030999
0.18002
-0.014913
-0.3427
-0.71573
-0.0088937
-0.050127
0.37379
0.864
0.054368
0.92193
-0.28426
-0.72648
-0.50332
-0.1608
1.0134
-0.66755
0.25973
-0.29971
-1.1423
-0.083273
0.17163
0.0022384
1.5694
-0.15091
0.46165
-0.21419
0.071539
-0.079087
-0.28749
0.14861
-0.95029
0.29007
0.21571
-1.2415
-0.33401
-0.86233
0.22564
0.015752
1.1523
0.006626
-0.078629
-0.44758
0.59823
0.69874
0.012348
-0.28676
-0.4278
-0.31676
0.76859
0.12776
-0.12265
-0.056494
-0.44736
-0.31304
0.26537
-0.0053899
0.58965
-0.064788
0.30655
0.69739
-0.2648
-0.18537
0.39577
-0.755
0.69567
-0.352
0.14157
-0.9298
-0.80446
1.1457
-0.15889
-0.18042
1.3389
0.15744
-0.090975
-0.48367
0.3398
-0.62248
-0.38611
0.03552
-0.57036
0.52016
0.41028
-1.3258
-0.50668
-0.92352
-0.23035
0.0015784
1.1272
-0.00088421
0.24798
-0.95432
-0.35397
0.96364
0.09282
0.28551
-0.46928
0.048733
0.38117
0.049999
-0.55177
0.037357
-0.28062
-0.066011
0.47487
-0.027716
0.27548
-1.0549
0.053317
0.1681
-0.14311
0.15176
1.2071
-0.79516
0.043933
-0.19319
0.062244
-0.87907
-0.052527
1.1392
-0.7333
-0.24344
1.0418
0.48746
-0.1964
-0.93983
0.34974
-0.60654
-0.37597
0.10993
0.37903
0.79108
0.20835
-0.94792
-0.73355
-0.74047
-0.43321
-0.016459
0.5708
-0.0089166
0.4362
-0.54309
-0.69307
0.97913
0.22314
0.23773
-0.38629
1.1151
0.19618
-0.0042607
-0.81509
0.18311
-0.16881
0.069303
0.17011
-0.21411
-0.34122
-1.3872
-0.63367
-0.10314
-0.018671
0.14573
1.1221
-0.23508
-0.28291
-0.24774
0.050717
0.17591
0.49774
0.38302
-0.74343
-0.18489
0.67836
0.4967
0.0976
-1.1789
0.14524
-0.39865
-0.24078
0.19154
0.73678
0.79002
-0.42796
-0.44321
-0.81999
-0.34564
-0.37422
-0.026062
0.0085826
-0.013432
0.39184
0.32885
-0.39275
0.91345
0.27556
-0.0023738
-0.45178
2.0465
0.32089
0.048789
-0.82314
0.16122
-0.13467
0.036758
-0.43453
-0.43784
-0.54392
-1.0132
-0.79336
-0.15948
0.067361
-0.025053
0.47984
0.31163
-0.17342
-0.26353
0.02787
0.93989
0.4426
-0.095969
-0.22882
-0.12311
0.32752
0.25186
0.25406
-0.98146
-0.017884
-0.21337
-0.090873
0.22174
0.41915
0.47718
-0.75244
-0.09771
-0.65833
-0.03795
-0.19204
-0.021752
-0.21999
-0.011008
0.2183
0.61596
-0.088627
0.63287
0.18424
-0.053201
-0.50887
1.7901
0.33203
0.041373
-0.59575
-0.0012079
-0.096593
-0.045617
-0.65711
-0.39933
-0.32822
0.22252
-0.1084
-1.1278
0.12096
-0.28318
-0.067273
0.41505
-0.060924
0.57248
-0.97507
-0.033162
0.068807
0.18426
-0.31751
-0.13184
0.73881
0.49915
-0.56313
-0.72578
-0.077356
1.7907
-0.11445
-0.065912
0.0085966
0.2088
0.23471
0.29451
-0.08973
-0.42028
0.68987
0.01438
-0.6355
0.015148
0.32171
0.11988
-0.47822
-0.60418
0.33602
-1.478
0.80933
0.074065
-1.0412
-0.30125
-0.11865
0.043879
0.9257
-1.0001
0.49762
-0.077274
-0.4205
0.76028
-0.23414
-0.76602
0.14061
-0.76187
-0.25933
0.66096
0.44685
0.016629
-0.89386
0.029563
-0.58077
-0.53009
-0.21826
0.010842
1.0619
0.55099
0.0090826
-0.78398
-0.2148
1.8985
-0.10378
0.0043714
-0.12194
0.28693
0.16002
0.31523
-0.14493
-0.53144
1.13
0.026945
-0.66011
0.020879
0.70775
0.27404
0.5519
-0.59303
0.23285
-1.6199
1.0012
-0.052743
-0.67477
-0.10613
-0.29224
-0.05349
0.30802
-1.3764
0.16626
-0.1456
-0.30658
1.2957
-0.18257
0.45945
0.07932
-0.9418
-0.61971
0.55715
1.027
-0.78002
-0.31003
0.088255
-1.236
-1.0683
0.16703
0.12068
1.0338
0.20285
0.8637
-0.38069
-0.27621
0.64425
-0.10815
-0.028851
-0.59101
0.25588
0.029439
-0.096527
-0.16772
-0.57488
1.2366
0.028277
-0.099462
0.016367
0.96105
-0.0239
1.3155
-0.031803
-0.046656
-0.55912
0.37289
-0.3612
0.48309
0.15194
-0.49601
-0.23003
-0.51503
-1.3181
-0.033262
-0.094653
0.22943
1.3401
0.19054
1.0523
-0.13992
-0.46527
-0.71894
-0.076083
1.0048
-0.85366
0.083985
-0.25043
-1.1609
-0.03957
0.21016
0.08742
0.80052
-0.055339
0.69333
0.063051
-0.14875
-0.60557
-0.23263
-0.17125
-1.0221
0.39923
0.19567
-0.8048
-0.18585
-0.56454
1.0058
0.019327
0.68915
0.006174
1.1035
-0.76246
0.61884
0.70452
-0.10048
0.54585
-0.29672
-0.69632
0.85559
0.17883
-0.83456
-0.287
-0.53143
-0.93468
0.40268
0.029867
0.87693
0.49601
0.35306
0.60768
-0.28136
0.1372
0.019291
-0.87534
0.28379
-0.3932
0.14112
-1.0127
-0.30695
1.3678
-0.49428
0.035431
0.5739
0.067831
-0.14899
0.053746
-0.039845
-0.89156
-0.44862
-0.24739
-0.50838
0.83556
0.47647
-1.3171
-0.40244
-0.3468
0.64061
-0.00057326
1.1396
-0.0059958
1.0843
-0.89091
-0.52523
1.2197
0.054996
0.76165
-0.41502
-0.67884
0.36037
0.082474
-1.1469
-0.15052
-0.1969
-0.48598
0.6669
0.15406
0.71766
-0.77216
-0.21076
0.010852
-0.2367
0.31888
1.1046
-1.0182
-0.43822
-0.12113
0.057844
-0.93781
0.58713
1.1019
-1.036
0.06478
0.35411
0.22973
-0.39464
-0.4777
-0.18609
-0.59916
-0.51903
-0.18627
0.59533
1.0853
0.20183
-1.3245
-0.76125
0.17089
0.38064
-0.025276
1.0661
-0.017468
0.79546
0.02
-0.67318
1.3688
0.12164
0.32958
-0.26786
0.34633
0.12452
0.22121
-1.1931
0.0080807
-0.056364
-0.23759
0.087883
0.059273
-0.14046
-1.4832
-0.99958
-0.1999
-0.031125
0.24088
1.401
-0.29116
-0.50518
-0.13907
0.012765
0.51913
0.90762
-0.019367
-0.57262
0.16005
0.12377
0.18734
0.034609
-1.0572
-0.49022
-0.33383
-0.43937
-0.01161
0.89716
0.76113
-0.64995
-0.97261
-0.91047
0.67111
0.28942
-0.03822
0.73487
-0.0229
0.36104
0.85282
-0.22383
1.2374
0.024748
-0.040853
-0.26505
1.7374
0.36263
0.45382
-0.9212
-0.045498
-0.087081
-0.23826
-0.6973
-0.20623
-0.60073
-1.2804
-0.90843
-0.18236
0.14121
0.11606
0.77754
0.42977
-0.24296
-0.20279
-0.01047
1.4084
0.59329
-0.45876
0.21911
0.14405
-0.041091
0.060332
0.31429
-1.1008
-0.56837
-0.16859
-0.26191
0.17892
0.45629
0.17018
-1.0123
-0.49118
-0.71863
0.72399
0.23166
-0.030987
0.33727
-0.017336
0.054712
0.79027
0.00013736
0.83431
-0.070125
-0.055401
-0.42232
1.9228
0.44003
0.34169
-0.51592
-0.20079
-0.088634
-0.2366
-0.78653
-0.30986
-0.28277
-0.26422
0.024855
-1.0478
-0.17504
-0.47325
0.13798
0.047249
0.52294
1.1127
-0.91396
-0.18989
-0.58481
0.14453
-0.12409
-0.53432
-0.4322
0.68228
-0.76656
-0.5107
0.15056
1.4926
-0.15484
-0.48817
-0.098098
0.15322
0.31506
0.53011
0.15128
0.25447
-0.13252
0.015505
-0.39408
0.0096744
1.076
0.20343
-0.4308
-0.45669
0.0683
-1.3722
0.50738
0.18355
-0.95155
-0.027482
-0.64447
-0.071979
1.0758
0.078816
0.45787
-0.16576
-0.53538
-0.00012464
-0.020695
-0.572
-0.048805
-0.79931
0.075944
0.29864
0.97554
0.7793
-1.2059
-0.14089
-1.1032
-0.48066
0.095557
-0.59083
-0.60206
1.0468
-0.33834
-0.48864
-0.012508
1.135
-0.064086
-0.53451
-0.19585
0.22392
0.21898
0.96688
0.21193
0.51229
0.15664
0.026836
-0.66553
0.015224
1.5229
0.10642
0.65803
-0.60166
-0.040299
-0.6979
1.0631
0.13663
-0.81927
0.1058
-0.91681
-0.21297
0.31888
-0.25963
0.16909
-0.23736
-0.68761
0.51602
0.04033
0.59851
0.19555
-0.59384
-0.24351
0.54061
1.0116
-0.30458
-0.90559
-0.0051397
-0.99822
-0.9746
0.32119
-0.58596
-0.71314
0.87328
0.69912
-0.12194
-0.3465
-0.15414
0.01832
-0.48463
-0.55814
0.28058
0.0116
1.006
0.29424
0.62076
0.61716
0.025314
-0.72628
0.012116
1.5081
-0.50529
1.2294
-0.37729
-0.10584
0.73525
0.73204
-0.12484
0.14588
0.084538
-1.0855
-0.35769
-0.60355
-0.65225
0.10233
-0.24209
-0.20654
0.98845
0.2018
0.88628
0.23836
0.13002
-0.6478
0.23963
0.40235
-0.83952
-0.42276
-0.25891
-0.17566
-0.016731
-0.069476
-0.5644
-0.80823
0.46283
0.87531
0.52386
-0.60095
-0.87418
-0.1215
-0.50222
-0.92013
0.51025
0.12429
0.50011
0.48262
0.67044
0.95674
0.01374
-0.43503
0.0027255
1.1582
-1.0211
0.29329
0.071881
0.067118
1.262
0.004339
-0.59175
0.67173
-0.087082
-1.156
-0.38701
-0.58667
-0.76237
0.55859
-0.09563
0.7725
0.81103
-0.024807
0.25711
0.070067
0.46098
-0.52879
-0.63202
-0.4224
-0.55754
-0.10213
-0.92709
0.7358
1.2595
-0.82299
-0.43061
-0.83408
0.16124
0.047268
0.98376
-0.8148
-0.69126
-0.39825
-0.5292
-0.36808
0.89727
0.4099
-0.29879
0.61384
0.8596
1.064
-0.0067946
0.15725
-0.010521
0.62279
-0.416
-0.68952
0.46087
0.23425
0.73955
-0.30163
-1.1238
0.3275
0.019232
-0.97327
-0.34382
-0.16186
-0.59508
0.64978
0.22016
1.0822
-0.11589
-0.6841
-0.22806
-0.098124
0.30783
0.45239
-1.0209
-0.77701
-0.14197
-0.029526
-0.75133
0.93321
0.82418
-0.82229
-0.24667
-0.73928
-0.089146
-0.49094
0.66669
-1.0812
-0.2499
-0.59052
-0.52037
0.6918
0.85122
0.087183
-0.93961
0.56366
1.1761
1.0765
-0.030762
0.79187
-0.022665
0.032962
0.74892
-0.50302
0.62073
0.054847
0.10782
-0.13637
-0.98606
0.10242
0.46532
-0.5077
-0.36013
0.058427
-0.44097
-0.14031
0.43752
0.36094
-0.98778
-0.93202
-0.30257
-0.06827
0.28123
1.2676
-0.39644
-0.5569
0.0032832
-0.056823
0.78327
0.5407
-0.36518
0.22304
-0.051491
-0.62184
-0.22742
-0.23367
-0.15525
-1.2261
-0.048283
-0.62863
-0.34762
0.83503
0.18346
-0.8272
-1.0923
0.4786
1.2946
1.0549
-0.041332
1.1369
-0.027107
-0.39184
1.0324
0.028769
0.47579
-0.38457
-0.11168
0.021909
0.0034364
0.35225
0.74446
0.0010382
-0.4368
-0.019147
-0.41549
-0.85869
0.4866
-0.34285
-1.0793
-0.32258
-0.22853
0.073407
0.29023
1.0286
0.3478
-0.2377
-0.079054
-0.073762
1.5418
0.12041
-0.6845
0.92207
0.029718
-0.47969
-0.19471
0.084027
-0.60805
-0.98748
-0.0012227
-0.50006
-0.058193
0.32445
-0.40755
-1.1449
-0.79046
0.34989
1.0108
0.77422
-0.032288
0.90456
-0.019639
-0.45072
0.45399
0.090618
0.23808
-0.51198
-0.03708
-0.093339
0.72394
0.43916
0.43724
0.23948
-0.44228
-0.10071
-0.32074
-0.6998
0.36709
-0.0087794
-0.40936
0.11381
-0.9761
-0.77468
-0.75071
0.070207
-0.14352
1.1783
1.237
-0.11314
-0.16349
-0.97986
0.02453
0.014338
-0.5671
-0.83987
0.22567
-0.82113
-0.24557
0.020042
0.86459
-0.18626
-0.082753
-0.14985
0.30323
0.3947
0.30648
0.29433
0.83212
-0.83304
0.017716
0.11804
0.0064972
0.49234
0.23414
-0.35921
-0.21212
-0.068753
-0.80255
-0.098144
0.20866
-0.84234
-0.1079
-0.73404
-0.14852
1.2796
1.259
0.26211
-0.26229
-0.32785
-0.42934
0.15098
-0.3977
-0.83406
-0.94469
0.072499
0.021523
1.3244
1.2678
-0.70873
-0.099122
-0.98235
-0.53723
0.17375
-0.73605
-1.0647
0.66738
-0.67034
-0.27819
-0.14743
0.17899
-0.11117
-0.0056806
-0.19984
0.49514
0.33498
0.69113
0.3734
1.1913
-0.86498
0.026565
0.027237
0.010807
0.42404
-0.20563
0.70111
-0.43775
-0.047517
0.35711
0.81753
0.19415
-0.94668
-0.12745
-0.86177
-0.25139
0.42741
1.3795
0.12525
-0.38081
-0.74245
-0.1799
0.1936
0.749
-0.36489
-0.3506
-0.059936
0.47501
0.63731
0.20014
-1.0045
0.055562
-0.086443
-0.91205
0.020114
-0.876
-0.99706
0.93587
0.4165
-0.068064
-0.5102
-0.69995
-0.043095
0.16982
-0.50157
0.55831
0.11181
1.0401
0.53594
1.2125
-0.50555
0.022302
-0.32636
0.010363
0.080201
-0.98223
1.0019
-0.5639
0.16645
1.3026
1.0685
0.11532
-0.29707
-0.22863
-0.66421
-0.32521
-0.6724
0.89911
0.29568
-0.5044
-0.66832
0.32476
0.0016423
0.77073
0.154
0.47573
-0.47007
0.4865
-0.22917
-0.79029
-0.79142
-0.19406
0.92147
-0.020804
-0.61116
-0.97377
-0.90201
0.91135
1.1267
0.56516
-0.77256
-0.80435
-0.18652
0.25835
-0.80041
0.62811
0.23584
1.0762
0.88841
0.98424
-0.044662
0.0099937
-0.66589
0.0041272
-0.35938
-1.0104
-0.096109
-0.52123
0.41678
0.92088
0.40115
-0.094184
0.45363
-0.16191
-0.29722
-0.40658
-0.64734
0.34227
0.66912
-0.54791
0.30484
0.67006
-0.60735
0.039191
0.33581
0.47912
-0.73593
-0.32634
-0.67518
-0.83793
-0.33658
-0.83483
1.1661
1.0984
-0.91813
-1.0218
-0.80123
0.68544
0.56556
1.248
-0.86352
-0.33433
-0.47262
0.228
-0.25199
0.64711
0.49035
0.65032
1.2909
0.75942
0.29637
-0.010827
-0.59882
-0.0073268
-0.73405
0.19048
-0.86438
-0.44734
0.35603
0.071749
-0.24144
-0.63149
0.52853
0.36505
0.22588
-0.48165
-0.16694
-0.019262
0.37843
-0.32792
1.1745
0.34995
-0.98618
-0.33518
0.20742
0.1814
-0.055444
-0.92766
-0.64897
-0.38204
-0.095197
-0.69302
0.55397
0.7478
-0.10597
-1.0156
-0.59921
0.34156
-0.36
1.131
-0.7844
0.03955
-0.74836
0.15708
0.71549
0.25082
0.097639
-0.0493
1.6047
0.53451
0.52688
-0.0308
-0.052498
-0.018302
-0.88609
1.0612
-0.46365
-0.44899
-0.18918
-0.23839
-0.2645
-1.1571
0.37026
0.8995
0.77445
-0.53212
0.067154
-0.24615
-0.53733
0.053111
1.0077
-0.36439
-0.29625
-0.28834
0.013985
0.33254
1.0898
-0.5206
-0.41733
-0.034764
-0.051653
0.70168
-0.20503
-0.27937
1.117
-0.87998
-0.42864
0.095867
-0.53264
0.30756
-0.53757
0.091504
-0.93594
0.13168
0.70992
-0.42735
-0.87166
-0.60788
1.7497
0.27657
0.69969
-0.038362
0.60378
-0.024268
-0.85333
0.62787
0.01869
-0.57755
-0.85625
-0.070636
-0.013166
-1.0519
0.42787
0.74287
1.0146
-0.49954
-0.091947
-0.30914
-0.93662
0.5044
0.23448
-0.65784
0.71984
-0.17129
-0.056692
0.44541
1.2939
0.2037
-0.18666
-0.020019
-0.055012
1.358
-0.45399
-0.57121
1.2921
-0.61198
-0.35192
-0.0071198
-0.22189
-0.29629
-0.25109
0.050205
-0.83631
0.16011
0.14571
-0.73599
-1.1728
-0.67967
1.4019
0.060649
0.61155
-0.029607
0.73068
-0.019076
-0.60063
-0.14852
-0.019553
-0.52957
-0.85996
0.082228
0.043453
-0.40471
0.37144
0.064286
0.80449
-0.37449
-0.24222
-0.22485
-0.50673
0.66876
0.17451
-0.27263
0.05861
-1.1125
-1.0114
-0.97595
-0.11607
0.0082644
1.38
0.88616
1.0376
-0.060591
-0.74411
-0.0056957
0.16533
0.26065
-0.53815
-0.69935
-0.70738
-0.010893
-0.38082
0.18935
-0.15279
0.80496
-0.029651
0.51297
0.36593
0.069869
0.22272
0.4199
-0.56824
0.020651
0.16201
0.009908
-0.59712
0.10714
-0.12086
-0.15381
0.017676
0.11248
-0.78957
0.13164
-0.65198
-0.30976
-0.32069
-0.29853
1.5505
1.0204
0.14229
-0.34028
0.011141
-0.29894
0.15252
-0.33859
-1.4409
-1.048
-0.13312
0.046049
1.1052
1.3615
0.57624
0.051549
-0.23303
-0.56022
0.040367
0.43956
-0.56739
-0.55074
-0.86641
-0.15582
-0.48272
-0.4154
-0.16037
1.1552
-0.035688
0.73335
0.30526
0.13009
0.22028
0.43047
-0.74642
0.02802
0.33232
0.014249
-0.89937
-0.47199
0.87674
-0.37643
0.16994
1.0502
0.29099
0.10909
-0.91669
-0.31733
-0.066741
-0.42145
0.63338
1.4076
0.23246
-0.4857
-0.49737
-0.30366
0.11202
0.89856
-1.2095
-0.14568
-0.11945
0.43428
0.046028
0.7038
-0.32972
0.18464
0.78204
-0.85822
-0.4912
0.39451
-0.29609
-0.060635
0.026964
-0.2344
-0.44326
-0.73684
-0.16609
1.2838
-0.38153
0.60319
0.18621
0.35112
0.19741
0.15
-0.79335
0.02075
0.29116
0.012897
-1.0263
-1.0437
0.83763
-0.63523
0.35113
0.97483
1.2186
0.1347
-0.65714
-0.10946
0.43544
-0.47959
-0.69294
1.3426
0.59531
-0.68202
-0.88682
-0.067619
-0.3229
0.76928
-0.59289
0.64275
-0.3398
0.59767
-0.60671
-0.44965
-0.69469
-0.10266
1.1909
-0.043044
-0.93266
0.20746
-0.12449
0.45468
1.1905
0.1697
-0.19557
-0.53126
-0.22657
1.2413
-0.69089
0.32172
0.44345
0.61955
0.26313
-0.1745
-0.72404
0.0068854
-0.094829
0.0071914
-1.0628
-0.48715
-0.34223
-0.71079
0.28948
0.056074
0.86697
0.18903
0.07628
0.45455
0.77598
-0.57181
-0.72544
1.0319
0.72527
-0.98917
-0.39975
0.33747
-1.012
-0.061873
-0.0072671
0.39303
-0.72385
-0.088768
-0.54873
-0.87713
-0.46594
-0.78658
0.66787
0.94844
-0.48465
-0.07151
-0.11024
0.7943
1.0516
0.8199
0.30371
-0.15077
-0.42868
1.1581
-0.15127
0.041902
0.69054
0.76382
0.39232
-0.43572
-0.62479
-0.011428
-0.55007
-0.0016298
-0.98929
0.77032
-0.89909
-0.63577
-0.18838
-0.44826
-0.024754
-0.022057
0.58597
1.1308
0.90021
-0.53452
-0.14813
0.57316
0.045234
-1.1806
0.79201
0.45502
-0.84768
-0.35716
0.27269
0.11632
-0.42508
-0.83945
-0.36042
-0.57962
-0.20592
-0.66841
-0.1445
0.71711
0.73578
-0.42462
-0.027186
0.88959
0.038058
0.86011
0.90788
0.034125
-0.7946
1.0465
0.74032
-0.38523
0.13939
0.6408
0.64446
-0.71091
-0.53099
-0.029031
-0.62649
-0.011353
-0.69138
0.96418
-0.44412
-0.60465
-0.88789
-0.22914
-0.40848
-0.55256
0.66656
1.1338
0.91144
-0.22184
0.092481
0.11239
-0.80918
-1.0265
1.3794
0.13034
0.61035
-0.20737
0.21301
0.44022
0.63782
-0.65875
-0.29943
-0.17177
-0.08891
0.58382
-0.57064
-0.11191
1.4055
-0.75489
-0.0035498
0.77234
-0.50377
0.18521
1.2136
0.040419
-1.1396
0.86472
0.65281
-0.81546
-0.96168
0.21891
0.9405
-0.91456
-0.34503
-0.036278
-0.29064
-0.019443
-0.38801
0.070365
-0.11215
-0.71274
-1.1656
0.11824
-0.2866
-0.96915
0.57696
0.14271
0.7985
0.1818
-0.16357
-0.093123
-0.82125
-0.48768
0.89646
-0.21631
1.486
-0.012418
0.04094
0.59324
1.1423
0.014726
-0.21118
-0.020437
-0.016376
1.182
-0.47533
-0.43593
0.91832
-0.77718
-0.053237
0.48267
-0.31729
-0.35884
0.94777
0.016483
-1.0633
0.59974
0.032119
-0.81524
-1.2361
-0.16215
0.89074
-0.80343
-0.10072
-0.028531
0.051307
-0.018371
-0.20888
-0.49934
-0.21461
-0.65195
-0.67923
0.16281
-0.098018
-0.74668
0.37004
-0.73667
0.52075
0.27468
-0.3504
-0.063912
-0.22059
0.033335
0.066772
-0.10118
0.12063
-1.2015
-0.11279
-1.0985
-0.14231
0.25492
0.84448
0.33872
1.5874
-0.10041
-0.22415
-0.018171
0.23322
0.82521
-0.27822
-1.064
-0.54683
0.21783
-0.39195
-0.2293
0.027852
0.7362
0.1481
0.31288
0.29538
0.11351
0.025543
-0.30357
-0.013987
0.023131
-0.48248
0.015727
-0.92857
-0.27501
0.29058
0.046869
0.1673
0.76081
-1.3058
0.0047443
-0.41794
-0.15853
0.18406
-0.54725
1.7898
-0.099476
0.31947
-0.2655
0.17892
-0.0089837
0.18419
-0.16035
-0.60483
-0.91126
-0.18106
0.22155
0.20019
1.0683
1.5821
0.054776
0.44746
-0.49019
-0.18906
1.2285
-0.18228
-1.3122
-0.96889
0.029502
-0.20518
-0.58243
0.023496
0.92521
0.078184
0.34463
0.21465
0.081866
-0.041425
-0.60575
-0.18745
0.029559
-0.33893
0.019733
-0.97782
-0.73836
1.0617
-0.15593
0.22078
1.0666
-0.55019
-0.0099619
-0.72237
0.05536
0.62876
-0.72167
0.8833
0.068191
0.60151
-0.18349
-0.094377
-0.085957
-0.014852
1.1379
-1.0033
0.25223
-0.10265
0.56016
-0.65598
1.101
0.68186
0.18164
0.94714
-0.7418
-0.78269
1.3831
0.061427
-1.109
-0.49953
-0.31288
0.24572
-0.53202
0.024534
0.7568
-0.4616
0.11601
0.18316
-0.012267
-0.17837
-0.89723
-0.49388
0.018087
0.14011
0.011708
-0.63829
-0.67792
0.66208
-0.50125
0.010446
0.3507
0.80359
0.017779
-0.78556
0.47977
0.91388
-0.69164
-0.71547
0.41925
0.85094
-0.091993
-0.73594
-0.11905
-0.56214
0.84136
-1.0035
0.89363
-0.16872
0.85579
-0.72144
0.229
-0.10305
-0.18125
0.63808
-0.056215
-0.64665
1.413
0.12169
-0.61631
0.79452
-0.14812
0.72567
-0.28414
0.15842
0.51086
-0.83627
-0.27182
0.5997
0.017204
-0.39912
-0.90496
-0.70929
0.0027136
0.33151
0.00057285
-0.3267
0.33052
-0.51205
-0.6389
-0.459
-0.36039
1.0516
0.14448
-0.43853
0.98547
0.81908
-0.53159
-0.92082
0.73768
0.54509
-0.25476
-0.91994
0.1184
-0.98643
-0.11553
-0.59585
0.49125
-0.58685
0.21715
-0.29766
-0.54619
-0.38334
-0.82569
-0.080816
0.79956
0.38978
1.3697
0.022048
-0.0064214
1.2101
0.48396
1.2145
-0.13222
0.25691
0.41181
-0.11755
-0.60963
0.88911
0.33062
-0.67452
-0.75179
-0.77991
-0.014309
0.017017
-0.0080383
-0.20148
1.1129
-0.83539
-0.44607
-1.0437
-0.34272
0.35622
0.16346
0.20217
1.1579
0.51074
-0.099962
-0.25134
0.71675
-0.38825
-0.7078
-0.078129
0.37492
-0.26422
-0.42303
-0.070182
0.20319
-0.78146
-0.74161
-0.12086
-0.60061
-0.38139
-0.62786
-0.50026
0.61151
1.2346
1.0582
-0.058025
0.48122
0.50438
0.73835
1.5637
-0.1191
0.021753
0.46637
0.92374
-0.8992
0.17827
0.66755
-0.8022
-0.7197
-0.82706
-0.031134
-0.43193
-0.015062
-0.04763
0.63872
-0.34875
-0.20117
-1.1807
0.055
-0.24802
-0.13584
0.65096
0.44141
0.2275
0.63473
0.097072
0.41211
-1.0066
-1.1029
1.0507
0.29935
1.2963
-0.18231
0.18819
0.47652
-0.20382
-0.8718
-0.2515
-0.29037
-0.27254
0.59303
-0.39671
-0.10846
0.90449
0.49285
-0.093864
0.64341
-0.23629
0.32576
1.4749
-0.031031
-0.42835
0.5243
0.82574
-1.0239
-1.0779
0.60272
-0.687
-0.7343
-0.76199
-0.037467
-0.57599
-0.020938
0.11474
-0.24506
-0.15458
-0.19986
-0.41364
0.18921
-0.38347
-0.58416
0.7141
-0.90663
0.12023
1.2344
-0.12146
0.13266
-0.68177
-1.0598
1.1671
0.014996
1.6438
0.10259
0.15687
0.56573
0.44592
-0.31532
-0.29738
-0.073858
-0.1301
1.1477
-0.099563
-0.45884
0.060575
-0.051334
-0.096107
0.45523
-0.31304
-0.18407
0.90722
0.063703
-0.61051
0.38795
0.12339
-0.79199
-1.3448
0.28735
-0.39404
-0.53727
-0.49866
-0.027949
-0.4189
-0.018545
0.10101
-0.43896
-0.30669
-0.26296
0.4634
0.04215
-0.26301
-0.65281
0.46198
-1.4405
0.09372
1.108
-0.3157
0.033003
-0.013427
-0.64595
-0.2024
-0.1081
0.22894
-1.0598
1.4375
-1.0598
-0.0042388
0.40918
-0.037985
-0.20374
1.2704
-0.10841
0.20291
-0.030627
0.04365
0.19305
-0.14547
-0.6981
-0.39314
0.30643
0.15905
-0.31976
0.3949
-0.30618
0.1716
-0.22882
0.23279
0.28677
-0.11766
-0.34707
0.047732
0.023821
-1.0816
0.015571
-0.49373
-0.62505
0.60234
0.4461
0.058525
0.73753
-1.4795
-0.038258
-0.16147
0.139
0.41568
-0.64328
1.7185
-0.4726
0.58551
-0.015131
0.060784
0.016642
0.23623
0.095542
1.4839
-0.6277
-0.026739
0.40089
-0.76047
0.55993
1.5323
0.020213
0.69095
-0.46854
-0.4828
0.24047
-0.04376
-1.0702
-0.97626
0.14364
0.54369
-0.46319
0.5172
-0.56322
-0.092267
-0.30283
0.15476
0.35681
-0.11389
-0.51641
-0.11686
0.028345
-1.1244
0.017046
-0.34496
-0.74819
1.0232
0.33593
-0.070374
0.50549
-1.2982
-0.034313
-0.40412
0.43028
0.68386
-0.74777
0.96948
-0.55998
0.89283
0.39584
0.11763
-0.023475
-0.086854
1.2792
0.69296
0.61276
0.00020415
0.73546
-1.0764
1.1352
1.1047
0.065439
0.62287
-0.68864
-0.72118
0.30425
0.072124
-1.236
-0.9668
-0.28716
0.84785
-0.26744
0.57059
-0.84606
-0.80105
-0.37543
0.21283
0.10027
-0.12852
-0.63771
-0.38625
0.0141
-0.4737
0.0027247
0.08783
-0.068158
0.32854
-0.093058
-0.51614
-0.18707
-0.14543
-0.00012529
-0.69888
0.59546
0.61476
-0.4576
-0.71103
-0.23712
0.77451
0.98242
-0.40876
-0.12314
-0.5766
0.88302
-0.2056
1.1255
-0.0066221
1.0669
-0.57406
0.70955
0.45811
-0.34364
0.0011604
-0.054959
0.013265
0.51765
0.032887
-1.1452
0.1168
-0.25291
0.82416
-0.074766
0.8102
-0.96811
-1.1138
-0.55239
0.7174
-0.20881
-0.28339
-0.44585
-0.5074
-0.0029428
0.27112
-0.014
0.34107
0.93577
-0.72845
-0.39258
-0.98565
-0.39972
0.66895
0.096491
-0.79809
0.52272
0.33583
0.080675
-1.1146
0.28234
0.023383
1.3352
-1.0351
-0.046151
-0.59518
-0.1425
-0.58353
0.6555
-0.38009
0.49101
0.042043
-0.17976
-0.083661
-0.8913
-0.44822
0.68288
1.0829
0.86307
-0.12166
-0.80824
0.97617
0.33414
0.65594
-0.095642
1.1682
-0.94486
-0.15368
-0.81586
1.047
-0.14211
-0.58598
-0.11816
-0.47745
-0.019302
0.45688
-0.022971
0.23017
1.0349
-0.86662
-0.29263
-1.1134
-0.097102
0.58694
0.1815
-0.44089
0.03494
0.1294
0.75057
-0.46627
0.53522
-0.92112
1.0855
-0.87637
0.12019
0.34001
-0.48823
-0.42854
0.28287
-0.88282
-0.62873
0.1193
-0.52824
-0.3971
-0.58905
-0.42574
0.53024
1.1251
1.0574
-0.29521
-0.41614
0.74295
0.84697
0.36286
-0.14784
1.2864
-0.77366
1.0849
-1.0544
0.30252
0.23845
-0.8949
0.046573
-0.46558
-0.03445
0.16093
-0.026515
0.070716
0.18736
-0.36613
0.017776
-0.25293
0.14068
0.15252
0.058546
0.21137
-0.8422
0.037716
1.3683
-0.015091
0.45386
-1.1692
0.34234
0.14773
0.15731
1.3885
-0.19624
-0.12068
0.32106
-0.86067
-1.0644
-0.14608
-0.32702
-0.3626
0.56803
-0.093107
-0.080644
0.070101
0.88859
-0.32077
-0.16285
0.079583
0.76305
-0.0030404
0.018182
1.0065
-0.50093
1.0345
-1.0596
-1.0108
0.44781
-1.0398
0.11554
-0.50783
-0.037899
-0.16706
-0.026576
0.048888
-0.40718
-0.14618
0.19519
1.3388
-0.015139
-0.10361
-0.2443
0.62314
-1.6081
0.08548
1.6564
-0.13481
0.23409
-0.5624
-0.28326
0.78784
0.03169
1.2612
0.11654
0.03344
0.31404
-0.3436
-0.69318
-0.26944
-0.10649
-0.18695
1.1242
0.1556
-0.38141
-0.65208
0.46388
-0.17605
-0.09924
-0.19321
0.28638
-0.1799
0.2005
0.48842
-0.2514
0.285
-0.72789
-1.3369
0.32611
-0.79684
0.1804
-0.40268
-0.027055
-0.29691
-0.019359
0.046014
-0.25997
-0.21046
0.13884
1.855
-0.23078
-0.12876
-0.36801
0.54016
-1.4938
0.18711
1.2583
-0.28618
0.081902
0.16035
-0.46424
-0.31699
-0.13467
0.19703
-0.76137
1.761
-0.79263
0.06165
0.37113
-0.50103
-0.45324
0.55637
-0.065487
0.39426
-0.09111
-0.17787
-0.5113
-0.019184
-0.21738
-0.31891
0.13487
0.36879
-0.21522
0.54626
-0.72693
0.0241
-0.42388
0.13708
0.3061
-0.15946
-0.039611
-0.11058
0.01608
-0.92119
0.0094854
-0.085954
-0.59029
0.59427
0.50895
-0.12529
0.32541
-1.1266
-0.0054229
-0.0208
0.28483
0.33364
-0.43093
1.2537
-0.19929
0.63425
0.16881
-0.12604
-0.069135
0.1378
0.15444
2.1716
-0.35056
0.019471
0.38404
-0.94627
0.039065
0.8481
0.0018638
0.59043
-0.42985
-0.51334
-0.78152
0.02407
-0.44353
-0.78948
0.09787
0.64833
-0.20972
0.7681
-1.0427
-0.30593
-0.52214
0.088561
0.42026
-0.071698
-0.011918
-0.23551
0.017285
-1.0935
0.0070446
0.085592
-0.40487
0.74004
0.51617
-0.27582
-0.078631
-1.2926
-0.031159
-0.1494
0.37978
0.39492
-0.38401
0.7176
-0.30864
0.79134
0.57756
0.054774
-0.043855
-0.14807
1.0321
1.6486
0.60124
-0.012843
0.6064
-0.87733
0.65748
0.7942
-0.001278
0.28515
-0.53074
-0.3604
-0.93217
0.046533
-0.67492
-0.90677
-0.1598
0.61948
-0.066937
0.81023
-1.194
-0.90111
-0.45633
0.21094
0.24665
0.051291
0.021265
-0.33192
0.0052561
-0.67024
-0.006136
0.3018
0.34835
0.081373
0.17428
-0.52359
-0.42121
-0.69121
-0.00035095
-0.46457
0.20521
0.22985
0.01816
-0.58367
-0.19388
0.40104
1.1502
-0.20171
-0.10809
-0.40923
0.70218
0.68876
0.9551
0.032584
0.87499
-0.26235
0.60429
0.52023
-0.38204
-0.25831
0.015144
0.46614
-0.81179
0.0070249
-0.82622
-0.23088
-0.19856
0.20784
0.029595
0.91553
-1.1503
-1.0358
-0.46254
0.65037
-0.13174
0.07509
0.13204
-0.28409
-0.0062185
0.0086172
-0.018678
0.29719
0.94083
-0.66223
-0.16449
-0.7181
-0.30923
0.083792
0.04417
-0.76108
-0.24164
0.05648
0.57206
-0.985
0.064692
-0.39914
1.6335
-0.75501
-0.12975
-0.19096
-0.12248
-0.095664
0.59234
-0.12349
0.48202
0.23807
0.010377
0.12837
-0.7678
-0.43509
0.55196
1.0517
-0.43634
-0.077364
-0.79038
0.52068
0.21312
-0.27813
-0.00028497
1.1677
-1.0285
-0.13657
-0.61505
0.92824
-0.26009
-0.031236
0.27911
-0.12461
-0.017442
0.3835
-0.023809
0.031197
0.62084
-0.74182
-0.21396
-0.43486
-2.6942e-05
0.39447
0.12916
-0.61568
-0.83826
0.10458
1.0091
-0.48024
0.23822
-1.0295
1.6654
-0.94701
-0.1154
0.42797
-0.4134
-0.4027
0.22142
-0.57749
-0.39765
0.19605
-0.33014
-0.18288
-0.46179
-0.23252
0.40625
0.58247
0.0067763
-0.20657
-0.67083
0.5726
0.67596
-0.70589
-0.034829
1.391
-0.90247
0.87328
-0.78305
0.39049
-0.10046
-0.26179
0.38156
-0.055801
-0.027233
0.38993
-0.025431
-0.20848
-0.12386
-0.3696
-0.01579
0.67291
0.069434
0.29501
0.12651
-0.1237
-1.2828
0.23301
1.1787
-0.12801
0.27049
-0.98151
1.1848
-0.40754
-0.084902
0.83305
-0.15954
-0.28308
0.10582
-0.80734
-0.92641
-0.032372
-0.28907
-0.20917
0.442
0.065533
-0.020174
-0.3802
0.25726
-0.26385
-0.51778
0.19605
0.77527
-0.92079
0.077462
1.3223
-0.71079
0.86979
-0.75858
-0.68837
0.10638
-0.45805
0.44585
-0.15433
-0.029154
0.1931
-0.023477
-0.22969
-0.4132
-0.1614
0.20435
1.9339
-0.2107
0.15322
-0.011245
0.33946
-1.369
0.33379
1.1018
-0.16817
0.18019
-0.36338
0.53226
0.25351
-0.021735
0.6202
0.091426
-0.080331
0.078883
-0.53609
-0.72503
-0.098424
-0.12381
-0.10557
0.85742
0.15167
-0.19617
-0.71074
0.21396
-0.12158
-0.32537
-0.0053254
0.44897
-0.74065
0.19347
0.8389
-0.43841
0.28032
-0.47206
-1.004
0.14544
-0.39624
0.42837
-0.19176
-0.021548
0.014669
-0.015105
-0.14343
-0.15056
-0.12881
0.21207
1.8834
-0.39489
0.10499
-0.10593
0.41241
-0.94274
0.33501
0.68245
-0.21995
0.09138
0.21428
0.065009
-0.23647
-0.15563
0.027142
0.39303
0.6281
0.28295
-0.28825
-0.45503
-0.31709
-0.43138
-0.34767
0.22276
0.85328
0.70451
-0.088607
-0.53667
-0.25096
-0.52475
-0.71239
-0.18396
0.79711
1.0697
0.35602
-0.31736
-0.020387
-0.3289
-0.78129
-0.67861
0.38
1.2116
0.9616
0.25517
0.14313
-0.0051776
-0.51199
-0.89856
-0.38513
0.84642
1.362
0.91381
0.013915
0.12181
-0.11197
-0.7389
-0.93161
-0.071255
1.0847
1.2049
-0.24645
-0.00047054
0.077484
-0.41252
-1.008
-0.82848
0.19692
0.85452
-0.29585
-0.12189
0.021355
-0.23169
-0.75887
-0.90271
-0.33187
0.34715
0.5074
0.98164
1.224
0.89718
-0.080455
-1.067
-1.3647
-1.0011
0.24733
0.79255
1.3549
1.383
0.51109
-0.78703
-1.4617
-1.2736
-0.25579
0.059808
0.6011
1.0188
0.82143
-0.11527
-0.98828
-1.1015
-0.39256
-0.40716
-0.11877
0.34665
0.65934
0.31694
-0.40573
-0.69252
-0.24472
-0.27733
-0.26951
-0.061969
0.34489
0.45662
0.077744
-0.2486
-0.12581
-0.027695
-0.076315
-0.11034
0.13118
0.39452
0.28605
0.023078
-0.14934
-0.013143
-0.022826
-0.1332
-0.049345
0.14261
0.1669
0.044951
-0.13645
-0.071932
-0.06292
-0.12838
-0.14215
-0.064355
-0.015829
-0.023333
-0.024032
-0.14884
-0.17346
0.064619
0.2958
0.054287
-0.61668
-0.79928
-0.081852
-0.21263
-0.15453
0.17776
0.3091
-0.22176
-0.98092
-0.9033
0.065698
0.018816
0.06664
0.20736
-0.02955
-0.6704
-0.93022
-0.33814
0.15097
0.18646
0.19539
0.0027257
-0.60615
-0.99747
-0.31482
0.69315
0.11458
0.17641
0.093318
-0.3642
-1.0343
-0.84957
0.58432
1.4939
0.13951
0.19031
-0.028071
-0.60417
-1.0029
-0.24648
1.2734
1.6336
0.21952
0.22114
-0.08537
-0.59362
-0.61173
0.34548
1.3798
1.2603
0.18061
0.11405
-0.15155
-0.41193
-0.18938
0.47837
0.89007
0.66729
-0.94257
-0.75225
0.28243
0.95308
0.72922
0.20671
-0.073443
-0.13717
-1.1079
-0.81582
0.45197
1.0725
0.62055
0.039522
-0.20849
-0.21698
-1.0279
-0.64901
0.58059
0.94423
0.2859
-0.20682
-0.31445
-0.24591
-1.0108
-0.48238
0.78273
0.85307
0.07092
-0.30561
-0.2743
-0.16264
-1.1585
-0.35976
0.96897
0.84631
-0.014992
-0.33582
-0.2078
-0.031384
-1.2438
-0.16892
1.1778
0.8819
-0.070215
-0.40228
-0.18649
0.08368
-1.0924
0.09311
1.3006
0.87574
-0.12029
-0.46923
-0.2113
0.083243
-0.79352
0.20685
1.0755
0.69606
-0.069454
-0.37471
-0.16339
0.052957
0.097465
0.00023066
-0.12184
-0.24619
-0.22846
-0.11093
-0.0083479
0.077406
0.12775
0.14514
0.075556
-0.13253
-0.25549
-0.2082
-0.021354
0.14588
-0.17668
-0.045999
0.17305
0.21723
0.064203
-0.10165
-0.062156
0.062703
-0.77391
-0.81638
-0.36399
0.13435
0.33989
0.21871
0.023251
-0.056688
-0.99358
-1.3735
-1.1578
-0.59342
0.0091704
0.28303
0.21283
0.051437
-0.04322
-0.53121
-0.95625
-0.98985
-0.59246
-0.093633
0.15411
0.151
1.3979
1.4683
0.72179
-0.20327
-0.58202
-0.45207
-0.15457
0.021798
1.6703
2.064
1.6092
0.69832
-0.057769
-0.3837
-0.29676
-0.10583
-0.23647
-0.6431
-0.94217
-0.70148
-0.20497
0.17249
0.17351
0.0027806
-0.33934
-0.80654
-0.99331
-0.44303
0.14506
0.3571
0.29153
0.14532
-0.49228
-0.85949
-0.66339
0.13524
0.50139
0.38517
0.35327
0.32637
-0.75243
-0.98703
-0.39415
0.47037
0.51171
0.2369
0.40895
0.48175
-1.0094
-1.0991
-0.17221
0.67699
0.44659
0.19137
0.5275
0.6321
-1.1411
-0.9511
0.25031
0.96557
0.53364
0.24707
0.54934
0.61435
-1.093
-0.63465
0.63404
1.1659
0.65879
0.29506
0.37788
0.36428
-0.85266
-0.34737
0.61867
0.97925
0.61735
0.26233
0.15906
0.10758
-0.23203
-0.50049
-0.74074
-0.50644
0.40667
1.2193
1.1655
0.54863
-0.05557
-0.29265
-0.68115
-0.80427
-0.026052
1.1236
1.3909
0.84377
0.13965
0.038347
-0.28074
-0.7269
-0.53119
0.54219
1.3016
1.0942
0.061982
0.051314
-0.080785
-0.52239
-0.74795
0.0014788
1.149
1.3377
-0.096502
-0.13823
-0.13928
-0.37741
-0.73727
-0.41241
0.66382
1.1908
-0.089856
-0.17545
-0.11318
-0.18672
-0.61009
-0.79797
-0.18447
0.53044
0.016231
-0.053623
-0.023764
-0.032592
-0.38603
-0.87913
-0.85325
-0.23981
0.06512
0.00098705
-0.022497
0.023992
-0.13302
-0.58663
-0.83018
-0.49494
0.51893
0.7185
0.45283
-0.17362
-0.71095
-0.75275
-0.22962
0.31181
0.44597
0.72855
0.59336
-0.097396
-0.87297
-1.0118
-0.33015
0.40655
0.091774
0.36103
0.57678
0.1992
-0.67853
-0.99507
-0.42631
0.31029
-0.083734
0.095874
0.53258
0.46826
-0.39863
-0.91638
-0.51584
0.15647
0.058478
0.09168
0.50207
0.62956
-0.13942
-0.84338
-0.65543
-0.051004
0.27736
0.22496
0.59457
0.88817
0.19252
-0.7515
-0.87428
-0.35731
0.43115
0.42094
0.7379
1.0631
0.44304
-0.63895
-1.0722
-0.70969
0.35857
0.39374
0.6156
0.87612
0.46596
-0.41249
-0.92601
-0.74542
-0.26243
0.098254
0.69068
1.0575
0.74718
0.06265
-0.31463
-0.21938
-0.00062554
0.5094
1.0765
1.0332
0.2809
-0.46194
-0.55666
-0.2933
0.56758
1.0337
1.06
0.41964
-0.44859
-0.7895
-0.56182
-0.24143
1.2267
1.3799
0.70701
-0.20127
-0.69768
-0.69541
-0.41747
-0.16406
1.3863
1.1184
0.08379
-0.61121
-0.59521
-0.40793
-0.31722
-0.21957
0.86665
0.23673
-0.64502
-0.76408
-0.37452
-0.16315
-0.26518
-0.31492
-0.013834
-0.72972
-1.0615
-0.62399
-0.0036206
0.078014
-0.14873
-0.29662
-0.51409
-0.95821
-0.86723
-0.26816
0.21831
0.21065
-0.0090079
-0.13486
0.068558
-0.39458
-0.77932
-0.6994
-0.3847
-0.22881
-0.25549
-0.25405
0.60804
0.062597
-0.75162
-0.84487
-0.38151
-0.13263
-0.15342
-0.18684
1.1189
0.78553
-0.29957
-0.85834
-0.55354
-0.15408
-0.054996
-0.096249
1.2384
1.291
0.24343
-0.78604
-0.8561
-0.39633
-0.059553
-0.027764
0.89078
1.3404
0.77016
-0.38575
-0.87333
-0.58063
-0.18269
-0.040414
0.38976
1.0551
1.1253
0.2885
-0.53453
-0.61546
-0.3109
-0.062215
-0.16137
0.56767
1.1372
0.70775
-0.17367
-0.53388
-0.36906
-0.08339
-0.43448
0.076083
0.72629
0.6499
0.04431
-0.30744
-0.2925
-0.13571
-0.562
-0.35951
0.08974
0.24422
0.13815
0.081532
0.091173
0.048581
-0.94687
-0.88892
-0.32464
0.068531
0.13323
0.063581
0.010219
-0.025849
-0.8642
-1.176
-0.87843
-0.40954
-0.098242
-0.036628
-0.082561
-0.079789
-0.071554
-0.65307
-0.95482
-0.77591
-0.35529
-0.11623
-0.060459
-0.051754
1.0488
0.63174
-0.26793
-0.66138
-0.48585
-0.23187
-0.08003
-0.015241
1.597
1.5902
0.75877
-0.028861
-0.36924
-0.40895
-0.29567
-0.14495
1.2554
1.511
1.1331
0.50156
-0.05579
-0.39566
-0.3942
-0.18589
0.54311
0.847
0.82349
0.55367
0.1418
-0.1661
-0.22886
-0.091987
0.053355
0.099581
0.083079
-0.28188
-0.93047
-0.86745
0.21964
0.98743
-0.022434
0.033165
0.053004
-0.28873
-1.0362
-0.91758
0.54535
1.4034
-0.13689
-0.12242
-0.03482
-0.27888
-0.934
-0.7209
0.8271
1.5512
-0.12537
-0.092618
0.0047168
-0.25278
-0.90026
-0.68649
0.79351
1.3859
-0.094552
0.02751
0.14586
-0.15291
-0.86002
-0.68012
0.67894
1.2186
-0.12562
0.0076123
0.1759
-0.16755
-0.8468
-0.63426
0.68105
1.1985
-0.11166
-0.0082399
0.051644
-0.33516
-0.88656
-0.56725
0.63168
1.1641
-0.044688
0.015147
-0.016459
-0.40358
-0.77827
-0.46363
0.4529
0.89462
0.35872
-0.01877
-0.76155
-1.154
-0.80767
-0.034561
0.49212
0.46309
0.011069
-0.5704
-1.2124
-1.1694
-0.30529
0.58618
0.8886
0.57458
-0.61852
-1.0938
-1.0068
-0.19537
0.72
0.96187
0.58312
0.12598
-1.0011
-0.98655
-0.092251
0.94234
1.1708
0.58351
-0.17066
-0.41785
-0.76826
-0.24713
0.7777
1.2169
0.6852
-0.13672
-0.54636
-0.45801
-0.26254
0.43893
0.9594
0.6728
-0.070315
-0.46812
-0.34717
-0.1025
0.18294
0.72348
0.65102
0.02297
-0.42882
-0.39001
-0.072293
0.11751
0.36919
0.6412
0.32713
-0.23162
-0.40537
-0.21201
0.071596
0.13211
0.018264
-0.5423
-0.9411
-0.050236
1.1597
1.1522
0.42349
-0.055121
0.13361
-0.56786
-1.0797
0.0098966
1.3538
1.0999
0.046677
-0.38519
0.096561
-0.54264
-1.0295
0.033187
1.2823
0.83968
-0.32014
-0.64221
-0.022086
-0.59875
-0.98505
-0.0013736
1.1658
0.81148
-0.2366
-0.5311
-0.059501
-0.62751
-0.92984
-0.054811
1.0083
0.77796
-0.064708
-0.37076
-0.052242
-0.55162
-0.80681
-0.056103
0.83683
0.66061
-0.068717
-0.37943
-0.078309
-0.52326
-0.72724
-0.047475
0.70618
0.55941
-0.049491
-0.32326
-0.15109
-0.46641
-0.54507
0.025477
0.56173
0.44633
0.041256
-0.14797
-0.28647
-0.32785
-0.052216
0.20111
-0.13868
-0.71449
-0.7374
-0.20095
-0.28842
-0.19941
0.15513
0.16253
-0.50597
-1.0208
-0.51294
0.27356
-0.10416
0.072846
0.26754
-0.11867
-0.84631
-0.79921
0.26005
0.95588
0.037953
0.14229
-0.028112
-0.63245
-0.90969
-0.078056
1.1468
1.2914
0.15497
-0.0022602
-0.52576
-0.93653
-0.44242
0.77096
1.4167
0.92999
0.19455
-0.20846
-0.78617
-0.63245
0.41833
1.2353
0.92576
0.10188
0.016402
-0.47222
-0.71557
-0.026708
1.0635
1.1353
0.14467
-0.56409
-0.23193
-0.53927
-0.37746
0.43804
1.0816
0.65665
-0.27004
-0.5871
-0.0472
0.061657
0.074042
-0.024587
-0.1561
-0.21182
-0.17558
-0.12066
-0.131
0.0084901
0.098335
0.066061
0.020658
0.040782
0.1224
0.16786
-0.52175
-0.57452
-0.57153
-0.55779
-0.41798
-0.23631
-0.075285
0.013517
-0.54887
-0.69318
-0.86355
-0.95358
-0.9506
-0.92879
-0.83365
-0.62984
0.32073
0.46868
0.41063
0.22705
-0.028722
-0.38545
-0.72285
-0.76109
0.79299
1.1734
1.3488
1.3662
1.3191
1.0367
0.50392
0.010403
0.17624
0.23656
0.29993
0.49555
0.82932
1.0479
0.8863
0.46712
-0.50596
-0.75467
-0.88416
-0.76384
-0.41625
0.021829
0.2554
0.19542
1.1053
1.6421
1.7302
1.5767
1.3538
1.0533
0.71288
0.37372
0.78153
1.0855
1.0762
0.88002
0.63866
0.36792
0.12659
-0.0069254
-0.39151
-0.56196
-0.67493
-0.76954
-0.80333
-0.76063
-0.64061
-0.49864
-0.83758
-1.0473
-1.0181
-0.918
-0.81463
-0.63271
-0.44108
-0.34024
-0.54827
-0.54896
-0.31262
-0.18035
-0.15446
-0.069425
0.0055395
-0.016215
-0.28158
-0.20613
0.041075
0.11157
0.0069836
-0.069735
-0.085088
-0.083194
-0.13564
-0.081651
0.034846
0.035694
-0.10231
-0.26461
-0.31784
-0.23068
0.01393
0.030204
0.021275
-0.022055
-0.098761
-0.21107
-0.26045
-0.15617
0.27183
0.15741
-0.12606
-0.16203
0.17406
0.51743
0.52702
0.23657
0.49903
0.56838
0.2135
-0.045231
0.060357
0.24372
0.22874
0.031301
0.68417
1.021
0.84035
0.46907
0.19564
-0.033112
-0.14565
-0.1833
0.19206
0.64075
0.92468
0.91197
0.69266
0.36675
0.12268
0.0082761
-0.74956
-0.56963
-0.057586
0.44393
0.80376
0.90812
0.78203
0.48539
-1.081
-1.294
-1.1206
-0.63074
-0.0073838
0.5112
0.69323
0.5041
-0.73595
-1.0589
-1.2009
-1.1295
-0.82123
-0.41849
-0.10059
-0.063444
-0.21477
-0.43482
-0.68588
-0.85239
-0.82992
-0.66495
-0.48352
-0.37396
-0.41202
0.10188
0.68629
0.49521
-0.069694
-0.16654
0.11224
0.25487
-0.59452
0.0028219
0.85211
0.71201
-0.12752
-0.36516
0.021927
0.29334
-0.80179
-0.36437
0.68422
0.87766
0.087133
-0.39542
-0.18484
0.090666
-0.84027
-0.71422
0.41331
1.1164
0.55936
-0.26708
-0.43589
-0.19322
-0.71514
-0.89991
0.018013
1.1482
0.99907
0.080974
-0.41805
-0.31473
-0.53027
-0.98258
-0.5108
0.7802
1.1758
0.52233
-0.1604
-0.27231
-0.3703
-0.98442
-0.94295
0.15754
0.96839
0.7346
0.12124
-0.12449
-0.30126
-0.80485
-0.91974
-0.25333
0.49549
0.58341
0.21659
-0.016957
-0.61193
-0.6551
-0.35323
-0.17495
-0.44723
-0.88287
-1.1022
-0.92648
-0.70306
-0.74546
-0.34544
0.070882
0.032483
-0.46452
-0.97384
-1.03
-0.48134
-0.48049
-0.11747
0.52949
0.92657
0.61206
-0.15117
-0.58379
-0.21811
-0.28189
-0.070933
0.58834
1.2126
1.0687
0.28277
-0.29897
0.0097236
-0.15916
-0.22743
0.19743
0.82292
0.82496
0.19686
-0.32454
0.23222
0.029443
-0.28444
-0.11477
0.49194
0.72604
0.35286
-0.14099
0.29936
0.12415
-0.27203
-0.22321
0.33888
0.84558
0.76299
0.30639
0.13517
0.090817
-0.16693
-0.21304
0.19421
0.66851
0.77425
0.4576
-0.26784
-0.29467
-0.17986
0.051587
0.31755
0.34326
0.14004
-0.040484
-0.097015
-0.23425
-0.2753
-0.15456
-0.017871
-0.18905
-0.52239
-0.60472
0.17216
-0.044351
-0.35757
-0.59271
-0.80075
-1.0723
-1.2243
-1.0042
0.019273
-0.18256
-0.51652
-0.75005
-0.84574
-0.76171
-0.50341
-0.24425
-0.39411
-0.49183
-0.44234
-0.16646
0.31106
0.8983
1.2072
0.96693
-0.366
-0.18234
0.269
0.7589
1.1943
1.4967
1.4084
0.88938
0.14169
0.54286
0.86908
0.85778
0.66532
0.3529
-0.0076819
-0.17064
0.39052
0.68813
0.65365
0.24472
-0.24816
-0.65235
-0.84723
-0.6916
1.4088
1.8045
1.1029
-0.015501
-0.60556
-0.59984
-0.42329
-0.21401
1.812
1.9246
0.74011
-0.56182
-0.91599
-0.63564
-0.34877
-0.14445
1.5502
1.2076
-0.10159
-0.89439
-0.74047
-0.27795
-0.078138
-0.0043098
0.92969
0.24149
-0.667
-0.82475
-0.36519
0.010456
0.077067
0.050732
0.19384
-0.43876
-0.75188
-0.56595
-0.16997
0.014288
0.035769
0.041405
-0.26847
-0.60077
-0.54698
-0.29974
-0.14491
-0.11015
-0.036734
0.047804
-0.36947
-0.47843
-0.28013
-0.082409
-0.080311
-0.11332
0.024727
0.15229
-0.27402
-0.23491
-0.075357
0.044112
0.012288
-0.032441
0.098106
0.20724
-0.036396
-0.05188
-0.17319
-0.30472
-0.38178
-0.36887
-0.23333
-0.10317
-0.099901
-0.069204
-0.09966
-0.27968
-0.47258
-0.51141
-0.42042
-0.24965
-0.16445
-0.061657
0.0023886
-0.17615
-0.43629
-0.58175
-0.59908
-0.46908
-0.19582
-0.10179
-0.057012
-0.22099
-0.51794
-0.77155
-0.93891
-0.84414
-0.13445
-0.12584
-0.11507
-0.19316
-0.44941
-0.81995
-1.138
-1.0984
0.025635
0.039747
0.071515
0.20266
0.27304
0.006401
-0.42798
-0.64083
0.39802
0.56323
0.62972
0.85882
1.2024
1.3168
0.98648
0.46998
0.53044
0.74469
0.82231
0.95418
1.2151
1.427
1.3385
0.87586
0.2462
0.38057
0.33952
0.12998
0.036878
0.11577
0.19304
0.20194
-0.068604
-0.001256
-0.019501
-0.15256
-0.22233
-0.17626
0.016508
0.18178
-0.50214
-0.51722
-0.47014
-0.4832
-0.51795
-0.52787
-0.33933
-0.048166
-0.054426
0.010569
0.16243
0.26382
0.24235
0.1584
0.14267
0.14199
0.84407
1.1558
1.2639
1.2502
1.19
1.0772
0.8888
0.59713
0.72023
0.8544
0.70714
0.48946
0.41042
0.4655
0.52708
0.3952
-0.3203
-0.58776
-0.86553
-1.0081
-0.98736
-0.8028
-0.49983
-0.25986
-0.72798
-1.0468
-1.1843
-1.1291
-1.0085
-0.88723
-0.71037
-0.45774
0.056861
-0.126
-0.58255
-0.96848
-0.55556
0.4074
0.81797
0.53686
-0.01651
-0.16506
-0.62986
-1.0384
-0.49301
0.637
0.96444
0.50001
-0.11352
-0.21619
-0.61546
-0.94808
-0.33177
0.77501
0.8937
0.30795
-0.18867
-0.22376
-0.55019
-0.86174
-0.21321
0.81008
0.76488
0.18805
-0.082747
-0.08183
-0.45397
-0.79181
-0.1251
0.85376
0.72276
0.14522
0.10548
0.047186
-0.51353
-0.90313
-0.10257
1.0138
0.88513
0.20138
0.098711
-0.10687
-0.8278
-1.1506
-0.15027
1.1327
1.0713
0.35421
-0.035483
-0.32115
-0.94059
-1.0964
-0.13236
0.9504
0.96152
0.35813
0.25313
0.33228
0.30366
0.31576
0.54937
0.81192
0.76708
0.45101
0.23279
0.31355
0.29351
0.43052
0.85622
1.0813
0.7447
0.18578
0.13516
0.2393
0.29159
0.53714
0.92409
0.87149
0.20887
-0.40193
0.29222
0.51487
0.58134
0.6727
0.69973
0.26825
-0.42738
-0.76546
0.54012
0.76553
0.64711
0.3762
0.04524
-0.42418
-0.82474
-0.86053
0.31545
0.38002
0.135
-0.26961
-0.606
-0.90235
-1.024
-0.82778
-0.21328
-0.30201
-0.40735
-0.59316
-0.83677
-1.0625
-1.0777
-0.74607
-0.40508
-0.50778
-0.47453
-0.47557
-0.61269
-0.76889
-0.76779
-0.47713
0.19754
0.19642
0.11995
0.2201
0.40229
0.21376
-0.45771
-0.78879
0.29116
0.21964
0.091322
0.20543
0.46713
0.19281
-0.69807
-1.0303
0.36206
0.26855
0.074138
0.1538
0.40475
0.099499
-0.89807
-1.1677
0.44459
0.38682
0.18506
0.28619
0.49682
0.108
-0.95807
-1.1916
0.41116
0.35121
0.27246
0.50501
0.71803
0.13717
-1.0451
-1.2602
0.34868
0.2712
0.24792
0.63204
0.88384
0.15958
-1.1548
-1.3615
0.25047
0.19701
0.26397
0.69883
0.98543
0.29093
-1.0671
-1.3599
0.12483
0.10846
0.26565
0.66971
0.92823
0.42167
-0.69779
-1.0533
-0.11389
-0.3446
-0.82608
-1.2609
-1.2983
-0.94596
-0.45571
-0.098358
0.3171
0.33653
-0.096573
-0.80962
-1.3248
-1.278
-0.92662
-0.50873
0.55607
0.95798
0.98901
0.49135
-0.33145
-0.96023
-1.0847
-0.82286
0.34228
0.70335
1.0213
1.075
0.63405
-0.09406
-0.64238
-0.72081
0.098299
0.19923
0.36828
0.63314
0.79366
0.6614
0.21781
-0.17613
0.13135
0.091414
-0.0075252
0.021342
0.32305
0.67062
0.61687
0.28912
0.31893
0.36261
0.096734
-0.19126
-0.12624
0.26552
0.48944
0.34581
0.3436
0.43615
0.20893
-0.13135
-0.22927
-0.08025
0.12244
0.14341
-0.2577
-0.33531
-0.34627
-0.35644
-0.48928
-0.71324
-0.81131
-0.6431
-0.092193
-0.15582
-0.17608
-0.20252
-0.40875
-0.74997
-0.89196
-0.71853
0.18166
0.20211
0.29311
0.49492
0.6291
0.57941
0.5231
0.37405
0.27412
0.382
0.56901
0.90948
1.2633
1.558
1.7026
1.3834
0.21084
0.18366
0.15192
0.23785
0.39079
0.63163
0.90151
0.85953
0.027268
-0.055618
-0.21438
-0.43846
-0.67945
-0.80312
-0.675
-0.39301
-0.15354
-0.13005
-0.13552
-0.29416
-0.59294
-0.91503
-1.0342
-0.8088
-0.16845
-0.094559
0.025247
0.054002
-0.05566
-0.28448
-0.43812
-0.39969
-0.39809
-0.6071
-0.74922
-0.84997
-0.86962
-0.71381
-0.36493
-0.046586
-0.40202
-0.5009
-0.58355
-0.59095
-0.36755
0.11304
0.62783
0.76013
0.21655
0.49931
0.60915
0.67419
0.86257
1.1591
1.294
1.0179
0.80275
1.1726
1.2156
1.0238
0.80549
0.59515
0.30974
0.046264
0.42935
0.38571
0.12594
-0.17154
-0.41361
-0.6705
-0.85283
-0.77306
-0.32656
-0.64602
-0.91483
-0.89099
-0.72933
-0.70597
-0.68408
-0.50934
-0.38616
-0.56768
-0.64169
-0.4163
-0.12892
0.0060268
0.076016
0.15435
-0.014962
-0.015534
0.0065048
0.13948
0.28745
0.35244
0.39203
0.3823
0.676
0.88996
0.70991
0.2049
-0.25408
-0.42717
-0.36368
-0.18934
0.72612
1.1014
1.2339
1.0218
0.64179
0.40532
0.31683
0.24569
-0.12434
0.15608
0.63129
0.99578
1.0833
1.0954
1.0792
0.78566
-0.88937
-0.87083
-0.50375
-0.065859
0.28635
0.53626
0.69898
0.60177
-0.60593
-0.74163
-0.79033
-0.73712
-0.62486
-0.5007
-0.32026
-0.097868
-0.078753
-0.22673
-0.49267
-0.67333
-0.73817
-0.80573
-0.75485
-0.48692
-0.013443
-0.18193
-0.43184
-0.53608
-0.48316
-0.47277
-0.53034
-0.42485
-0.098287
-0.22803
-0.33932
-0.30439
-0.12482
-0.030146
-0.13524
-0.2217
0.011524
0.020791
0.024181
0.019773
0.0062271
-0.01018
-0.018879
-0.015111
0.01758
0.029001
0.031401
0.021821
0.0020776
-0.019244
-0.030492
-0.023764
0.017595
0.027888
0.027317
0.014428
-0.0052649
-0.023647
-0.033318
-0.025731
0.018648
0.026833
0.023247
0.010789
-0.0066644
-0.022592
-0.030628
-0.023692
0.019952
0.026907
0.02054
0.009082
-0.0055907
-0.021587
-0.030605
-0.024557
0.024704
0.029259
0.018821
0.0052109
-0.0094412
-0.0258
-0.033251
-0.025641
0.025057
0.029158
0.016988
0.0017272
-0.014357
-0.028776
-0.031678
-0.021393
0.016998
0.01861
0.0095559
-0.00086764
-0.0117
-0.020526
-0.021087
-0.013595
-0.3366
-0.16602
0.50192
1.1285
1.1049
0.55987
0.026441
-0.17546
-0.61081
-0.6771
-0.13428
0.68333
1.1234
1.0439
0.73526
0.35803
-0.40064
-0.67196
-0.71805
-0.38761
0.23328
0.83055
1.134
0.88604
0.11332
0.0020476
-0.3459
-0.64044
-0.53248
0.014867
0.64218
0.72977
0.15643
0.28358
0.23778
-0.10838
-0.52283
-0.57131
-0.23666
0.092036
-0.4633
-0.35596
0.067077
0.28355
0.012582
-0.39081
-0.52916
-0.3759
-1.0239
-1.0981
-0.51483
0.21913
0.42526
0.156
-0.16217
-0.29643
-0.86816
-1.0467
-0.65868
0.017851
0.37829
0.38747
0.19665
0.0094971
0.012157
0.014901
0.012705
0.0097866
0.0050468
0.0001671
-0.0029106
-0.0020484
0.014905
0.017832
0.014935
0.0098252
0.0013189
-0.0096931
-0.015213
-0.0098883
0.012814
0.015949
0.013538
0.0067372
-0.0048537
-0.018281
-0.024636
-0.016585
0.012416
0.016174
0.015263
0.009366
-0.0036152
-0.017113
-0.021968
-0.015079
0.014322
0.018984
0.01806
0.011753
0.00046247
-0.011004
-0.015731
-0.011683
0.014622
0.019208
0.014687
0.0041359
-0.0057843
-0.01205
-0.014474
-0.011646
0.014071
0.015451
0.0035763
-0.011168
-0.018457
-0.019098
-0.016862
-0.010632
0.010725
0.0089276
-0.0041278
-0.015522
-0.018031
-0.01562
-0.012203
-0.0070238
-0.44009
-0.44779
-0.30792
-0.036524
0.25635
0.44209
0.40691
0.2487
0.36751
0.72845
0.97081
1.1186
1.0769
0.78463
0.35861
0.055087
1.0814
1.4896
1.4853
1.1598
0.61812
0.037273
-0.3598
-0.41464
0.47982
0.42105
0.062863
-0.35593
-0.70179
-0.85297
-0.83014
-0.58215
-0.59087
-0.89892
-1.0222
-1.0374
-0.95883
-0.69726
-0.39134
-0.20493
-0.93311
-0.96049
-0.63894
-0.30756
-0.20118
-0.10037
0.089016
0.12062
-0.51051
-0.36537
0.031375
0.29356
0.1944
0.038139
0.04096
0.042646
-0.092211
0.060542
0.26127
0.29486
0.03796
-0.19413
-0.22382
-0.15831
0.013776
0.14221
0.081284
-0.4855
-0.9726
-0.50977
0.36436
0.6687
0.084478
0.21624
-0.066826
-0.80768
-0.90285
0.080674
0.93046
0.83755
0.17467
0.063024
-0.52933
-1.0556
-0.40144
0.81023
1.0881
0.47104
0.22141
-0.21927
-0.9816
-1.0143
0.23849
1.1298
0.69237
-0.11789
0.056684
-0.52169
-1.0669
-0.49186
0.83254
1.0268
0.14362
-0.43491
-0.33439
-0.79158
-0.71869
0.33399
1.1549
0.67503
-0.20008
-0.37553
-0.65769
-0.76338
-0.086982
0.92098
1.0571
0.2055
-0.36945
-0.20138
-0.65159
-0.43737
0.34006
0.89163
0.63003
-0.10216
-0.37203
-0.083789
-0.35697
0.39527
1.0365
0.6294
-0.30852
-0.68248
-0.40533
-0.10398
-0.42828
0.58
1.3248
0.61799
-0.53741
-0.72169
-0.27841
-0.030025
-0.38344
0.66384
1.2439
0.2916
-0.73925
-0.58186
-0.056066
0.048818
-0.3042
0.72256
1.0508
-0.058051
-0.88856
-0.52437
-0.045765
-0.05564
-0.053042
0.90215
0.8825
-0.30396
-0.91047
-0.47224
-0.16748
-0.23455
0.33952
1.0744
0.68018
-0.50642
-0.85125
-0.38886
-0.18938
-0.29016
0.65166
1.0591
0.36886
-0.6986
-0.87758
-0.39958
-0.16527
-0.17851
0.62059
0.75784
0.12481
-0.65175
-0.76286
-0.39716
-0.16037
-0.122
-0.44395
-0.31774
0.18478
0.70976
0.94467
0.94406
0.9112
0.68056
-0.59911
-0.58405
-0.048479
0.68859
1.1931
1.3118
1.1993
0.86694
-0.47146
-0.60066
-0.38307
0.075033
0.48762
0.62029
0.47477
0.24916
-0.22509
-0.43497
-0.5717
-0.51469
-0.41358
-0.42401
-0.55009
-0.51452
-0.16921
-0.37571
-0.63745
-0.70152
-0.59824
-0.55751
-0.65345
-0.61717
0.046421
-0.16555
-0.51026
-0.6399
-0.43824
-0.17114
-0.16533
-0.2275
0.44518
0.29511
-0.12809
-0.41485
-0.31444
0.023657
0.1796
0.10872
0.5206
0.49816
0.14958
-0.16023
-0.21612
-0.0021415
0.22519
0.21521
0.42568
0.40097
0.1529
0.0081807
0.11024
0.26904
0.27613
0.13172
0.32035
0.21661
0.0038035
-0.044838
0.090271
0.16127
0.015539
-0.1173
0.091131
-0.006932
-0.043741
0.093515
0.24368
0.05001
-0.40054
-0.53961
-0.024284
0.025244
0.19426
0.38097
0.32383
-0.22413
-0.86108
-0.83841
0.03319
0.18946
0.33101
0.24563
-0.23711
-0.91045
-1.122
-0.57186
0.16759
0.23315
0.010206
-0.46915
-1.0503
-1.1427
-0.32912
0.57174
0.06989
-0.053783
-0.46002
-0.94073
-1.0755
-0.22366
1.3242
1.7936
-0.12886
-0.28484
-0.50217
-0.67889
-0.41611
0.71248
1.8668
1.7989
-1.0238
-1.567
-1.2216
-0.28573
0.32712
0.26726
0.026415
-0.013927
-1.4844
-1.6208
-0.58839
0.54121
0.78209
0.33875
-0.0057702
-0.028007
-1.4103
-0.75032
0.70935
1.273
0.76392
0.12204
-0.097617
-0.041726
-0.82053
0.37617
1.3037
0.9239
0.10526
-0.19183
-0.067648
0.052504
0.1019
1.0621
0.97636
0.060948
-0.40495
-0.21413
0.099562
0.1325
0.75794
1.1058
0.39178
-0.31366
-0.29342
0.045134
0.15478
0.022787
0.75974
0.55781
-0.13285
-0.37362
-0.06717
0.15253
-0.025876
-0.23701
0.36103
-0.04274
-0.4128
-0.32348
-0.015218
0.059183
-0.20533
-0.39534
0.63209
0.62858
0.078086
-0.42182
-0.46595
-0.38035
-0.43945
-0.46355
0.82349
1.013
0.38202
-0.28179
-0.40278
-0.27057
-0.28842
-0.4061
0.53685
1.0676
0.74937
0.00061079
-0.31289
-0.14608
-0.020696
-0.10669
-0.097385
0.8009
1.0671
0.40503
-0.25248
-0.24546
-0.022692
0.012223
-0.79114
0.25952
1.1773
0.86396
0.00087735
-0.3408
-0.24951
-0.11563
-1.2741
-0.57446
0.73433
1.0233
0.38391
-0.21804
-0.3384
-0.2422
-1.4007
-1.2418
-0.16717
0.65418
0.58232
0.15677
-0.073548
-0.093057
-1.0805
-1.2143
-0.67766
0.053973
0.37956
0.30235
0.16818
0.097126
-0.0088566
-0.14721
-0.30128
-0.30462
0.10954
1.1365
1.9723
1.731
0.081269
-0.057962
-0.38656
-0.72282
-0.62591
0.40336
1.681
1.8709
0.18842
0.10658
-0.18967
-0.63443
-1.0949
-0.89864
0.076646
0.77767
0.20548
0.18629
0.065875
-0.1436
-0.642
-1.1063
-0.96812
-0.35874
0.11297
0.098756
0.11115
0.16518
-0.025448
-0.54215
-0.93644
-0.74196
0.027679
-0.00065133
0.018161
0.13573
0.14865
-0.16113
-0.58873
-0.6604
0.0055941
-0.0035138
0.010961
0.091649
0.15966
0.032249
-0.23493
-0.34931
0.047925
0.026549
0.021695
0.071901
0.14516
0.10798
-0.0097881
-0.069695
-0.87366
-0.39748
0.48917
0.79825
0.42109
0.21147
0.32918
0.33745
-1.0452
-0.67768
0.40328
0.84356
0.3762
0.15586
0.40428
0.44825
-0.95326
-0.83886
0.083346
0.69298
0.4007
0.17583
0.41272
0.44206
-0.82405
-0.96
-0.34422
0.456
0.58836
0.4407
0.4737
0.42002
-0.6139
-0.91336
-0.67759
0.026169
0.58915
0.69298
0.61838
0.4259
-0.39639
-0.72596
-0.80845
-0.45412
0.17151
0.64642
0.73589
0.52069
-0.18881
-0.43986
-0.7103
-0.80266
-0.41094
0.26163
0.66091
0.58363
-0.04224
-0.1838
-0.52251
-0.82071
-0.65031
-0.041513
0.44854
0.46913
-0.39417
-0.34343
-0.041172
0.12847
0.068576
-0.013316
0.041194
0.0027475
-0.2981
-0.12915
0.12869
0.15898
0.081803
0.22308
0.44458
0.3242
-0.0035145
0.10973
0.075118
-0.081575
0.044529
0.51416
0.78539
0.46263
-0.094802
-0.11365
-0.19835
-0.11057
0.41163
0.94693
0.75909
0.086805
-0.31752
-0.30294
-0.066813
0.47996
1.1325
1.0979
0.10082
-0.77723
-0.16254
0.068347
0.5104
0.97978
1.1398
0.39684
-0.96108
-1.4868
0.13913
0.44875
0.62664
0.52805
0.0283
-0.85534
-1.5834
-1.482
0.26975
0.39479
0.23792
-0.2197
-0.82518
-1.267
-1.3347
-0.89437
0.20304
0.23411
0.13702
-0.14639
-0.52809
-0.78924
-0.82323
-0.62491
-0.090038
-0.26644
-0.509
-0.86475
-1.1678
-1.1992
-0.90359
-0.51595
-0.63953
-0.92763
-1.0966
-1.1693
-1.0155
-0.50802
0.008284
0.22374
-0.75708
-0.86939
-0.67604
-0.29635
0.21738
0.76804
0.9998
0.78224
-0.34936
-0.070197
0.43358
0.80712
0.95223
0.91192
0.8106
0.54209
0.21069
0.67082
0.93632
0.83903
0.52818
0.24658
0.15594
0.12606
0.46714
0.73148
0.64308
0.3468
0.1409
0.074857
0.13731
0.23187
0.34511
0.41431
0.27609
0.12295
0.14667
0.27642
0.3723
0.38779
0.079036
0.031893
-0.030298
-0.073314
0.01357
0.17245
0.14667
-0.021553
0.017981
-0.088247
-0.27223
-0.31722
-0.15147
-0.00025986
-0.073383
-0.2023
-0.054563
-0.22915
-0.40468
-0.40464
-0.31709
-0.32642
-0.42177
-0.41759
-0.10877
-0.26175
-0.34944
-0.4129
-0.45977
-0.50037
-0.4249
-0.31224
-0.2937
-0.46365
-0.53962
-0.60502
-0.50618
-0.14965
0.28196
0.35965
-0.56822
-0.74498
-0.73383
-0.54429
-0.043405
0.71888
1.2929
1.1624
-0.6794
-0.75703
-0.4943
0.032769
0.76984
1.382
1.6426
1.3146
-0.4666
-0.37179
0.0045055
0.56475
1.0317
1.2025
1.1639
0.80361
0.7511
0.34084
-0.32196
-0.45926
-0.28695
-0.18253
-0.13845
-0.12067
0.96573
0.36321
-0.4852
-0.54492
-0.24734
-0.12206
-0.10565
-0.094581
1.1317
0.40686
-0.598
-0.61379
-0.2217
-0.016795
-0.037338
-0.088126
1.3405
0.52609
-0.64923
-0.69003
-0.21283
0.011514
-0.1168
-0.24235
1.5621
0.72275
-0.6407
-0.74004
-0.15932
0.059606
-0.17341
-0.34694
1.746
0.93486
-0.65593
-0.93165
-0.26206
0.095385
-0.12624
-0.31282
1.6914
1.0128
-0.61786
-1.101
-0.49201
-0.035223
-0.1267
-0.26652
1.2456
0.77844
-0.46277
-0.94258
-0.51718
-0.16425
-0.16931
-0.21399
-0.90084
-1.0264
-0.68684
-0.27789
-0.021183
0.080367
0.036472
-0.035866
-0.94567
-1.3592
-1.2971
-0.8915
-0.46528
-0.24703
-0.229
-0.19852
0.11931
-0.26562
-0.6556
-0.74701
-0.60764
-0.47083
-0.42415
-0.35442
1.2405
1.341
0.87641
0.3328
-0.044634
-0.26011
-0.31183
-0.28087
0.98667
1.3565
1.3176
1.0392
0.58818
0.14296
-0.075011
-0.075616
-0.11825
0.090715
0.46604
0.76603
0.74904
0.42888
0.18103
0.073209
-0.48291
-0.52996
-0.21694
0.26137
0.51608
0.4587
0.23623
0.083506
-0.2028
-0.30822
-0.21426
0.0612
0.25252
0.26967
0.18273
0.10514
0.41103
0.21827
0.023233
0.23309
0.48342
0.2365
-0.41093
-0.71038
0.54226
0.2276
0.029543
0.40482
0.65331
0.1119
-0.72391
-0.85378
0.49897
0.23408
0.15735
0.5761
0.61002
-0.17136
-0.89406
-0.75504
0.32057
0.18758
0.36385
0.72237
0.37923
-0.5643
-0.96348
-0.54484
0.18771
0.26385
0.64633
0.78583
0.01916
-0.85456
-0.89671
-0.29308
0.33521
0.62227
0.88671
0.56223
-0.4347
-1.0443
-0.73759
-0.073739
0.62796
0.94242
0.8103
0.054603
-0.92581
-1.1883
-0.62908
0.11141
0.64013
0.80967
0.42838
-0.36982
-1.0516
-1.0349
-0.43292
0.17522
-0.0477
-0.10153
-0.046804
-0.014465
-0.033519
-0.19644
-0.39148
-0.34964
-0.035618
-0.13216
-0.08064
0.043477
0.1507
0.050767
-0.21951
-0.2761
-0.12916
-0.24
-0.2458
-0.098389
0.21124
0.4333
0.49314
0.38388
-0.25823
-0.373
-0.52694
-0.55148
-0.33322
0.088348
0.52979
0.65586
-0.31536
-0.46008
-0.66254
-0.95511
-1.1453
-0.9676
-0.45301
0.02332
-0.25923
-0.16009
-0.071291
-0.25094
-0.68632
-1.0507
-1.015
-0.64696
-0.037037
0.43819
1.024
1.3287
1.0779
0.37935
-0.26461
-0.45129
0.17464
0.56497
1.1189
1.5796
1.6345
1.1986
0.55198
0.067464
-5.0409
-4.9768
-4.9479
-5.0678
-4.7287
-5.1527
-5.1189
-5.135
-5.002
-4.9679
-4.9288
-5.0661
-5.0228
-5.0318
-4.9601
-4.6965
-4.9165
-4.9982
-5.011
-4.867
-4.9175
-4.9727
-5.1116
-4.9993
-5.1759
-5.3059
-5.1585
-5.0799
-5.0321
-4.8666
-5.02
-4.4691
-4.9071
-4.4668
-4.8659
-5.0718
-5.1044
-4.8027
-4.7389
-5.0914
-5.0369
-4.7478
-5.2092
-5.1652
-5.1471
-4.9375
-5.0632
-4.9311
-5.2741
-4.8129
0.012243
0.0060713
0.0016246
-0.00071507
-0.00022747
0.001521
-0.00050123
0.00029155
0.014564
0.0079572
0.0019165
-0.0038487
-0.0031019
-0.0023415
-0.0080354
-0.0056767
0.017295
0.010342
0.0034744
-0.0012958
-0.002428
-0.004502
-0.0096992
-0.0079697
0.016839
0.0072148
0.00033418
0.00047058
0.0011125
-0.00070516
-0.0026824
-0.0020387
0.013662
0.0026703
-0.0037562
-0.0010034
0.0025148
0.0027888
-0.0018803
-0.0034398
0.010464
0.0017926
-0.0021029
-0.00085735
-0.0013177
-0.00030618
-0.0058135
-0.0078674
0.0072971
-0.002104
-0.00040598
0.0038462
-0.0021596
-0.0055867
-0.010321
-0.012235
0.010168
0.00071066
0.0017335
0.0037363
-0.0022088
-0.0067434
-0.012342
-0.013917
