0.11084
0.13573
-0.087787
-0.11632
0.062792
0.069687
-0.071686
-0.19923
-0.14232
0.19187
-0.12074
0.063335
-0.065361
-0.36286
-0.0010756
-0.10194
0.11283
0.166
-0.4576
0.00059987
-0.088625
-0.055376
0.33203
-0.50539
-0.078761
-0.18049
-0.12037
0.22427
-0.3512
-0.13322
-0.23343
-0.08745
0.054678
-0.15733
-0.13294
-0.14383
-0.13716
0.055514
-0.009733
-0.15297
-0.058607
-0.26255
0.19237
0.13686
-0.061951
-0.2386
-0.25154
0.20287
0.26242
-0.12571
-0.40794
-0.12303
0.064595
0.20184
-0.2052
-0.43239
-0.1485
0.090593
0.0065616
-0.057868
-0.31985
-0.17317
0.053789
-0.080882
-0.11284
-0.00046885
-0.14636
-0.10149
-0.029807
-0.25493
0.12521
0.051941
-0.18949
-0.075177
-0.18814
0.19351
0.14005
-0.14382
0.011693
-0.0061517
0.159
0.14103
-0.043859
-0.080859
0.015207
0.1587
0.19321
-0.21194
-0.26366
-0.072399
0.12681
0.034298
-0.41238
-0.16883
-0.12324
-0.0046974
-0.23959
-0.32484
0.15182
-0.30953
0.23106
-0.088832
-0.098183
-0.15936
0.12087
0.1339
-0.0035645
-0.17168
-0.2595
0.42433
0.052382
0.076363
-0.1375
-0.42481
0.33856
0.026051
0.16451
0.0036209
-0.31373
0.15888
-0.0872
0.01903
0.3206
-0.22486
-0.0075432
-0.13805
-0.26942
0.39642
-0.16071
0.03549
-0.28492
-0.35124
0.28685
-0.035734
0.020545
-0.22531
-0.22446
0.10503
0.10005
0.043946
-0.093005
-0.11892
0.1369
0.21958
0.033002
-0.30668
-0.11082
0.089593
0.21393
-0.15154
-0.33866
0.014654
-0.0017819
0.25669
-0.28923
-0.29381
0.084541
0.1001
0.11213
-0.2813
-0.38139
0.092659
-0.021523
-0.021027
-0.359
-0.22185
0.053377
-0.2294
-0.092867
-0.38588
0.068447
0.03648
-0.23097
-0.19049
-0.2462
0.29305
0.08951
-0.1437
-0.13256
-0.0010419
0.1879
0.14898
-0.13939
-0.19603
-0.031717
0.067749
0.19977
-0.32352
-0.33001
-0.11567
0.10933
0.16738
-0.38577
-0.37665
-0.16991
0.024066
-0.020448
-0.27565
-0.12255
-0.27098
0.027925
-0.20065
-0.16171
-0.062842
0.19047
-0.020854
-0.088351
-0.22628
-0.31844
0.5037
-0.033733
-0.12657
-0.061531
-0.38933
0.42192
0.032581
-0.043002
0.12025
-0.2036
0.30248
-0.039503
-0.017171
0.32468
-0.093457
0.084375
-0.1098
-0.22156
0.33768
-0.067584
0.0093157
-0.25628
-0.37465
0.2405
0.12352
-0.032327
-0.19877
-0.27095
0.10327
0.26083
0.019778
-0.17065
-0.062766
0.065265
0.3446
0.075437
-0.31454
-0.080179
0.050692
0.25516
-0.10416
-0.23949
-0.016214
0.13574
0.24969
-0.25718
-0.25665
0.0057316
0.23248
0.20134
-0.33242
-0.36986
0.11797
0.050257
0.044563
-0.33277
-0.1286
0.22963
-0.16247
-0.11267
-0.27267
0.096472
0.10756
-0.29824
-0.14639
-0.15281
0.12811
0.17315
-0.37242
-0.089981
0.073429
0.097041
0.19
-0.41932
-0.10415
-0.020043
0.063544
-0.019893
-0.50402
-0.17292
-0.20879
0.1714
-0.082727
-0.49971
-0.1901
-0.24326
0.19348
-0.050944
-0.31694
-0.0408
-0.33967
-0.034341
-0.080221
-0.15551
-0.026227
0.17846
-0.072628
-0.10576
-0.25292
-0.28467
0.35442
-0.18633
-0.25192
-0.041466
-0.38428
0.21805
-0.18342
-0.13595
0.21189
-0.28925
0.12843
-0.19156
-0.151
0.35724
-0.25607
-0.068406
-0.20532
-0.17485
0.30528
-0.0897
-0.11497
-0.21883
-0.23076
0.2162
0.20663
-0.051474
-0.16208
-0.26119
0.28902
0.39802
0.037473
-0.20266
-0.23271
0.27587
0.42468
0.11626
-0.40747
-0.16391
0.19778
0.33209
-0.1283
-0.28993
-0.071945
0.26056
0.13937
-0.31582
-0.2424
-0.15418
0.24279
0.099872
-0.37219
-0.28107
-0.00086174
0.15307
-0.097263
-0.26936
0.060623
0.30569
0.030376
-0.18465
-0.058217
0.20413
0.19389
-0.17585
-0.01013
-0.016813
0.062822
-0.014442
-0.33685
-0.028181
0.051029
0.10812
-0.18486
-0.46554
-0.040142
-0.099885
0.30448
-0.21277
-0.57157
0.0068918
-0.22914
0.36267
-0.11184
-0.66875
0.098187
-0.20781
0.29709
-0.12862
-0.44309
0.15247
-0.29641
0.015263
0.035286
-0.18703
-0.16707
0.22036
0.031522
-0.092624
-0.26061
-0.3834
0.3245
-0.12568
-0.18654
-0.14239
-0.4766
0.04388
-0.25031
-0.075149
0.043259
-0.44027
-0.14271
-0.14082
-0.081899
0.30054
-0.30823
-0.23774
-0.031262
-0.13384
0.36941
0.028868
-0.17122
-0.056606
-0.057859
0.32609
0.34965
-0.016781
-0.078437
-0.20663
0.36005
0.45871
0.093266
-0.13654
-0.3191
0.2321
0.48258
0.17354
-0.28318
-0.26468
0.15623
0.31203
-0.01421
-0.33977
-0.13982
0.23786
0.084345
-0.18988
-0.31708
-0.15595
0.16241
0.056775
-0.34456
-0.26524
0.012384
0.060507
-0.074313
-0.23028
-0.077677
0.32778
0.0057296
-0.062103
-0.05721
0.12934
0.35447
-0.17106
0.1121
-0.022777
0.18682
0.08844
-0.32658
0.033449
-0.072747
0.25672
-0.17235
-0.47732
0.0033396
-0.15299
0.43164
-0.16018
-0.62644
-0.03118
-0.19227
0.40742
-0.080276
-0.74051
-0.01667
-0.23696
0.19147
-0.088577
-0.4888
-0.055405
-0.25415
-0.0067467
0.0046077
-0.12819
-0.073823
0.28643
0.11967
-0.09433
-0.15666
-0.3193
0.22825
-0.05902
-0.3091
-0.20126
-0.52809
0.0032743
-0.21073
-0.26355
-0.090589
-0.57484
-0.26861
-0.046087
-0.15233
0.26487
-0.41563
-0.28687
-0.010206
-0.1602
0.38286
0.062855
-0.14068
-0.14028
-0.14577
0.28214
0.43755
-0.048896
-0.17636
-0.35178
0.22561
0.51539
0.013931
-0.21143
-0.4437
0.229
0.54743
0.10072
-0.33235
-0.30324
0.13626
0.37838
-0.02674
-0.48391
-0.11661
0.14884
0.15567
-0.10976
-0.43015
0.08468
0.065964
0.030823
-0.24963
-0.24979
0.23884
0.010718
0.041144
-0.25352
-0.17091
0.35355
-0.043808
0.074298
-0.098202
0.0010792
0.5104
-0.14585
0.010558
-0.087985
0.24684
0.405
-0.27266
-0.073698
-0.11229
0.40359
0.1221
-0.41613
-0.057425
-0.11079
0.42383
-0.1374
-0.53656
-0.14359
-0.16124
0.29364
-0.21661
-0.62213
-0.15588
-0.35444
0.13301
-0.18193
-0.35454
-0.18539
-0.2841
-0.12121
0.029751
-0.1567
-0.090957
0.33143
0.060324
-0.041828
-0.11185
-0.25855
0.19677
-0.028766
-0.3484
-0.15414
-0.58949
-0.015642
-0.18793
-0.34358
-0.024698
-0.7502
-0.14838
-0.077468
-0.26216
0.27468
-0.58516
-0.27771
-0.072621
-0.20876
0.38788
-0.037928
-0.16147
-0.17758
-0.28678
0.28867
0.42654
-0.10286
-0.16094
-0.44255
0.27514
0.61158
-0.031204
-0.21454
-0.46303
0.3533
0.76285
0.067765
-0.33436
-0.21767
0.18669
0.61392
0.04606
-0.42171
-0.025853
0.034828
0.24607
-0.066693
-0.3287
0.20979
0.035268
0.041478
-0.16299
-0.126
0.4808
0.037714
0.10214
-0.23453
-0.075808
0.49446
-0.019258
0.20207
-0.25811
0.050982
0.54716
-0.064058
0.047225
-0.24616
0.27037
0.35767
-0.091831
-0.011747
-0.1844
0.2912
0.04943
-0.3079
0.010604
-0.09515
0.29201
-0.16316
-0.35023
-0.11942
-0.15823
0.29989
-0.15084
-0.31838
-0.12192
-0.31113
0.19729
-0.12388
-0.13364
-0.057915
-0.22517
-0.070932
8.2067e-05
-0.15406
-0.13809
0.45964
0.075852
-0.044739
-0.12629
-0.30743
0.41349
0.027437
-0.25467
0.0022187
-0.65124
0.17653
-0.020307
-0.19982
0.1409
-0.79876
-0.022295
0.092996
-0.12442
0.28722
-0.62344
-0.25245
0.17687
-0.14945
0.33823
-0.023623
-0.34805
0.032407
-0.33924
0.13983
0.49772
-0.18078
-0.1109
-0.53731
0.057253
0.72432
0.055385
-0.20834
-0.49825
0.097442
0.715
0.1967
-0.31457
-0.30859
0.021717
0.52915
0.18551
-0.3854
-0.043485
-0.007917
0.23069
0.021487
-0.39374
0.30358
-0.030187
0.030857
-0.18605
-0.27967
0.65398
-0.10423
0.12735
-0.30309
-0.18811
0.63391
-0.080886
0.17365
-0.39351
0.057654
0.41033
-0.018667
0.18895
-0.39377
0.24685
0.18074
-0.0023532
0.1523
-0.29482
0.26675
0.02599
-0.20324
0.051947
-0.067759
0.29967
-0.11148
-0.31404
-0.14569
-0.096312
0.30067
-0.014991
-0.29728
-0.18137
-0.21524
0.15338
-0.0084526
-0.1781
0.002607
-0.1263
-0.04565
0.057989
0.031965
-0.12592
0.43669
-0.077354
-0.07789
-0.067711
-0.33401
0.60586
0.028259
-0.16965
0.14144
-0.60899
0.38235
-0.00054058
-0.14134
0.26909
-0.76274
0.019492
0.087103
-0.13855
0.29446
-0.62285
-0.26388
0.25601
-0.21726
0.31297
-0.037221
-0.30882
0.15903
-0.42665
0.1372
0.57302
-0.061603
0.10796
-0.62172
0.07485
0.68997
0.20585
-0.058888
-0.51199
0.024056
0.48496
0.33693
-0.29726
-0.17765
0.033547
0.30377
0.32722
-0.37168
0.16757
0.12838
0.16141
0.074976
-0.35754
0.54242
0.064456
0.011014
-0.17361
-0.27091
0.81972
-0.044845
0.032987
-0.24792
-0.10011
0.67533
-0.019187
0.10703
-0.34616
0.20595
0.33257
0.052127
0.2711
-0.37457
0.3414
0.18046
-0.052869
0.20517
-0.29404
0.37319
0.13374
-0.23675
-0.026289
-0.064671
0.52756
-0.10132
-0.39733
-0.17069
-0.04733
0.40319
-0.13098
-0.39681
-0.14463
-0.14963
0.15804
-0.17947
-0.23027
0.059074
-0.095747
-0.23137
0.17313
-0.037124
-0.25353
0.37178
-0.2036
-0.033275
0.020082
-0.49003
0.56697
-0.00021923
-0.1234
0.12054
-0.60238
0.39484
0.010976
-0.20761
0.20629
-0.70856
-0.020374
-0.030894
-0.33654
0.29153
-0.5113
-0.27464
0.12051
-0.43281
0.32608
0.038068
-0.18313
0.054867
-0.58848
0.24104
0.51126
0.063757
0.075891
-0.69055
0.22626
0.5661
0.32314
-0.081687
-0.47229
0.2042
0.40688
0.48705
-0.28239
-0.037588
0.097387
0.30943
0.55106
-0.39882
0.32393
0.1143
0.15441
0.31767
-0.39937
0.61444
0.10215
-0.018803
0.016538
-0.29383
0.77592
0.021562
-0.084076
-0.18615
-0.012938
0.65968
0.076981
-0.033026
-0.3726
0.35488
0.42185
0.09075
0.16085
-0.34242
0.4801
0.16431
-0.088054
0.21099
-0.1857
0.5128
0.044716
-0.23624
-0.015398
-0.070855
0.55143
-0.11592
-0.3709
-0.024988
-0.084989
0.4409
-0.24158
-0.31387
0.031063
-0.1585
0.18844
-0.31275
-0.16542
0.056885
-0.13813
-0.15148
0.052548
0.028056
-0.36481
0.38192
-0.00091409
-0.0012798
0.2193
-0.54959
0.50408
0.13656
-0.043701
0.29182
-0.65175
0.30957
0.08055
-0.18912
0.29323
-0.64993
-0.10045
0.0458
-0.33286
0.35471
-0.35678
-0.26191
0.16914
-0.41625
0.2161
0.1725
-0.17482
0.11163
-0.61509
0.0027634
0.50538
-0.055919
0.060396
-0.69474
0.077542
0.51613
0.14869
-0.11382
-0.48133
0.1363
0.38161
0.46899
-0.31432
-0.12787
0.0082284
0.24672
0.69713
-0.48215
0.21589
0.01877
0.049463
0.4016
-0.63846
0.50143
-0.055323
0.030511
0.0035671
-0.53087
0.52745
-0.13528
0.031485
-0.15662
-0.10008
0.52004
0.0066378
-0.022449
-0.38636
0.42432
0.57857
0.055063
0.12404
-0.31237
0.64354
0.32824
-0.0093169
0.12338
-0.26123
0.49921
0.013947
-0.14281
-0.043268
-0.19326
0.3724
-0.20503
-0.33261
-0.0522
-0.21768
0.23518
-0.23795
-0.27022
-0.02538
-0.35385
0.075542
-0.18782
-0.12757
-0.008544
-0.20343
-0.055117
0.070311
0.14126
-0.2527
0.21812
0.18093
0.14629
0.31663
-0.42127
0.30876
0.31411
0.10968
0.3798
-0.59117
0.17649
0.1936
-0.064403
0.45666
-0.60971
-0.22265
0.10564
-0.12522
0.40688
-0.25842
-0.40008
0.19998
-0.32256
0.11302
0.17078
-0.245
0.23079
-0.60053
-0.16949
0.45097
-0.038972
0.12173
-0.59663
-0.091353
0.50908
0.26058
-0.07255
-0.43243
-0.054534
0.36983
0.66814
-0.32137
-0.25521
-0.12142
0.052535
0.88751
-0.53359
0.011832
-0.1258
-0.046758
0.62795
-0.66236
0.34497
-0.28314
0.18352
0.13389
-0.46662
0.40729
-0.38395
0.32947
-0.14589
0.052673
0.48584
-0.15258
0.20923
-0.32754
0.56116
0.6113
-0.0012362
0.1102
-0.3553
0.7067
0.41853
-0.07308
0.031679
-0.39057
0.50212
0.05925
-0.20745
-0.13157
-0.38505
0.26434
-0.10482
-0.366
-0.1899
-0.37902
0.12169
-0.18799
-0.29382
-0.078495
-0.5089
0.013453
-0.1911
-0.067266
-0.07126
-0.35653
-0.075324
0.050665
0.26266
-0.17744
0.12864
0.091392
0.16452
0.36916
-0.33199
0.18392
0.25184
0.10807
0.45652
-0.45749
0.14283
0.10061
-0.045236
0.53639
-0.41011
-0.17524
-0.0022946
-0.1051
0.42444
-0.12798
-0.46197
0.17054
-0.40971
0.19188
0.17451
-0.29531
0.16423
-0.70478
-0.01884
0.35584
0.021442
0.026735
-0.48439
0.010353
0.48208
0.44069
-0.094426
-0.26141
-0.053483
0.37566
0.80586
-0.36464
-0.19653
-0.27755
0.096818
0.87822
-0.64173
0.11016
-0.5195
0.03247
0.7143
-0.68092
0.3726
-0.48149
0.12932
0.24242
-0.42722
0.49563
-0.34442
0.15159
-0.17498
-0.010963
0.53846
-0.25263
0.13389
-0.35357
0.43062
0.50039
-0.057661
0.084266
-0.30315
0.53371
0.28717
-0.16206
0.057055
-0.3122
0.52453
0.038774
-0.27072
-0.027988
-0.36572
0.37723
-0.086626
-0.37046
-0.045998
-0.42751
0.26976
-0.1991
-0.37847
0.0083075
-0.50088
0.15052
-0.15754
-0.22686
-0.12208
-0.33128
-0.076555
-0.056443
0.20085
-0.17152
0.068456
0.0026049
0.045316
0.32475
-0.3108
0.22645
0.062535
-0.027535
0.48417
-0.38921
0.093566
-0.032118
-0.12308
0.55151
-0.31511
-0.11951
-0.037253
-0.12281
0.49931
-0.1578
-0.327
0.059105
-0.32202
0.35177
0.077776
-0.2117
0.028836
-0.62502
-3.9932e-05
0.19216
0.030909
-0.069078
-0.45301
-0.055893
0.24417
0.44454
-0.14189
-0.19624
-0.10911
0.19472
0.63793
-0.36732
-0.059035
-0.3385
0.17166
0.66552
-0.59221
0.23314
-0.63746
0.24821
0.56449
-0.62697
0.45273
-0.40754
0.2029
0.28758
-0.4807
0.56675
-0.1507
0.024102
-0.0006015
-0.12709
0.52531
-0.21811
0.15902
-0.15107
0.26356
0.30305
-0.12026
0.18179
-0.11128
0.36434
0.090119
-0.18912
0.078705
-0.16276
0.38301
-0.020094
-0.29554
0.0065569
-0.36772
0.35656
-0.11968
-0.48454
-0.087419
-0.4862
0.35364
-0.20521
-0.56813
-0.039273
-0.45054
0.21182
-0.069987
-0.36815
-0.12473
-0.32377
-0.16659
0.00020319
0.13666
-0.16287
0.12191
-0.10611
-0.10578
0.31402
-0.35451
0.27633
-0.069031
-0.19825
0.52913
-0.37443
0.046649
-0.095645
-0.13894
0.5749
-0.21755
-0.23817
-0.10647
-0.084608
0.51453
-0.12972
-0.39368
-0.048649
-0.18761
0.38463
0.022243
-0.25327
-0.075627
-0.41022
-0.029518
0.1179
0.0035781
-0.10082
-0.46641
-0.2335
0.077089
0.38708
-0.3268
-0.29564
-0.31273
-0.003027
0.58908
-0.43312
-0.031112
-0.40053
0.031468
0.54216
-0.53443
0.20087
-0.51619
0.19479
0.46
-0.53948
0.42566
-0.35072
0.18226
0.32025
-0.44875
0.54674
-0.14933
0.11111
0.14012
-0.21116
0.45774
-0.16305
0.19425
-0.044618
0.12943
0.30091
-0.081942
0.13442
-0.02179
0.3013
0.062859
-0.01482
0.021173
-0.10277
0.36302
0.012756
-0.19916
0.012846
-0.42954
0.37209
-0.085404
-0.49327
-0.10609
-0.55158
0.38858
-0.13493
-0.47638
-0.10443
-0.49323
0.16902
-0.074714
-0.14076
-0.062556
-0.40473
-0.14265
-0.077664
0.056216
-0.32945
0.24446
-0.20262
-0.20139
0.29772
-0.54089
0.36197
-0.20769
-0.24847
0.5561
-0.32836
0.001228
-0.094905
-0.18499
0.63819
-0.074474
-0.27968
-0.060867
-0.12108
0.61193
0.0063401
-0.4175
-0.085598
-0.22578
0.4285
0.11035
-0.23762
-0.15418
-0.45109
0.06063
0.15858
0.023898
-0.26595
-0.44001
-0.15211
0.076859
0.28601
-0.37663
-0.24313
-0.28427
-0.10803
0.5317
-0.55156
0.00041181
-0.37123
-0.19367
0.52786
-0.58563
0.18631
-0.38498
-0.13209
0.39756
-0.5266
0.29924
-0.31791
-0.030016
0.2997
-0.36671
0.46853
-0.10798
0.097556
0.18021
-0.091098
0.50485
0.02099
0.20034
0.0019722
0.11191
0.43909
0.077594
0.11321
-0.043047
0.19533
0.16541
0.070515
0.056738
-0.11701
0.45321
-0.0033361
-0.21687
0.084125
-0.35631
0.61651
-0.026683
-0.42474
0.033383
-0.5052
0.53048
-0.052876
-0.37879
-0.035969
-0.50759
0.24926
-0.047532
-0.084006
0.036123
-0.29689
-0.11772
-0.076383
0.0045827
-0.38199
0.19387
-0.085568
-0.14406
0.30804
-0.47646
0.24101
-0.12844
-0.14167
0.59793
-0.28273
-0.015314
-0.075873
-0.23826
0.64976
-0.070391
-0.18169
-0.08518
-0.17619
0.6416
0.017413
-0.30994
-0.12243
-0.18908
0.49748
0.10359
-0.25274
-0.24418
-0.38591
0.21467
0.092065
-0.057387
-0.40089
-0.40657
-0.017307
0.015912
0.06748
-0.41993
-0.24848
-0.18171
-0.10388
0.20741
-0.53672
-0.08928
-0.31837
-0.32027
0.35915
-0.5398
0.11798
-0.36427
-0.39307
0.39763
-0.56298
0.22205
-0.30687
-0.31953
0.29131
-0.38955
0.37259
-0.13957
-0.11606
0.17025
0.10166
0.50655
0.018369
0.12667
0.073812
0.3772
0.51171
-0.047697
0.1541
-0.01411
0.2828
0.26924
-0.13529
0.12238
-0.012002
0.49656
0.0090273
-0.24354
0.071403
-0.21232
0.61105
0.0058336
-0.26056
0.058302
-0.44402
0.44035
0.059265
-0.26302
-0.049884
-0.47232
0.24274
-0.060634
-0.11089
0.035965
-0.18867
-0.19508
-0.10486
-0.033678
-0.3582
0.20747
0.0089353
-0.082059
0.23258
-0.35175
0.093806
-0.003239
-0.18414
0.49829
-0.22872
-0.075436
-0.15971
-0.32094
0.54671
-0.12876
-0.080655
-0.20924
-0.207
0.55256
0.019799
-0.27186
-0.094654
-0.092768
0.47622
0.063614
-0.29936
-0.17183
-0.20372
0.26615
0.084249
-0.074509
-0.36847
-0.2755
-0.0063346
0.078315
0.067322
-0.38811
-0.32693
-0.2239
0.03382
0.20346
-0.41323
-0.20161
-0.38105
-0.21174
0.30448
-0.27251
0.024779
-0.39927
-0.36247
0.3442
-0.22996
0.19587
-0.36234
-0.33894
0.25296
-0.13681
0.2553
-0.28547
-0.11883
0.14745
0.34504
0.34491
-0.16719
0.11217
0.17502
0.54439
0.41925
-0.24671
0.16698
0.17788
0.35719
0.37977
-0.30336
0.15329
0.18626
0.30457
0.10617
-0.28785
0.033712
-0.04916
0.32374
0.0024746
-0.24392
0.0052842
-0.34024
0.2916
-0.045153
-0.15433
-0.0038265
-0.34862
0.27462
-0.22274
-0.11028
0.050456
-0.15557
-0.091935
-0.054651
0.093838
-0.35414
0.37087
-0.013542
0.068561
0.22751
-0.30043
0.22556
-0.096873
-0.076716
0.38767
-0.21978
0.042592
-0.17663
-0.14214
0.44385
-0.1906
-0.084358
-0.27442
-0.092239
0.40526
-0.072592
-0.36379
-0.23505
-0.095079
0.30995
-0.045231
-0.32946
-0.20306
-0.018893
0.099823
0.014065
-0.046272
-0.24527
-0.015182
-0.10405
0.16117
0.1852
-0.20669
-0.063925
-0.24782
0.20053
0.26545
-0.19744
-0.079172
-0.32806
-0.066294
0.20191
-0.15851
0.036324
-0.25961
-0.19968
0.28188
-0.035168
0.17098
-0.18497
-0.10567
0.30961
0.048581
0.038008
-0.17641
-0.02294
0.22833
0.23218
-0.027688
-0.1887
0.079396
0.11999
0.39553
0.1328
-0.27055
0.10551
0.10753
0.23698
0.333
-0.34258
0.13398
0.1523
0.084009
0.14501
-0.28544
0.069047
-0.031682
0.14528
-0.069313
-0.14332
0.14996
-0.24047
0.27691
-0.13406
-0.20795
0.18677
-0.15205
0.33248
-0.23118
-0.28599
0.045095
-0.053659
0.0031669
-0.226
0.1469
-0.29433
0.29586
-0.055436
0.065992
0.18477
-0.33515
0.21219
-0.16528
0.00060713
0.26444
-0.31446
0.030169
-0.13021
-0.04343
0.23045
-0.21112
-0.10387
-0.20466
-0.037303
0.26636
-0.062856
-0.28278
-0.34076
-0.11643
0.24614
-0.010397
-0.26633
-0.24971
-0.065915
0.050076
0.040316
-0.024288
-0.18355
-0.0036702
-0.16991
0.19124
0.096859
-0.18171
0.12327
-0.22599
0.1924
0.13953
-0.27038
0.057308
-0.17005
-0.11592
-0.040103
-0.28349
0.033554
-0.017529
-0.20644
-0.11862
-0.13963
0.13975
0.079602
-0.090311
0.013034
-0.053851
0.046798
-0.017032
-0.064418
0.13918
0.034043
0.019619
-0.15041
0.017076
0.089636
0.14149
0.11308
-0.30536
0.028945
-0.0011194
0.093991
0.19015
-0.38686
0.028865
-0.063409
0.15548
0.11032
-0.21349
0.11789
-0.24465
0.17549
0.048678
-0.029989
0.18906
-0.33538
0.065236
0.024068
-0.083441
0.11916
-0.15674
-0.019899
-0.033629
-0.14265
0.014972
-0.10758
0.15795
0.13275
-0.027094
-0.091575
-0.069994
-0.16649
-0.33971
-0.29401
-0.17982
-0.26771
-0.31057
-0.43465
-0.47349
-0.090324
0.26047
0.29602
0.2344
0.20801
0.21415
0.21086
0.11758
0.16759
0.00061391
-0.021621
-0.00047289
-0.15638
-0.35742
-0.36751
-0.31974
-0.41167
-0.40926
-0.54383
-0.60096
-0.22685
0.21363
0.30107
0.21847
0.21808
0.3282
0.31803
-0.019762
0.061448
0.056073
0.060599
0.05599
-0.10136
-0.29163
-0.34793
-0.33163
-0.40391
-0.39261
-0.43597
-0.44918
-0.21955
0.069585
0.17562
0.18804
0.304
0.49864
0.4325
-0.073977
-0.077354
-0.021868
-0.049359
-0.082018
-0.11808
-0.15805
-0.25972
-0.34015
-0.41298
-0.40537
-0.38999
-0.32202
-0.19539
0.02661
0.23254
0.3687
0.48896
0.67952
0.54354
-0.049162
-0.039008
-0.0077387
-0.13143
-0.21179
-0.15446
-0.082381
-0.17768
-0.3525
-0.47382
-0.52417
-0.45674
-0.31313
-0.21626
0.041982
0.34246
0.53697
0.56283
0.55776
0.4121
0.026057
0.10056
0.081197
-0.021681
-0.080806
-0.079577
-0.12656
-0.27593
-0.44688
-0.53176
-0.611
-0.51935
-0.3109
-0.19151
0.081054
0.36945
0.56731
0.56674
0.45158
0.32102
-0.0089867
0.071527
0.077102
0.02363
0.075357
0.088993
-0.032186
-0.22182
-0.4034
-0.49907
-0.55392
-0.53827
-0.36747
-0.15916
0.17736
0.39711
0.60761
0.64145
0.52504
0.37267
-0.033211
-0.0078706
0.080341
0.10065
0.17473
0.20377
0.1358
0.002502
-0.26178
-0.43684
-0.56996
-0.63783
-0.52193
-0.21189
0.20485
0.47303
0.6485
0.73456
0.61121
0.36271
-0.043622
-0.10569
0.03717
0.14843
0.18253
0.20965
0.21201
0.11046
-0.16835
-0.42609
-0.6296
-0.76975
-0.58786
-0.14009
0.37793
0.70179
0.81892
0.7949
0.62423
0.34247
-0.16449
-0.22695
-0.061417
0.095101
0.14341
0.2097
0.19255
0.1002
-0.10796
-0.37264
-0.69152
-0.94004
-0.66655
0.021724
0.60009
0.89947
0.90366
0.78247
0.55923
0.29072
-0.19464
-0.072159
0.095259
0.15739
0.19014
0.28503
0.24121
0.11755
-0.065689
-0.38227
-0.726
-1.028
-0.75105
0.11007
0.70869
0.85667
0.81886
0.6637
0.45457
0.23493
-0.077784
0.15622
0.30147
0.23602
0.20047
0.25605
0.20741
0.12353
-0.12589
-0.45295
-0.71874
-1.013
-0.80415
0.023595
0.58571
0.77723
0.77407
0.62958
0.47253
0.29183
0.012209
0.18771
0.27193
0.14309
0.12891
0.13164
0.082887
0.030064
-0.25409
-0.52181
-0.76616
-0.97941
-0.68479
0.021445
0.4863
0.74669
0.81143
0.64796
0.52123
0.31711
-0.10725
-0.013713
0.075007
0.057784
0.13591
0.10533
-0.0098046
-0.099027
-0.30454
-0.55177
-0.77976
-0.91445
-0.63928
-0.067023
0.38287
0.66547
0.80337
0.7311
0.56765
0.32988
-0.18304
-0.17448
-0.15753
-0.082683
0.021986
-0.026291
-0.091959
-0.20863
-0.40637
-0.57855
-0.76774
-0.86671
-0.63475
-0.18333
0.32032
0.578
0.69998
0.77272
0.68899
0.38923
-0.072019
-0.14243
-0.26266
-0.20503
-0.20019
-0.28267
-0.25436
-0.33515
-0.5067
-0.66384
-0.82202
-0.82161
-0.5554
-0.10958
0.36388
0.57543
0.651
0.8502
0.77862
0.41293
-0.05951
-0.13931
-0.21289
-0.17806
-0.23114
-0.29848
-0.30771
-0.43601
-0.54725
-0.65387
-0.77773
-0.72834
-0.44253
0.07202
0.51796
0.66503
0.65075
0.78822
0.70106
0.44686
-0.068119
-0.12065
-0.15227
-0.21353
-0.27474
-0.23308
-0.19618
-0.39627
-0.52914
-0.53002
-0.57411
-0.54303
-0.23725
0.30699
0.7024
0.60945
0.51783
0.58833
0.58621
0.49967
-0.014262
-0.094244
-0.17688
-0.25975
-0.25828
-0.22113
-0.24208
-0.37592
-0.45309
-0.39633
-0.32198
-0.26285
-0.071184
0.34537
0.57389
0.36859
0.2552
0.3715
0.39397
0.38662
-0.066936
-0.13301
-0.23404
-0.25392
-0.20547
-0.21178
-0.27818
-0.29874
-0.31188
-0.25674
-0.22675
-0.12815
0.0010317
0.23141
0.39122
0.26037
0.14521
0.25904
0.28329
0.2263
-0.085181
-0.14767
-0.039188
0.097195
0.054503
-0.096422
-0.24079
-0.28885
-0.16224
-0.058236
-0.10518
-0.097137
-0.026279
0.045971
0.13755
0.32712
0.40307
0.29831
0.15445
-0.0052425
-0.018568
-0.087165
-0.062543
0.039234
-0.021158
-0.19962
-0.40027
-0.42869
-0.35144
-0.19768
-0.057442
-0.034142
0.074963
0.26239
0.35519
0.42125
0.40924
0.31159
0.19121
0.060246
-0.001321
-0.046022
-0.04371
-0.075357
-0.17033
-0.34679
-0.4685
-0.41731
-0.34182
-0.21139
-0.075082
-0.015451
0.22353
0.52426
0.48492
0.2796
0.17223
0.11317
0.041228
0.021489
-0.045488
-0.06716
-0.089483
-0.1164
-0.11146
-0.18628
-0.37304
-0.45597
-0.4075
-0.28196
-0.16794
-0.073837
0.25655
0.60237
0.51023
0.22056
-0.014415
-0.12068
-0.10956
-0.01696
-0.032067
-0.12442
-0.19118
-0.13831
0.012188
-0.01317
-0.2581
-0.48368
-0.51433
-0.39535
-0.25736
-0.033339
0.35721
0.69632
0.63826
0.2817
-0.086646
-0.22926
-0.14167
0.0074763
0.018826
-0.15425
-0.2845
-0.21202
-0.012087
-0.045468
-0.31578
-0.53131
-0.55267
-0.43551
-0.24955
0.10646
0.54764
0.83338
0.80483
0.48164
0.05007
-0.20053
-0.17318
-0.045881
-0.0084548
-0.23642
-0.38965
-0.30472
-0.18209
-0.30128
-0.58193
-0.70958
-0.61595
-0.40016
-0.074479
0.48433
0.83515
0.86128
0.78558
0.5739
0.23863
-0.076443
-0.16155
-0.10044
-0.03819
-0.22957
-0.38185
-0.30111
-0.22167
-0.41038
-0.71051
-0.85898
-0.77071
-0.46663
0.11545
0.84985
1.1692
0.97912
0.68802
0.41911
0.17781
-0.037017
-0.089021
-0.032653
0.0040911
-0.12389
-0.28293
-0.28156
-0.24582
-0.38338
-0.65373
-0.87683
-0.81962
-0.39514
0.31378
1.0354
1.3105
1.0739
0.68101
0.39139
0.13368
-0.080123
-0.12077
-0.0796
0.040256
-0.047421
-0.21406
-0.311
-0.36909
-0.47983
-0.7305
-0.99034
-0.8783
-0.28915
0.4652
1.0822
1.2494
0.9892
0.7386
0.49923
0.16985
-0.13944
-0.25102
-0.16288
0.1224
0.089784
-0.13381
-0.31516
-0.43508
-0.59354
-0.90353
-1.0718
-0.87208
-0.31965
0.41987
1.0301
1.1371
0.87856
0.70202
0.4941
0.19477
-0.11585
-0.32361
-0.26122
0.15162
0.20591
-0.016029
-0.23027
-0.39852
-0.64879
-0.92541
-0.92162
-0.73999
-0.3769
0.18869
0.8294
1.0411
0.91566
0.76312
0.53113
0.17271
-0.11601
-0.2884
-0.26848
0.065066
0.20508
0.084665
-0.14365
-0.35034
-0.60572
-0.8099
-0.7501
-0.56298
-0.30379
0.084458
0.6183
0.89216
0.91465
0.87853
0.59489
0.16911
-0.078603
-0.18964
-0.17793
0.014664
0.059633
-0.0062894
-0.17316
-0.32152
-0.48034
-0.70854
-0.7195
-0.50651
-0.15222
0.24262
0.63823
0.83863
0.88031
0.80757
0.46684
0.10647
-0.069269
-0.12244
-0.13817
-0.027143
-0.14978
-0.1982
-0.22554
-0.25419
-0.35731
-0.64435
-0.78882
-0.56347
-0.078426
0.35328
0.74078
0.90554
0.84197
0.60183
0.26662
0.019932
-0.10312
-0.13605
-0.10158
-0.061503
-0.21948
-0.32343
-0.35063
-0.34454
-0.40938
-0.63709
-0.74898
-0.45886
-0.029955
0.31328
0.66138
0.85402
0.83051
0.59428
0.27951
0.032379
-0.13524
-0.15853
-0.1073
0.00041622
-0.11973
-0.32589
-0.42789
-0.41678
-0.4298
-0.57696
-0.61246
-0.21524
0.10787
0.25221
0.47344
0.64334
0.73358
0.69482
0.42649
0.13517
-0.12159
-0.20325
-0.14412
-0.031818
-0.10816
-0.21205
-0.25811
-0.28312
-0.29146
-0.41447
-0.41238
-0.12076
0.052798
0.20892
0.39912
0.40427
0.45362
0.52623
0.39631
0.16579
-0.031612
-0.15257
-0.16152
-0.11543
-0.0598
-0.0075535
-0.08657
-0.13842
-0.1279
-0.22831
-0.22872
-0.082467
-0.035392
0.13414
0.33132
0.30972
0.27115
0.25483
0.24383
0.16378
0.037213
-0.1134
-0.20872
-0.13773
-0.04045
-0.0026536
-0.08056
-0.087156
-0.083449
-0.17588
-0.090502
0.029144
0.0017171
0.10215
0.25025
0.32871
0.25138
0.17369
0.14276
0.11341
0.034386
-0.064453
-0.087494
-0.089033
-0.17681
-0.058697
0.16164
0.19437
0.17893
0.17583
0.2591
0.37303
0.34486
0.2201
0.10529
-0.063926
-0.17602
-0.18524
-0.18422
-0.23657
-0.35537
-0.44796
-0.33198
-0.20841
-0.28798
-0.11951
0.27044
0.50032
0.51296
0.34288
0.29228
0.3783
0.34357
0.34309
0.22175
-0.015782
-0.15013
-0.2471
-0.33758
-0.40454
-0.47843
-0.4735
-0.30139
-0.25201
-0.35018
-0.19057
0.26979
0.64491
0.6613
0.37193
0.24327
0.28694
0.21697
0.31628
0.31728
0.0037092
-0.1989
-0.40216
-0.57918
-0.69198
-0.72176
-0.64197
-0.43843
-0.32672
-0.39101
-0.25582
0.23052
0.67439
0.64694
0.37486
0.2663
0.33042
0.26792
0.33124
0.38004
0.10717
-0.13232
-0.38011
-0.65055
-0.77362
-0.78715
-0.764
-0.55187
-0.35112
-0.37145
-0.26031
0.22948
0.67234
0.65433
0.44245
0.42288
0.46767
0.34903
0.34556
0.35919
0.17448
-0.032267
-0.2525
-0.55248
-0.70454
-0.76866
-0.80571
-0.57565
-0.32925
-0.41238
-0.28141
0.21077
0.64014
0.67729
0.48757
0.38419
0.33567
0.27755
0.24541
0.20692
0.067628
-0.080745
-0.13458
-0.34727
-0.59182
-0.68762
-0.70229
-0.52103
-0.23457
-0.40451
-0.26634
0.20934
0.5214
0.62556
0.48638
0.30627
0.19155
0.2395
0.16223
0.0088157
-0.073535
-0.14247
-0.10516
-0.23874
-0.53028
-0.58821
-0.50587
-0.38291
-0.10566
-0.20831
0.030207
0.40141
0.55142
0.56537
0.41804
0.22912
0.15353
0.22263
0.15594
-0.018173
-0.12456
-0.13646
-0.033412
-0.14399
-0.41506
-0.50382
-0.43277
-0.26892
0.027013
-0.027723
0.19611
0.46214
0.53735
0.51621
0.41639
0.28933
0.18109
0.16328
0.17993
0.10261
-0.077464
-0.13654
-0.0527
-0.15276
-0.42627
-0.51525
-0.43529
-0.23404
0.047852
0.10221
0.27776
0.41036
0.48729
0.41715
0.33897
0.34869
0.31245
0.18452
0.16196
0.12456
-0.03436
-0.063033
-0.031167
-0.19295
-0.43267
-0.50312
-0.39723
-0.19262
0.079388
0.35143
0.47701
0.54107
0.59387
0.38794
0.16636
0.17103
0.18267
0.075014
-0.035168
-0.10482
-0.14062
-0.028887
-0.019168
-0.17607
-0.36723
-0.45232
-0.38514
-0.14912
0.17992
0.51521
0.63281
0.69574
0.69365
0.35266
0.037755
-0.043702
-0.1082
-0.22967
-0.34518
-0.40537
-0.31139
-0.10195
-0.081696
-0.21307
-0.34689
-0.47081
-0.4179
-0.1361
0.32756
0.58184
0.74105
0.82389
0.6954
0.28438
-0.031915
-0.083092
-0.18312
-0.42708
-0.59644
-0.55671
-0.41844
-0.22468
-0.15529
-0.23424
-0.3794
-0.57804
-0.5907
-0.3197
0.37113
0.67937
0.84753
0.91935
0.784
0.36952
0.0068137
-0.1388
-0.31151
-0.59511
-0.71982
-0.5385
-0.32916
-0.24855
-0.23533
-0.25657
-0.43816
-0.66986
-0.7004
-0.39664
0.30021
0.59062
0.8496
0.96953
0.98108
0.633
0.13021
-0.21778
-0.48513
-0.74047
-0.77424
-0.51719
-0.21912
-0.1238
-0.07616
-0.12361
-0.32616
-0.57043
-0.59241
-0.28301
0.27261
0.46991
0.75271
0.95266
1.023
0.79962
0.30751
-0.18777
-0.50216
-0.68865
-0.68417
-0.4696
-0.18649
0.042927
0.13608
0.013734
-0.24802
-0.46217
-0.45222
-0.17084
0.28553
0.45666
0.80679
0.99665
0.99036
0.86648
0.44921
-0.065651
-0.39269
-0.60755
-0.59913
-0.4441
-0.24449
-0.045575
0.041708
-0.088595
-0.29474
-0.40063
-0.33417
-0.069036
0.17275
0.46578
0.90508
1.0552
0.94142
0.77918
0.42709
-0.061355
-0.34478
-0.53706
-0.47902
-0.37434
-0.34297
-0.24
-0.18502
-0.24285
-0.35425
-0.38345
-0.2789
-0.14065
0.12996
0.39818
0.73832
0.84258
0.72722
0.57193
0.27501
-0.099512
-0.33051
-0.36188
-0.22221
-0.17027
-0.23102
-0.29131
-0.39653
-0.42322
-0.35097
-0.2958
-0.24054
-0.20716
0.0326
0.23891
0.49385
0.58355
0.58016
0.4339
0.099339
-0.21186
-0.2746
-0.16193
-0.0065979
0.040641
-0.024665
-0.17213
-0.43455
-0.46969
-0.26595
-0.13096
-0.16794
-0.17236
-0.21596
-0.3731
-0.49751
-0.46455
-0.39894
-0.2324
0.046679
0.24213
0.34483
0.37065
0.2709
0.12889
0.0049742
-0.13275
-0.078659
0.03756
-0.073616
-0.25407
-0.20971
-0.11937
-0.27073
-0.46907
-0.61934
-0.56913
-0.39777
-0.17603
0.13291
0.39056
0.51
0.46121
0.29097
0.19742
0.042705
-0.14788
-0.14567
-0.0046249
-0.093614
-0.27968
-0.26206
-0.08907
-0.32873
-0.49452
-0.60671
-0.49676
-0.30246
-0.062821
0.29326
0.54694
0.62916
0.51193
0.30693
0.23308
0.067568
-0.12689
-0.14543
-0.016095
-0.0037909
-0.11285
-0.096911
-0.0016623
-0.3215
-0.45556
-0.56881
-0.52207
-0.39298
-0.089015
0.362
0.60647
0.61488
0.4759
0.27538
0.18014
0.053975
-0.069563
-0.12711
-0.032859
0.036115
0.022909
0.033901
0.011462
-0.29815
-0.42939
-0.63668
-0.77066
-0.55473
-0.032939
0.54507
0.7887
0.73359
0.58162
0.23641
0.087952
0.08649
0.068632
-0.030422
-0.037037
-0.016469
-0.055158
-0.038005
-0.031544
-0.28275
-0.47702
-0.78846
-0.97604
-0.63852
0.10906
0.75498
0.96897
0.92349
0.74136
0.32976
0.085073
0.12018
0.21896
0.18301
0.069825
-0.06527
-0.19397
-0.16636
-0.15832
-0.28894
-0.52825
-0.86864
-1.0631
-0.73427
0.084058
0.84137
1.1005
1.041
0.75199
0.38378
0.17751
0.15506
0.26127
0.26396
0.10811
-0.1036
-0.17365
-0.10561
-0.15399
-0.29998
-0.57193
-0.92802
-1.1799
-0.89769
-0.0091699
0.86517
1.1893
0.99764
0.55762
0.31054
0.22399
0.17631
0.25613
0.26178
0.086807
-0.15155
-0.17361
-0.059923
-0.069215
-0.37965
-0.66405
-0.99909
-1.1958
-0.86033
0.020188
0.83841
1.1497
0.90526
0.39705
0.18734
0.15906
0.10185
0.20527
0.33537
0.17962
-0.13313
-0.19499
-0.03292
-0.023123
-0.4617
-0.71881
-1.041
-1.1331
-0.61838
0.21956
0.80815
0.96382
0.7542
0.36709
0.17929
0.097107
0.032
0.13813
0.35505
0.27748
-0.050159
-0.11585
0.060506
0.084826
-0.45713
-0.70668
-1.0309
-1.0976
-0.47198
0.35816
0.77595
0.78552
0.639
0.45677
0.30376
0.19344
0.15407
0.15245
0.26997
0.15844
-0.096411
-0.1195
0.014315
0.091299
-0.42533
-0.57607
-0.82732
-0.89325
-0.3585
0.33262
0.683
0.67241
0.53213
0.38495
0.24224
0.21798
0.23637
0.19672
0.24007
0.07772
-0.20476
-0.21824
-0.11639
-0.043962
-0.32405
-0.51701
-0.64311
-0.6678
-0.2679
0.33151
0.55991
0.58479
0.4832
0.31809
0.20591
0.25133
0.25065
0.27717
0.30025
0.17853
-0.096483
-0.18041
-0.10028
-0.041365
-0.29802
-0.53103
-0.57183
-0.52956
-0.22071
0.25151
0.46323
0.41046
0.40323
0.34958
0.30347
0.28591
0.29784
0.31404
0.2742
0.14927
-0.025092
-0.10637
-0.045702
-0.0039463
-0.38407
-0.57083
-0.51867
-0.40801
-0.097738
0.23357
0.37031
0.21225
0.069169
0.14364
0.21537
0.25662
0.27983
0.3097
0.25382
0.11992
0.0187
-0.056615
0.012757
0.056643
-0.53361
-0.63719
-0.52433
-0.26719
0.089494
0.2609
0.28819
0.10203
-0.18322
-0.19646
-0.022287
0.042377
0.12256
0.23268
0.25865
0.14976
0.06438
-0.0029482
-0.0031849
0.062967
-0.56202
-0.66742
-0.54098
-0.23414
0.18397
0.22839
0.20111
0.13688
-0.13937
-0.29017
-0.26426
-0.16396
-0.0062238
0.18897
0.28986
0.18494
0.075799
0.032499
-0.011378
0.069589
-0.47428
-0.58817
-0.56597
-0.23964
0.12962
0.16301
0.16307
0.1775
0.0034588
-0.16967
-0.25636
-0.18061
0.0079225
0.20586
0.30558
0.19803
0.066952
0.11204
0.1392
0.1493
-0.46544
-0.54323
-0.49658
-0.21199
0.018393
0.083485
0.16781
0.21419
0.10401
-0.044359
-0.18142
-0.17403
-0.0072824
0.15355
0.27371
0.19093
0.15925
0.27571
0.24378
0.10804
-0.42483
-0.43019
-0.37226
-0.17258
0.038895
0.10885
0.18507
0.22266
0.1309
0.026761
-0.12162
-0.15463
-0.11304
-0.040053
0.11054
0.17877
0.20439
0.26686
0.16496
0.015329
0.27119
0.5017
0.42513
-0.016315
-0.21268
-0.10113
-0.070414
-0.074774
-0.11803
-0.13465
-0.22199
-0.32888
-0.37145
-0.37253
-0.14074
0.093597
0.050828
-0.15804
-0.23882
-0.16608
0.29044
0.61948
0.56708
0.12031
-0.14398
-0.069492
0.049561
0.11227
0.0029953
-0.14542
-0.3399
-0.48516
-0.48639
-0.4074
-0.18483
0.059391
0.1326
-0.14254
-0.3001
-0.29594
0.43426
0.65199
0.5755
0.22522
-0.022316
-0.021672
0.09559
0.1369
0.070979
-0.096938
-0.35027
-0.49666
-0.44831
-0.3286
-0.12594
0.10329
0.1364
-0.14364
-0.34244
-0.39868
0.5354
0.66392
0.47078
0.14193
-0.037049
-0.049642
0.031978
0.032172
-0.010513
-0.1007
-0.35672
-0.44773
-0.33425
-0.22286
-0.082346
0.036155
0.008959
-0.21047
-0.34526
-0.36593
0.5156
0.64618
0.3601
-0.076717
-0.27424
-0.19906
-0.019466
0.05369
0.053769
-0.00084216
-0.23003
-0.36044
-0.37099
-0.3073
-0.183
-0.099044
-0.16136
-0.273
-0.33303
-0.35265
0.44091
0.51351
0.20017
-0.224
-0.36231
-0.24311
-0.058407
0.13311
0.2622
0.19826
-0.10463
-0.32711
-0.36419
-0.35065
-0.30465
-0.22521
-0.2593
-0.25122
-0.3305
-0.35354
0.53017
0.46161
0.13772
-0.22018
-0.27913
-0.19242
-0.13592
0.048978
0.30961
0.25529
-0.076965
-0.33867
-0.33406
-0.34405
-0.33809
-0.27332
-0.21873
-0.17946
-0.3458
-0.35516
0.69323
0.56902
0.23447
-0.11318
-0.2639
-0.27867
-0.17236
0.072975
0.37874
0.36231
-0.030298
-0.37059
-0.45992
-0.53042
-0.50061
-0.40232
-0.20129
-0.097003
-0.22006
-0.2258
0.76295
0.68427
0.36558
-0.026336
-0.34454
-0.38879
-0.1589
0.21112
0.52734
0.54527
0.18954
-0.28368
-0.48664
-0.59084
-0.52056
-0.38499
-0.18291
-0.068384
-0.16257
-0.12083
0.6267
0.60764
0.36888
-0.057259
-0.46763
-0.40807
-0.029
0.38636
0.71098
0.79927
0.47283
-0.062157
-0.35331
-0.50372
-0.54273
-0.41599
-0.16532
-0.13089
-0.28457
-0.16299
0.46571
0.49701
0.33785
-0.040611
-0.48219
-0.40684
0.056742
0.56781
1.0137
1.1113
0.77993
0.13928
-0.28982
-0.51115
-0.61707
-0.53027
-0.3384
-0.32227
-0.38311
-0.2247
0.41904
0.34691
0.16672
-0.14348
-0.4568
-0.47337
-0.0368
0.6624
1.1799
1.3294
0.94139
0.29825
-0.25646
-0.57441
-0.63791
-0.58866
-0.573
-0.574
-0.54073
-0.33686
0.2991
0.23909
0.05296
-0.20565
-0.43433
-0.48949
-0.081605
0.69437
1.1951
1.273
0.98273
0.43754
-0.034838
-0.32156
-0.3815
-0.43416
-0.65198
-0.80527
-0.71465
-0.36472
0.26028
0.2597
0.036191
-0.19792
-0.37941
-0.41836
-0.011806
0.65885
1.0427
1.1826
1.0356
0.57822
0.13598
-0.022695
-0.069437
-0.24078
-0.55638
-0.8204
-0.73776
-0.38005
0.27193
0.27092
-0.039175
-0.31347
-0.44189
-0.44692
0.037792
0.61515
0.93515
1.0816
1.0188
0.61572
0.16954
0.011401
-0.074053
-0.22876
-0.52128
-0.77953
-0.71609
-0.39976
0.32461
0.23633
-0.060762
-0.33627
-0.5359
-0.52785
-0.11561
0.48291
0.85563
0.91106
0.82032
0.5591
0.17901
-0.055819
-0.16196
-0.23648
-0.45726
-0.74401
-0.69474
-0.41508
0.41517
0.2419
-0.048357
-0.27265
-0.43766
-0.42773
-0.128
0.30949
0.63404
0.70914
0.65601
0.50424
0.30458
0.148
-0.0034673
-0.079222
-0.28077
-0.59154
-0.60655
-0.36883
0.47468
0.30832
-0.015782
-0.238
-0.37118
-0.30338
-0.022867
0.2629
0.50168
0.61441
0.59929
0.53631
0.46737
0.39112
0.26158
0.1741
-0.065679
-0.40685
-0.46726
-0.18726
0.46228
0.39211
0.059932
-0.22196
-0.40592
-0.32169
-0.014247
0.22522
0.369
0.40193
0.4011
0.46969
0.39385
0.21947
0.18335
0.15121
-0.08747
-0.33039
-0.32772
-0.1355
0.34212
0.31521
0.072938
-0.18638
-0.36368
-0.33631
-0.044459
0.15202
0.2168
0.13213
0.14674
0.33276
0.26152
0.029538
-0.018959
0.0016976
-0.25733
-0.43847
-0.34251
-0.19285
-1.2077
-1.0348
-1.102
-1.1652
-1.2325
0.0027598
0.0056714
0.00076208
0.0045063
0.0090488
0.0051184
0.00072894
-0.0017146
-0.0033322
-0.0031327
0.0012646
0.0020472
0.0027833
0.0036349
-0.0041812
-0.012375
-0.0095462
-0.0013343
-0.0010203
-0.0057207
-0.00093526
0.005415
0.0011155
0.0029439
0.0029003
0.0023177
-0.0010283
-0.0098437
-0.012104
-0.0065297
0.001788
0.0054252
0.0030492
-0.0026081
-0.0092843
-0.012843
-0.0069139
0.003187
0.0030532
-0.0060137
0.0024589
0.0091708
0.0019215
-0.0013662
-0.0046655
-0.004557
0.00099938
-0.0012835
-0.009682
-0.0058246
0.0050153
0.010115
0.0039029
-0.0070444
-0.0096593
-0.0042263
0.0041874
0.0087753
0.0084935
-0.00038054
0.013749
0.013329
0.0057765
0.0029974
-0.0039337
-0.010419
-0.0045252
-0.0023813
-0.010727
-0.0061917
0.0026287
0.008744
0.0044019
-0.0055096
-0.0042986
0.0023033
0.0061049
0.0048732
0.0041051
0.002823
0.0091423
0.0061096
0.004164
0.007855
-0.0051179
-0.018434
-0.010538
-0.0080788
-0.012687
-0.0066996
0.0018802
0.0059282
0.0026079
-0.0091643
-0.0077814
0.00049558
0.0013826
0.003517
0.0061293
0.0041727
0.0060447
0.0082085
0.011135
0.012766
-0.001591
-0.014171
-0.0084474
-0.0054002
-0.010658
-0.0075651
0.00085766
0.00096652
-0.0032237
-0.0091861
-0.008924
0.00089919
0.0054733
0.0059412
0.0073502
0.0037946
0.010009
0.013953
0.011609
0.011986
0.0070993
-0.0036785
-0.0036863
-0.0019257
-0.0090096
-0.010257
-0.0018265
-0.00036808
-0.0012451
-0.0051122
-0.010241
-0.0026186
0.0056336
0.0015952
-0.0032756
-0.006235
0.006835
0.0079986
0.0034899
0.0082096
0.012612
0.0021571
-0.0066648
-0.0081576
-0.0089057
-0.0075126
-0.0022899
0.0010104
0.002332
0.00096967
-0.0042728
-0.003742
0.0016595
-0.0049394
-0.010424
-0.0093495
0.0010341
0.0045744
0.0015983
0.0071401
0.015667
0.0080623
-0.0064934
-0.011509
-0.0057259
0.00016461
-0.00083575
0.0024874
0.001908
-0.00013968
-0.0044433
-0.0090082
-0.0071679
-0.0080985
-0.0068376
-0.0029629
-0.0012836
0.0022244
0.0042898
0.010076
0.015293
0.010454
-0.00085133
-0.0069367
-0.0039204
-0.001963
-0.0040436
0.0020083
-0.0012773
-0.012867
-0.014829
-0.012757
-0.0089521
-0.004976
-0.0028208
-0.0053135
0.0013864
-0.0016729
0.0040016
0.010979
0.0067178
-0.0052221
-0.0082835
-0.011371
-0.011384
-0.0081322
-0.0072618
-0.0014014
-0.0034954
-0.01287
-0.012867
-0.0058048
-0.00028055
0.0033427
6.609e-05
-0.0052903
0.0044034
-0.0072116
-0.0049436
0.0044752
0.0013412
-0.0086641
-0.0074521
-0.010396
-0.015177
-0.0098749
-0.0024203
-0.0035111
-0.0072848
-0.012685
-0.016262
-0.012858
-0.0012915
0.0010256
-0.0053285
-0.0086303
0.0047038
-0.009285
-0.011987
0.0014693
0.0080211
0.0063755
0.0021731
-0.0071215
-0.013311
-0.0073094
0.0036836
-0.0021314
-0.010966
-0.016582
-0.02292
-0.019042
-0.0092354
-0.00779
-0.012153
-0.0086392
0.0038471
-0.0077822
-0.0109
-0.0015959
0.0043925
0.0038727
-0.0022196
-0.0085711
-0.0077176
-0.0043455
0.0015751
-0.0023114
-0.0089175
-0.013497
-0.014741
-0.0111
-0.0087916
-0.0087877
-0.0098896
-0.0040844
0.00091473
-0.0077853
-0.0084727
-0.0029105
-0.0016268
0.00070598
-0.0011175
-4.51e-05
0.0049298
0.00035175
-0.0041194
-0.0094403
-0.014891
-0.019926
-0.016516
-0.009194
-0.0077775
-0.0028054
-0.0049007
-0.0079871
-7.9394e-05
-0.0029965
0.0019729
0.0050278
0.00049461
0.0033031
0.007
0.0079678
0.0081246
0.0048699
0.0031829
-0.0057999
-0.017861
-0.023604
-0.018369
-0.010477
-0.007611
-0.00050004
-0.00036509
-0.0067039
-0.0023199
0.0036082
0.0076311
0.0078787
-9.879e-05
-0.0019569
0.0044339
0.0032512
0.00069518
0.0067895
0.012232
0.0022051
-0.010196
-0.017096
-0.019534
-0.018563
-0.010701
-0.00055484
0.0028061
-0.001474
-0.0052444
0.006095
0.0072417
0.0032779
-0.0091277
-0.017
-0.0066729
0.0041049
0.0048467
0.0071194
0.0080675
0.0052254
0.0029679
-0.0047557
-0.014342
-0.015978
-0.012373
-0.0070716
-0.010162
-0.011488
0.00087647
0.0053981
0.0065295
0.0020065
-0.011766
-0.019772
-0.0085565
0.010647
0.016704
0.011327
0.00072455
-0.0033673
-0.00056055
-0.00068348
-0.0035116
-0.0049837
-0.0074774
-0.014061
-0.01872
-0.017767
0.0063525
0.0018925
0.00049244
0.0016946
-0.00062384
-0.0019361
0.001274
0.0075491
0.0096418
0.0045429
-0.0033295
-0.0096891
-0.0076959
-0.0050039
-0.0044582
-0.0024261
0.00053475
-0.0040455
-0.0079359
-0.0064432
