-0.10749
-0.13157
-0.1913
0.033434
-0.0012771
0.010135
0.083765
-0.095689
-0.091191
-0.14578
-0.049652
0.049429
-0.10733
0.30271
-0.090816
-0.0075417
0.021543
-0.12134
-0.19292
-0.36743
0.066866
-0.0096773
-0.11786
0.27022
-0.21372
-0.13156
-0.15735
-0.026835
-0.30611
-0.31492
0.10735
-0.15493
-0.22041
0.029679
-0.1378
-0.25417
-0.090768
0.13109
-0.23627
-0.28116
0.057696
-0.099014
-0.087306
-0.17355
0.077246
-0.33484
0.070907
0.11401
-0.15843
-0.13892
-0.036773
0.070934
-0.026857
-0.15241
-0.11486
-0.3523
0.11003
0.24195
0.099738
-0.019482
-0.25651
0.16365
-0.084997
-0.17273
-0.13357
-0.21133
0.12782
0.45954
0.21549
-0.14626
-0.48907
0.10108
-0.033372
-0.20936
0.019939
-0.10099
-0.035588
0.43818
0.21012
-0.11008
-0.51881
0.032334
-0.082762
-0.18026
-0.038477
0.087964
-0.16757
0.26526
0.3082
0.023433
-0.38629
0.13052
-0.12655
-0.13379
-0.14814
0.34928
-0.059972
0.079582
0.22552
-0.050817
-0.20549
0.17784
-0.043324
-0.029209
0.055842
0.29322
-0.10364
-0.13754
-0.10704
-0.034136
0.035505
-0.06976
0.014628
-0.060045
0.25982
0.24635
-0.27188
-0.23716
-0.089701
-0.093862
0.16414
-0.23056
-0.032902
-0.074672
0.18947
0.18622
-0.34252
-0.20303
-0.024196
-0.20479
0.19309
-0.11471
0.11131
0.023054
0.081871
0.19116
-0.46957
-0.077742
0.13066
0.056062
0.29004
-0.041055
0.29171
-0.060635
0.035908
0.055982
-0.32366
-0.009595
0.20974
-0.012985
0.38333
0.026429
0.083025
-0.14017
-0.033936
0.024262
0.031487
-0.065278
0.082161
-0.12381
0.31147
0.19783
-0.11786
-0.090129
0.050505
0.046869
0.20547
-0.0087073
-0.16769
0.041139
0.11039
0.017834
-0.025061
-0.17753
0.15561
0.014316
0.2072
0.0053686
-0.4586
0.034107
0.054885
-0.08245
0.033853
-0.3321
-0.01147
0.072768
0.13294
0.099953
-0.5068
0.013431
0.11142
-0.014169
-0.057966
-0.26828
-0.14322
0.0037192
0.092395
-0.043033
-0.33755
0.093389
0.093141
-0.32022
0.0054534
0.25372
-0.15354
0.098752
0.023326
-0.18838
-0.065714
-0.069166
0.092522
-0.16824
0.12332
0.50833
-0.13846
-0.070524
-0.053165
-0.26183
-0.16941
-0.23912
0.11318
-0.2261
-0.012878
0.38591
-0.27019
-0.26782
-0.14908
-0.15056
-0.20758
-0.34662
0.14013
-0.22606
-0.24795
0.058772
-0.18551
-0.34513
-0.11471
-0.00015199
-0.19864
-0.42672
0.12581
0.03698
-0.12844
-0.2141
0.03531
-0.24054
-0.099781
0.11421
-0.22392
-0.1849
-0.00047251
0.090007
0.1492
-0.24344
0.070524
-0.25842
0.026749
0.5528
0.04691
0.12812
-0.25101
-0.00881
0.071611
-0.29746
0.041066
-0.19878
0.1348
0.8137
0.26466
0.063566
-0.48236
0.03065
-0.051903
-0.28008
0.03408
-0.18249
0.024108
0.73857
0.32396
0.02143
-0.57144
-0.025485
-0.14709
-0.18574
-0.019166
-0.011757
-0.16433
0.5037
0.26217
0.00021679
-0.3647
-0.033022
-0.29721
-0.12461
-0.096965
0.33321
-0.23934
0.1171
0.18391
-0.020665
-0.057
-0.010913
-0.33469
-0.009377
0.073409
0.53366
-0.45607
-0.22316
0.025677
0.049977
0.14223
-0.12088
-0.24956
0.013846
0.2562
0.61651
-0.53497
-0.36751
-0.041289
0.013457
0.24078
-0.22257
-0.2064
-0.095504
0.23747
0.47523
-0.50516
-0.37845
-0.05125
-0.0044712
0.38665
-0.21492
-0.065423
-0.062993
0.11028
0.31655
-0.52015
-0.10177
0.050363
0.15941
0.50553
-0.046067
0.15876
-0.02465
0.011997
0.15548
-0.32169
-0.022963
0.15208
0.14483
0.34128
0.17201
0.15659
-0.074206
-0.022587
0.1198
0.01331
-0.2018
-0.035837
0.059002
0.10556
0.18853
0.054866
-0.29656
0.054316
0.1596
0.29109
-0.18275
-0.28696
0.0066707
-0.004402
-0.063611
-0.021155
-0.3662
0.16788
0.2273
0.32158
-0.05117
-0.45489
0.023086
-0.02021
-0.20099
0.0059493
-0.27394
0.020601
0.11718
0.15645
-0.064803
-0.47792
0.10546
0.065805
-0.12868
-0.068071
-0.084032
-0.12097
-0.049392
0.027779
-0.16721
-0.3298
0.10511
0.1568
-0.12255
-0.020949
0.24792
-0.31015
-0.068117
-0.11466
-0.30396
-0.16741
-0.016726
0.10034
-0.20619
0.07262
0.50343
-0.22544
-0.18611
-0.18133
-0.36223
-0.26266
-0.28575
0.083267
-0.31054
0.057366
0.4801
-0.16769
-0.34464
-0.20084
-0.20942
-0.25043
-0.47052
0.096889
-0.12935
-0.14831
0.19684
-0.037064
-0.3846
-0.32823
-0.031628
-0.24711
-0.34891
0.064126
0.18022
-0.17148
-0.0795
0.14533
-0.22891
-0.37692
0.2959
-0.21515
0.0065635
-0.15279
0.12509
0.11803
-0.30537
0.22658
-0.20052
-0.18058
0.70066
-0.016386
0.23982
-0.31336
-0.11837
0.043693
-0.42096
0.0093717
-0.21094
-0.05793
0.83427
0.25737
0.18419
-0.42351
-0.08403
-0.0024655
-0.3343
-0.28535
-0.21951
0.0093278
0.73878
0.34146
0.11622
-0.45776
-0.019086
-0.059998
-0.15591
-0.34123
-0.038429
-0.073998
0.65247
0.2346
0.029316
-0.29234
-0.081281
-0.227
-0.17083
-0.25139
0.18849
-0.26892
0.27074
0.16807
0.010594
-0.07899
-0.17441
-0.28933
-0.10898
-0.04762
0.39503
-0.44484
-0.20217
0.076724
0.090744
0.016994
-0.15396
-0.36293
-0.060882
0.1296
0.54457
-0.5659
-0.39782
-0.022137
0.075541
0.1436
-0.20465
-0.30617
-0.2631
0.19119
0.41678
-0.5587
-0.28909
-0.04832
-0.057852
0.43402
-0.27336
-0.25043
-0.31686
0.10746
0.20513
-0.40094
-0.049506
0.01754
-0.072534
0.53498
-0.13589
-0.067977
-0.046765
0.061103
0.098275
-0.20116
0.068549
0.094425
-0.057976
0.21823
0.053543
0.057946
-0.011534
0.11503
0.14184
0.090378
-0.08945
-0.07293
-0.053275
-0.034153
0.044185
0.19086
-0.28907
0.10741
0.24508
0.29958
-0.22413
-0.30518
0.076391
-0.071391
-0.050841
0.18658
-0.36778
0.062891
0.28466
0.20258
-0.22177
-0.42375
0.19653
0.039747
-0.052558
0.13486
-0.31449
-0.0012137
0.22543
0.0064058
-0.28919
-0.49909
0.1154
0.049172
-0.0061289
-0.074967
-0.15387
-0.072896
0.049875
-0.0011058
-0.29099
-0.33546
0.12086
0.15095
-0.014892
-0.10143
0.28477
-0.24575
-0.19962
-0.093307
-0.34814
-0.18424
-0.08538
0.15947
-0.18648
-0.1208
0.50819
-0.1624
-0.36112
-0.19532
-0.4186
-0.32313
-0.25651
0.11152
-0.27096
0.033345
0.46374
0.0015174
-0.52214
-0.26251
-0.39369
-0.32136
-0.40652
0.047972
-0.084529
0.066818
0.10976
0.17017
-0.58094
-0.35768
-0.22326
-0.33217
-0.25469
-0.047568
0.2099
-0.077478
-0.12705
0.34917
-0.4138
-0.31928
0.23209
-0.18582
-0.030749
-0.29445
0.19634
-0.070532
-0.25225
0.28457
-0.30941
-0.10907
0.46263
0.00098641
0.13794
-0.43255
-0.018349
-0.058315
-0.40548
0.059198
-0.22877
-0.062116
0.50845
0.21971
0.11461
-0.53076
-0.012949
-0.12118
-0.43409
-0.24887
-0.17433
-0.068226
0.53195
0.41329
0.030153
-0.53736
0.16797
-0.1563
-0.28554
-0.33195
0.038221
-0.13611
0.39732
0.41276
0.047832
-0.3845
0.066748
-0.2509
-0.23933
-0.25567
0.19599
-0.25547
0.10225
0.40109
0.034886
-0.11157
-0.095497
-0.33885
-0.31999
-0.066333
0.27635
-0.27994
-0.24813
0.29482
-0.055529
0.069948
-0.0795
-0.46922
-0.31056
0.13692
0.31393
-0.45776
-0.41675
0.024622
-0.14314
0.27679
-0.30549
-0.35013
-0.34533
0.11657
0.20253
-0.51556
-0.33448
-0.094505
-0.23804
0.45879
-0.42985
-0.10079
-0.32133
-0.046715
0.12947
-0.26931
-0.062557
-0.059404
-0.15402
0.41205
-0.36124
0.0087615
-0.1336
-0.042492
0.045127
-0.061815
0.12009
-0.10416
-0.10334
0.15314
-0.19038
0.1714
-0.053983
0.081113
0.18432
0.13033
0.018675
-0.3133
-0.080141
0.021994
-0.058534
0.25364
-0.1879
0.080768
0.18747
0.20799
-0.20406
-0.37638
0.17792
0.11371
-0.010675
0.21644
-0.25699
0.062555
0.14579
0.097571
-0.31469
-0.46067
0.2581
0.21317
0.13328
0.15997
-0.35551
0.094314
0.1519
0.023978
-0.34426
-0.58803
0.11597
0.099652
0.19615
-0.065859
-0.30285
0.048825
0.14678
0.10028
-0.27942
-0.39907
0.16532
0.11756
-0.094743
-0.082269
0.34024
-0.11127
-0.23349
0.043323
-0.3346
0.083009
-0.17142
0.16294
-0.15459
-0.13347
0.50519
-0.079893
-0.31796
-0.069285
-0.43491
-0.23719
-0.32871
0.14476
-0.060784
-0.10423
0.39131
0.14507
-0.33998
-0.14007
-0.41017
-0.38054
-0.40531
0.029679
0.079165
-0.018245
0.061752
0.33224
-0.32588
-0.1178
-0.12929
-0.43531
-0.17232
-0.12851
0.12416
-0.2068
-0.17091
0.52636
-0.29622
0.0062488
0.33304
-0.3221
0.12153
-0.30529
0.19461
-0.23411
-0.19451
0.44411
-0.27107
0.14441
0.42614
-0.10789
0.2431
-0.54508
0.16354
-0.10635
-0.24342
0.2685
-0.26308
0.074794
0.47002
0.25007
0.19587
-0.65789
0.090268
-0.12611
-0.26209
0.077819
-0.29717
-0.078754
0.42358
0.58255
0.1135
-0.58183
0.16871
-0.23176
-0.22685
-0.069493
-0.030364
-0.16085
0.15461
0.59838
0.12135
-0.38267
0.09523
-0.38736
-0.21464
-0.1611
0.23686
-0.29897
-0.087675
0.47753
0.040466
-0.022211
-0.097215
-0.41909
-0.30497
-0.076728
0.29444
-0.2429
-0.20249
0.41465
-0.24678
0.29665
-0.1045
-0.50075
-0.3221
0.046038
0.22073
-0.26751
-0.28009
0.1109
-0.31803
0.50697
-0.258
-0.30673
-0.22534
-0.061119
0.057786
-0.25312
-0.3067
-0.084515
-0.21871
0.59091
-0.42572
-0.007229
-0.2072
-0.254
-0.022562
-0.082997
-0.12495
-0.011886
-0.097862
0.35172
-0.28577
0.11025
-0.19209
-0.2508
-0.068476
0.093072
0.12555
-0.10908
-0.071363
0.12405
-0.095392
0.20377
-0.21658
-0.086954
0.036394
0.22584
-0.009832
-0.28506
-0.029696
0.089659
0.11346
0.18138
-0.17967
0.061322
0.081947
0.19564
-0.2184
-0.32251
0.12665
0.20725
0.18622
0.11369
-0.25811
0.2046
-0.027433
0.12001
-0.34504
-0.43867
0.087688
0.25415
0.26936
0.10186
-0.40206
0.25607
-0.0066111
0.085619
-0.28492
-0.48747
0.032271
0.19208
0.2445
-0.02921
-0.29414
0.13888
0.11077
0.00093636
-0.20911
-0.19902
0.12983
0.015368
-0.1801
-0.12967
0.35553
-0.15729
-0.30578
-0.028557
-0.49364
0.076165
-0.18199
-0.069558
-0.22813
-0.037778
0.60197
-0.048309
-0.19887
-0.038052
-0.44984
-0.24915
-0.49632
-0.010502
-0.0071131
0.0026917
0.37793
0.20855
0.061637
-0.017507
-0.2373
-0.44511
-0.51757
-0.062782
0.18461
-0.088375
0.095665
0.48514
0.17453
0.087145
0.073907
-0.55649
-0.28277
-0.26012
0.044495
-0.322
-0.1922
0.66323
0.022007
0.22696
0.31639
-0.46098
0.045098
-0.40229
0.099517
-0.32325
-0.25026
0.61889
-0.24831
0.19401
0.30116
-0.23424
0.29289
-0.5491
0.16955
-0.14486
-0.20999
0.42244
-0.4269
0.028769
0.4749
0.21544
0.38683
-0.59305
0.20741
-0.037895
-0.075918
0.18061
-0.40368
-0.091555
0.39272
0.67543
0.28866
-0.52949
0.19006
-0.22738
-0.11552
-0.026694
-0.043706
-0.26433
0.057928
0.62776
0.19329
-0.33694
0.066998
-0.43167
-0.22895
-0.096352
0.39945
-0.38817
-0.14879
0.38286
0.047028
0.093109
-0.1837
-0.4214
-0.29489
-0.04488
0.4797
-0.36925
-0.13452
0.41647
-0.17305
0.40809
-0.1331
-0.38579
-0.38222
-0.027323
0.24629
-0.22248
-0.095577
0.27383
-0.21594
0.62657
-0.22281
-0.12764
-0.33211
-0.083935
-0.043965
-0.039792
-0.16194
0.13329
-0.13606
0.64102
-0.38396
0.14371
-0.24255
-0.32029
-0.15976
0.071893
-0.12256
0.055193
-0.14781
0.33056
-0.28314
0.31385
-0.27681
-0.41693
-0.24667
0.14205
-0.053857
-0.066953
-0.14258
0.051429
-0.058504
0.3118
-0.30759
-0.23865
-0.11237
0.19366
-0.23198
-0.18028
-0.038606
0.068261
0.14799
0.25785
-0.27193
0.001361
0.070146
0.18986
-0.32594
-0.32397
0.020939
0.20199
0.24571
0.12575
-0.33085
0.31978
0.14366
0.17231
-0.35271
-0.41356
-0.079713
0.2835
0.40596
0.069669
-0.39462
0.3868
0.099976
0.026359
-0.28491
-0.38667
-0.079382
0.22321
0.3112
-0.060956
-0.23236
0.25026
0.1201
-0.12121
-0.18041
-0.21019
0.017755
-0.086214
-0.054009
-0.093845
0.39046
-0.21385
-0.19083
-0.2393
-0.42853
-0.19844
-0.16719
-0.20155
-0.074323
-0.0087435
0.727
-0.081353
0.025781
-0.033881
-0.32639
-0.24842
-0.56571
-0.14576
0.068923
-0.11677
0.47244
0.25367
0.29204
0.07874
-0.0057505
-0.39488
-0.5623
-0.18679
0.18405
-0.28322
0.12615
0.49888
0.3665
0.27936
0.37493
-0.56303
-0.30463
-0.3466
0.045097
-0.24219
-0.06616
0.6595
0.099805
0.39268
0.29804
-0.59783
-0.020005
-0.59398
0.057247
-0.1589
-0.19098
0.61563
-0.21306
0.14183
0.2428
-0.29222
0.27305
-0.71946
0.13411
-0.11672
-0.19853
0.40117
-0.41297
-0.02479
0.29868
0.20799
0.50802
-0.49507
0.15004
-0.038051
-0.042278
0.12974
-0.42535
-0.048695
0.20439
0.73737
0.31374
-0.42525
0.085609
-0.17584
-0.021106
-0.004846
-0.10854
-0.3133
0.011693
0.72494
0.086509
-0.2668
-0.032009
-0.39852
-0.15606
-0.043233
0.45143
-0.49709
-0.1879
0.51177
-0.017784
0.16765
-0.23093
-0.41897
-0.30871
-0.03858
0.6747
-0.37905
-0.19345
0.42724
-0.078393
0.4163
-0.15684
-0.32909
-0.32979
-0.015213
0.38463
-0.12896
-0.12595
0.31237
-0.077864
0.5786
-0.27736
-0.037931
-0.28077
-0.1428
0.029102
0.19091
-0.094789
0.24931
0.011238
0.42189
-0.49741
0.37221
-0.19797
-0.43095
-0.10064
0.32798
0.012283
0.030229
-0.083779
-0.020469
-0.51781
0.4903
-0.1226
-0.64767
-0.21676
0.23086
-0.13917
-0.19976
-0.14243
-0.13727
-0.30774
0.47944
-0.12897
-0.49291
-0.22919
0.081803
-0.36468
-0.13168
-0.10906
-0.021024
0.039083
0.33859
-0.18019
-0.094419
-0.10145
0.083134
-0.26919
-0.31126
0.019826
0.18753
0.20112
0.14518
-0.27723
0.32722
0.089633
0.072768
-0.18115
-0.36342
-0.095444
0.39567
0.39482
0.033895
-0.27991
0.53539
0.1045
-0.031615
-0.18747
-0.28636
-0.19857
0.21286
0.25636
-0.058614
-0.21612
0.30446
0.025702
-0.02883
-0.13204
-0.15604
-0.093982
-0.11295
-0.061855
-0.039752
0.4407
-0.066089
-0.052808
-0.20416
-0.22882
-0.19123
-0.27997
-0.1442
-0.0086757
-0.0023862
0.74622
0.0093354
0.044845
0.040929
-0.2036
-0.18901
-0.53341
-0.18413
0.058649
-0.24858
0.42132
0.28134
0.20083
0.21167
0.044712
-0.37265
-0.49397
-0.25171
0.19099
-0.4533
0.15226
0.34949
0.10669
0.39818
0.37866
-0.49019
-0.21737
-0.4983
0.11971
-0.22869
0.15445
0.39173
-0.042547
0.42851
0.31772
-0.4981
0.029
-0.80685
0.16086
-0.090285
0.21772
0.32618
-0.1493
0.15063
0.26006
-0.28484
0.32888
-0.74963
0.17156
-0.12702
0.15694
0.16421
-0.43259
0.0090593
0.079387
0.14518
0.45509
-0.34105
0.098289
-0.11573
0.1223
-0.093759
-0.61308
-0.11825
-0.056284
0.637
0.23251
-0.21371
0.073017
-0.26385
0.095786
-0.16625
-0.32617
-0.40487
-0.067899
0.77043
0.053798
-0.079889
0.051704
-0.42045
0.029472
-0.174
0.25078
-0.56401
-0.1865
0.6412
0.099568
0.25964
-0.11669
-0.47827
-0.14164
-0.036797
0.69358
-0.31698
-0.21689
0.43681
0.10593
0.38291
-0.22803
-0.31983
-0.26081
-0.01278
0.69587
0.062861
-0.21663
0.25976
0.042151
0.32968
-0.41927
-0.00029498
-0.20679
-0.20459
0.31186
0.329
-0.18298
0.30001
0.082726
0.12396
-0.5945
0.31311
-0.13378
-0.53727
0.012915
0.44911
0.069639
0.16081
-0.0088742
-0.095922
-0.66341
0.47395
-0.047554
-0.7279
-0.28207
0.29337
-0.074166
-0.067676
-0.088954
-0.14191
-0.45692
0.47158
-0.011826
-0.5867
-0.38485
0.10225
-0.29874
-0.074501
-0.071656
-0.090365
0.026284
0.34311
-0.030885
-0.24558
-0.28855
0.061077
-0.2408
-0.25125
-0.012896
0.1814
0.19504
0.11242
-0.039941
0.19865
-0.047179
0.056268
-0.15902
-0.34654
0.036726
0.45919
0.40495
0.016418
-0.14208
0.38828
0.089508
0.0060255
-0.11587
-0.26902
-0.051867
0.31463
0.2138
-0.12294
-0.13426
0.16672
0.063874
0.032266
0.050816
-0.066834
-0.079969
-0.047549
-0.093635
-0.22718
0.61949
-0.10032
-0.041794
-0.18595
-0.22861
-0.0057225
-0.3656
-0.17729
-0.016573
-0.022337
0.90446
-0.061726
0.048186
-0.078747
-0.17841
-0.095718
-0.53875
-0.21357
0.035059
-0.15418
0.56477
0.18799
0.044601
0.12015
0.066671
-0.37564
-0.57596
-0.27967
0.18336
-0.32553
0.37336
0.24015
0.083666
0.33807
0.21815
-0.47977
-0.27175
-0.58605
0.1482
-0.15921
0.39036
0.16994
0.013424
0.31758
0.22652
-0.36491
0.15856
-0.75255
0.14125
-0.025492
0.40713
0.1633
-0.13994
0.10714
0.19961
-0.23368
0.48928
-0.47633
0.20957
-0.13898
0.36572
0.057601
-0.50075
-0.041169
0.13859
0.061611
0.54551
-0.17984
0.23309
-0.16302
0.26534
-0.22195
-0.73065
-0.29152
0.062441
0.43658
0.28434
-0.14761
0.19066
-0.28693
0.1982
-0.28001
-0.4564
-0.47378
0.092094
0.63735
0.12372
0.070664
0.19461
-0.41635
0.14001
-0.15036
0.11689
-0.49756
-0.075066
0.56594
0.15949
0.38182
-0.055734
-0.55707
-0.084499
-0.005472
0.60758
-0.21831
-0.22913
0.40525
0.075241
0.40092
-0.3174
-0.45594
-0.18294
0.027324
0.84437
0.21112
-0.19454
0.37038
-0.012967
0.11541
-0.51019
0.045283
-0.074688
-0.19145
0.54683
0.28369
-0.14658
0.38203
0.059463
-0.083111
-0.71034
0.50781
-0.030031
-0.44603
0.06728
0.30543
0.010115
0.2454
0.0086966
0.030276
-0.6438
0.55337
-0.04332
-0.58136
-0.27835
0.29705
-0.09437
-0.053257
-0.006882
-0.05318
-0.25675
0.43156
-0.050936
-0.64873
-0.35269
0.18415
-0.28314
-0.087717
0.063162
-0.063215
0.23555
0.23379
0.037909
-0.49624
-0.26726
0.026218
-0.13702
-0.17284
0.035393
0.16818
0.3386
0.12297
0.043419
-0.13772
0.040575
0.072699
-0.051826
-0.29182
0.081786
0.47554
0.28996
0.14624
-0.076267
0.051609
0.19304
0.085715
-0.058296
-0.2527
-0.0056626
0.43726
0.17751
-0.077875
-0.092704
0.032994
0.16687
0.030524
0.14866
-0.058087
0.032595
-0.019791
0.04883
-0.14912
0.51288
-0.14216
-0.11305
-0.11536
-0.32233
0.071662
-0.32929
-0.15601
0.069491
-0.10167
0.78226
-0.15313
0.085345
-0.086262
-0.11062
-0.057992
-0.62208
-0.19133
0.11951
-0.21082
0.70172
0.097276
0.11469
0.080956
0.20959
-0.3531
-0.69624
-0.33801
0.11428
-0.12632
0.66348
0.17522
0.24374
0.29394
0.28257
-0.48072
-0.19311
-0.60509
0.068958
-0.0096637
0.6157
0.094071
0.2477
0.18889
0.26445
-0.44661
0.32512
-0.61703
0.069268
0.019677
0.47282
0.18329
0.020146
0.031633
0.17556
-0.31879
0.57924
-0.44659
0.15414
-0.065023
0.25367
0.11633
-0.40756
-0.1568
0.13592
0.04048
0.61422
-0.33608
0.23782
-0.091609
0.13359
-0.095241
-0.69564
-0.41026
0.10429
0.36624
0.4716
-0.071849
0.19632
-0.24916
0.10029
-0.084656
-0.52753
-0.36798
0.066758
0.47556
0.36795
0.3007
0.16236
-0.42122
0.061739
0.047973
-0.1114
-0.30534
-0.20408
0.41879
0.31785
0.51952
-0.17503
-0.58365
-0.12146
0.14779
0.40729
0.084695
-0.30739
0.42286
0.049387
0.29957
-0.51655
-0.48015
-0.1126
0.14248
0.71294
0.51774
-0.16347
0.43975
-0.056379
-0.09339
-0.68195
0.080144
-0.007824
-0.029508
0.63452
0.47515
-0.051187
0.379
0.11253
-0.18875
-0.70633
0.7518
0.031888
-0.2558
0.15216
0.21563
0.11366
0.21307
0.11944
-0.051667
-0.44661
0.93884
-0.042933
-0.32396
-0.12063
0.19995
-0.026843
-0.047003
0.085672
-0.053656
-0.079866
0.68695
-0.10226
-0.43539
-0.14538
0.10976
-0.2388
-0.11413
0.080813
0.094233
0.32912
0.31797
-0.06484
-0.51806
-0.32615
0.027157
-0.15388
-0.10499
0.012829
0.27769
0.41392
0.06231
-0.0056849
-0.32222
-0.15278
0.018338
-0.063202
-0.15892
0.011821
0.43404
0.39498
0.059044
-0.12627
-0.10321
0.085417
-0.0034863
-0.1641
-0.1163
-0.13253
0.22122
0.23953
-0.071601
-0.12074
0.051842
0.067506
-0.018014
-0.1165
-0.033204
-0.046813
-0.030947
0.059492
-0.016879
0.24703
-0.06525
-0.14458
0.014485
-0.30249
-0.034368
-0.40681
-0.13284
-0.049146
-0.10603
0.55751
-0.041842
0.06178
0.12192
0.086496
-0.062545
-0.74768
-0.18195
-0.079521
-0.17374
0.66538
0.035967
0.11083
0.17778
0.40334
-0.18027
-0.71638
-0.43306
0.0012663
-0.046072
0.68155
0.025401
0.24422
0.176
0.42095
-0.26249
-0.24927
-0.64461
-0.055732
0.0072112
0.63348
-0.022599
0.26226
-0.044154
0.22494
-0.36085
0.21814
-0.54414
-0.0689
-0.068777
0.54906
0.067458
-0.0037779
-0.22064
0.092471
-0.37113
0.55182
-0.41194
0.0015101
-0.065895
0.25523
0.13279
-0.312
-0.37083
-0.11664
-0.079306
0.69969
-0.24129
0.13617
-0.066039
0.034005
0.085788
-0.58083
-0.50524
-0.22316
0.24471
0.50886
0.15495
0.14861
-0.23305
0.03771
0.04005
-0.65116
-0.28025
-0.22371
0.28138
0.2853
0.3317
0.058252
-0.51268
0.032758
-0.019801
-0.40257
-0.07
-0.30183
0.32635
0.19839
0.34602
-0.19458
-0.53801
-0.047428
-0.0043979
0.14762
0.19324
-0.25357
0.41924
0.094731
0.13187
-0.52434
-0.32685
-0.07384
-0.022396
0.49899
0.53082
-0.20534
0.41686
0.020246
-0.065388
-0.73626
0.14275
0.038823
0.027118
0.56794
0.50728
-0.095384
0.36908
0.062358
-0.1707
-0.69574
0.69699
-0.0050258
-0.075456
0.15723
0.17301
0.14423
0.25526
-0.014163
-0.13412
-0.37616
0.88481
-0.13348
-0.1093
-0.14775
-0.068239
0.0084482
0.14119
0.054612
0.012186
0.096599
0.79225
-0.14923
-0.16245
-0.12859
-0.075189
-0.16272
0.062951
0.077571
0.33184
0.56277
0.51568
-0.11086
-0.24774
-0.28731
0.024169
-0.13343
0.017544
-0.059255
0.41562
0.63183
0.16175
0.017349
-0.13905
-0.29552
-0.021385
-0.10935
-0.15863
-0.041384
0.37499
0.54431
-0.026663
-0.090314
-0.065994
-0.066199
-0.14418
-0.22246
-0.14886
-0.020143
0.097837
0.34123
-0.16883
-0.097661
-0.013791
-0.014624
-0.068689
-0.27052
-0.13297
-0.0027138
-0.11238
0.0012317
0.00037655
0.16389
-0.12304
-0.18233
0.090475
-0.078462
-0.13886
-0.56993
-0.23009
-0.07932
-0.0018813
0.36204
0.11547
-0.060577
0.086668
0.239
-0.12136
-0.83425
-0.25607
-0.018505
-0.080397
0.3952
0.13768
0.1032
0.082278
0.42221
-0.10091
-0.66704
-0.47686
0.030727
0.027964
0.37632
-0.0025551
0.4632
0.040755
0.44324
-0.12416
-0.29334
-0.58256
-0.035188
0.04814
0.50825
-0.082815
0.42406
-0.14101
0.19274
-0.26386
0.062196
-0.36041
0.032346
-0.013514
0.61599
-0.054322
0.016255
-0.307
0.015669
-0.31866
0.60993
-0.16777
0.10746
-0.036439
0.46571
0.045059
-0.36362
-0.43613
-0.16985
-0.19581
0.77824
0.13227
0.23241
-0.090588
0.14824
0.13077
-0.56216
-0.53429
-0.37832
-0.0030961
0.51059
0.3804
0.1952
-0.32638
0.056371
0.061683
-0.67821
-0.21594
-0.28419
0.18009
0.10109
0.36961
0.045067
-0.63756
0.055285
-0.035061
-0.47142
0.19841
-0.25923
0.29843
-0.016831
0.31538
-0.1594
-0.48739
0.1066
-0.052772
-0.025963
0.36432
-0.18988
0.41631
0.034302
0.18277
-0.48059
-0.064836
0.18406
0.013891
0.26934
0.39913
-0.25813
0.48038
0.14344
-0.036961
-0.70578
0.20961
0.11338
0.17392
0.37742
0.33722
-0.18221
0.39936
0.16619
-0.22126
-0.59817
0.58511
-0.071119
0.097741
0.12612
0.13512
0.085678
0.22971
-0.0063073
-0.22247
-0.23045
0.75206
-0.28649
0.012328
-0.077837
-0.070023
0.072898
0.11731
-0.091372
-0.072986
0.2582
0.64865
-0.33602
-0.064977
-0.11912
-0.13151
-0.014377
0.067951
-0.078289
0.20966
0.72421
0.44011
-0.20226
-0.20119
-0.13972
-0.0307
-0.036694
-0.024698
-0.16115
0.32091
0.73155
0.23268
0.055355
-0.13803
-0.13038
-0.041853
-0.12253
-0.18792
-0.15533
0.36078
0.52648
0.087495
0.058845
-0.038273
-0.015294
-0.11725
-0.18836
-0.14942
-0.032509
0.25797
0.25461
-0.13776
-0.028871
-0.036231
0.035927
0.016031
-0.19686
-0.036492
-0.020962
-0.08551
0.0045081
0.01046
0.068141
-0.21804
-0.14133
0.073581
0.10427
-0.069114
-0.49102
-0.25728
-0.0064954
0.025636
0.15735
-0.0044535
-0.15577
0.017958
0.47933
-0.09447
-0.61253
-0.41022
0.0080266
-0.068199
0.12398
0.11219
0.13619
0.034608
0.5484
-0.086394
-0.40624
-0.61723
-0.10619
-0.0048627
0.20075
0.0076088
0.56261
0.12682
0.61008
-0.23019
-0.245
-0.57194
-0.11993
0.10439
0.39024
-0.09274
0.52188
-0.12142
0.27289
-0.37393
0.15718
-0.33612
0.013922
-0.046313
0.59396
-0.097654
0.077452
-0.42341
0.032359
-0.45489
0.52963
-0.14125
0.071192
-0.2005
0.47397
-0.033227
-0.28821
-0.59637
-0.17036
-0.26543
0.59349
0.16186
0.20462
-0.19228
0.21689
0.019815
-0.45222
-0.55729
-0.35237
-0.0077266
0.49325
0.34907
0.22972
-0.33671
0.14579
0.015728
-0.51269
-0.09664
-0.36096
0.24386
0.2515
0.23816
0.038761
-0.65525
0.1068
-0.0077773
-0.4962
0.31562
-0.39106
0.3245
0.036258
0.22137
-0.12668
-0.38205
0.1895
0.058054
-0.23521
0.48773
-0.24057
0.45325
-0.11895
0.23281
-0.432
0.16943
0.39055
0.28263
0.15149
0.37097
-0.084037
0.47665
-0.10508
-0.049309
-0.82104
0.43672
0.21552
0.39469
0.30352
0.19046
0.034751
0.38499
0.03284
-0.24215
-0.64621
0.56195
-0.11462
0.23052
0.22838
0.078614
0.15946
0.27905
-0.14361
-0.29368
-0.13832
0.64039
-0.32062
0.076046
0.1347
-0.03218
0.14682
0.10782
-0.21804
-0.17865
0.2737
0.54725
-0.39718
-0.048087
0.00024731
-0.074919
0.01939
-0.021335
-0.11629
0.096358
0.74417
0.20008
-0.22149
-0.21587
-0.081794
-0.0045944
-0.054152
-0.066408
-0.15738
0.22486
0.8148
0.13327
0.044284
-0.26782
-0.13871
0.079663
-0.19402
-0.061731
-0.22445
0.25772
0.46993
0.21296
0.10339
-0.20182
-0.093935
0.023883
-0.3428
0.028765
-0.19857
0.21354
0.12096
0.026979
-0.00018987
-0.042986
-0.029525
-0.015879
-0.26779
0.14109
-0.15441
-0.081735
-0.062303
0.050692
0.066994
-0.1894
-0.11862
0.12538
0.40763
0.13297
-0.53665
-0.22488
-0.09123
0.0077079
0.21538
-0.13013
-0.15763
0.08798
0.76584
0.046564
-0.59877
-0.39397
-0.11647
-0.16284
0.16789
-0.067683
0.024356
0.1099
0.6801
-0.11559
-0.46147
-0.45925
-0.27309
-0.069795
0.23003
-0.11896
0.35653
0.049785
0.57909
-0.25418
-0.22858
-0.39413
-0.22884
0.089599
0.29352
-0.15157
0.30817
-0.34113
0.41174
-0.41615
0.083522
-0.31727
-0.11512
-0.094687
0.37963
-0.15873
0.044372
-0.68132
0.21409
-0.5652
0.4879
-0.034236
-0.11109
-0.34641
0.45349
-0.070302
-0.23187
-0.77691
0.078189
-0.36241
0.46917
0.29451
0.04968
-0.45739
0.20008
-0.012622
-0.42013
-0.4229
-0.22319
0.023283
0.3958
0.28546
0.14745
-0.5691
0.13683
-0.0074204
-0.47183
0.084717
-0.42557
0.29769
0.22318
0.10548
-0.029467
-0.55283
0.13054
0.050686
-0.50242
0.43667
-0.50434
0.28911
0.064393
0.098817
-0.17448
-0.28228
0.2234
0.15616
-0.33098
0.52418
-0.31489
0.27056
0.016857
0.14461
-0.46476
0.12354
0.3495
0.33317
-0.010378
0.23382
-0.18705
0.3375
-0.011077
-0.048159
-0.72555
0.42824
0.17295
0.43125
0.12806
-0.083972
-0.16727
0.33416
-0.061724
-0.17084
-0.47585
0.45526
-0.21045
0.43522
0.17818
-0.15812
-0.043933
0.31439
-0.28442
-0.22365
-0.039887
0.46382
-0.53095
0.26572
0.20341
-0.1746
0.019577
0.087636
-0.20519
-0.19318
0.37155
0.49825
-0.54805
-0.076057
0.10569
-0.15411
0.012415
-0.11062
-0.10913
0.01629
0.79587
0.2818
-0.27439
-0.35956
-0.017366
-0.077189
0.059507
-0.077962
-0.25448
0.14829
0.83949
0.099177
0.0068763
-0.43467
-0.10653
0.083482
-0.086177
-0.043085
-0.28933
0.22676
0.4329
0.12553
0.14374
-0.48248
-0.14474
0.029601
-0.38303
0.037376
-0.11925
0.14085
0.13445
0.033473
0.022511
-0.27988
-0.10142
-0.12444
-0.3366
0.085133
-0.16704
-0.19708
-0.12527
0.065165
0.1388
-0.19632
-0.20898
0.029054
0.35733
0.2344
-0.48343
-0.36671
-0.21383
-0.056682
0.31697
-0.24385
-0.16544
0.023947
0.58178
0.30461
-0.72349
-0.43679
-0.16969
-0.31499
0.15617
-0.21254
0.0013852
-0.045099
0.48931
0.074566
-0.62188
-0.25426
-0.23694
-0.10669
0.083422
-0.20205
0.1838
-0.20173
0.47191
-0.13876
-0.23161
-0.085922
-0.27324
0.090873
0.075338
-0.15177
0.17164
-0.49667
0.46731
-0.31539
0.17968
0.027308
-0.17363
-0.15257
0.19631
-0.24719
-0.0096169
-0.77317
0.33929
-0.43318
0.56279
0.20241
-0.14881
-0.30677
0.36693
-0.21375
-0.19394
-0.80699
0.16947
-0.40103
0.54852
0.31891
-0.12823
-0.46456
0.17836
-0.10219
-0.37546
-0.24366
-0.16775
-0.22254
0.41139
0.17868
-0.085669
-0.50964
0.048534
-0.11737
-0.44312
0.23769
-0.49893
0.036682
0.24733
-0.015471
-0.20913
-0.34967
0.078161
0.027839
-0.42881
0.54519
-0.51766
0.16477
0.16013
0.0066316
-0.37504
-0.20455
0.16651
0.31282
-0.31856
0.54483
-0.45698
0.14985
0.084754
-0.016538
-0.5605
0.021297
0.11768
0.44836
-0.24032
0.16033
-0.44699
0.20881
-0.038755
-0.1032
-0.50431
0.37567
-0.12557
0.45222
-0.074435
-0.20413
-0.40417
0.19671
-0.038104
-0.123
-0.17788
0.42579
-0.39894
0.51394
0.10457
-0.25516
-0.2374
0.27557
-0.083643
-0.1083
0.24644
0.44593
-0.60703
0.37547
0.18789
-0.18003
-0.032288
0.10575
-0.13155
-0.12314
0.39145
0.52534
-0.55464
-0.1709
0.16176
-0.21172
0.047954
-0.058831
-0.1043
-0.017802
0.59973
0.32397
-0.3716
-0.496
0.15563
-0.13515
0.062398
-0.077873
-0.27522
0.18298
0.71836
0.0202
-0.16987
-0.52783
0.09974
-0.0019528
-0.067477
-0.047057
-0.34101
0.13579
0.44017
0.029605
0.0083828
-0.58016
-0.068936
-0.058661
-0.17172
-0.079958
-0.14973
0.026872
0.24044
0.072522
-0.015602
-0.35375
-0.12436
-0.059726
-0.11857
0.028523
-0.085707
-0.19783
-0.0096676
-0.03986
0.17413
-0.38039
-0.19418
-0.046103
0.21941
0.08385
-0.39188
-0.35927
-0.14935
-0.036066
0.20196
-0.3539
-0.076917
-0.12052
0.33308
0.32172
-0.76916
-0.30226
-0.088715
-0.28875
-0.014481
-0.2637
-0.01068
-0.33844
0.50573
0.12163
-0.63394
-0.089951
-0.092169
-0.077946
-0.079545
-0.20852
-0.0027887
-0.45285
0.64868
-0.23709
-0.088139
0.12559
-0.23108
0.0094894
0.026304
-0.18171
0.030581
-0.56457
0.63026
-0.26961
0.46299
0.32712
-0.18786
-0.22722
0.18454
-0.3396
0.012532
-0.65477
0.38348
-0.31247
0.6146
0.40407
-0.13666
-0.32954
0.092757
-0.40572
-0.13158
-0.44266
0.079645
-0.43331
0.40744
0.2679
-0.15789
-0.48403
-0.10447
-0.27455
-0.2857
0.052214
-0.19573
-0.3958
0.34205
-0.020572
-0.1562
-0.47389
-0.14119
-0.20733
-0.33839
0.49554
-0.32513
-0.19305
0.38274
-0.11661
-0.31267
-0.23659
-0.028719
-0.021793
-0.3532
0.71464
-0.32372
0.091049
0.32589
-0.016612
-0.53779
-0.068753
-0.0019642
0.45595
-0.34369
0.56346
-0.42954
0.13708
0.071089
0.084594
-0.55068
0.086827
0.013167
0.65152
-0.36166
0.16561
-0.39318
0.1993
-0.25706
0.13747
-0.41197
0.28756
-0.26156
0.47809
-0.21369
-0.12567
-0.33541
0.23677
-0.11073
0.099397
-0.14343
0.25161
-0.42099
0.35065
-0.075618
-0.13534
-0.24928
0.20731
-0.027872
-0.055218
0.18889
0.16282
-0.54318
0.17948
0.12002
-0.11727
-0.015715
0.075043
-0.13155
-0.13052
0.31799
0.354
-0.50674
-0.24342
0.27254
-0.22713
0.122
-0.047451
-0.085679
0.066806
0.48099
0.21739
-0.388
-0.48751
0.33395
-0.10095
-0.013221
-0.020622
-0.041952
0.26378
0.64568
0.02766
-0.304
-0.53267
0.30685
0.034511
-0.10494
0.011594
-0.19505
0.052125
0.38823
0.081915
-0.18521
-0.6288
0.1173
0.014657
-0.014277
-0.084719
-0.13862
-0.055494
0.22671
0.0016541
-0.060186
-0.35946
-0.02009
0.03351
-0.053438
-0.068319
-0.010562
-0.26023
-0.065312
-0.070223
0.18644
-0.2856
-0.22863
-0.0091132
0.069157
-0.045514
-0.52173
-0.23421
-0.15065
-0.045883
-0.003365
-0.20948
-0.098419
-0.26449
0.21819
0.11772
-0.71616
-0.17616
-0.040058
-0.1768
-0.1476
-0.14535
-0.16536
-0.53999
0.40209
0.045331
-0.5273
-0.049193
0.044344
-0.075324
-0.055689
-0.18918
-0.1735
-0.60755
0.53035
-0.20105
-0.040975
0.047402
-0.14077
-0.01407
0.037561
-0.29786
-0.082219
-0.51768
0.53756
-0.2938
0.39304
0.21142
-0.19667
-0.24049
0.093179
-0.40124
0.10211
-0.24444
0.30064
-0.34272
0.49001
0.24475
-0.14996
-0.40588
-0.099484
-0.38432
-0.016473
0.15061
-0.039481
-0.3934
0.33165
0.074899
-0.084044
-0.61233
-0.36879
-0.24555
-0.24194
0.54296
-0.18946
-0.29189
0.30961
-0.19597
-0.04364
-0.48877
-0.2597
-0.12609
-0.31836
0.72506
-0.16966
-0.16574
0.36363
-0.2293
-0.30353
-0.17188
-0.062059
0.18344
-0.35941
0.67571
-0.2536
-0.043104
0.2253
0.011989
-0.49045
0.037017
0.051385
0.70004
-0.38881
0.36739
-0.34727
0.0061683
0.041061
0.27117
-0.34158
0.23934
0.024218
0.90165
-0.39756
0.00032621
-0.30987
0.15955
0.018503
0.33498
-0.31174
0.29215
-0.19677
0.62474
-0.34661
-0.18289
-0.26717
0.22593
-0.057254
0.18262
-0.22181
0.17439
-0.38284
0.33379
-0.13139
-0.10987
-0.15688
0.11543
-0.14933
-0.016082
0.083538
0.11974
-0.39147
0.064588
0.10981
-0.079528
-0.051981
-0.062848
-0.11794
-0.19713
0.32144
0.21819
-0.4258
-0.3515
0.24734
-0.16305
0.021969
-0.19199
-0.040462
-0.035423
0.40018
0.14003
-0.42303
-0.47985
0.22219
-0.059486
-0.11972
-0.052588
-0.003531
0.20933
0.45315
0.14075
-0.41074
-0.57222
0.20968
0.098814
-0.14034
0.13284
-0.015638
0.11202
0.13039
0.083999
-0.25757
-0.68786
0.1137
0.13413
-0.046119
0.018394
-0.08021
-0.055088
0.040179
-0.10002
-0.023502
-0.38042
0.047239
0.097263
-0.099046
-0.061588
-0.064783
-0.2961
-0.081384
-0.056219
-0.036035
-0.16718
-0.19193
-0.0278
0.023448
-0.016811
-0.4485
-0.20494
-0.17434
-0.14397
-0.08659
-0.24026
-0.19842
-0.26854
0.2357
0.10162
-0.52813
-0.22133
-0.10755
-0.13897
-0.11242
-0.094914
-0.19867
-0.48279
0.25951
0.094046
-0.45944
-0.2234
-0.11526
0.050483
0.10935
0.01965
-0.1422
-0.64133
0.34385
-0.091079
-0.18118
-0.1533
-0.25337
0.042094
0.2159
-0.14027
-0.16712
-0.42082
0.34612
-0.37245
0.22404
-0.082627
-0.1987
-0.16699
0.1391
-0.35374
0.054704
0.14124
0.19225
-0.4955
0.50915
-0.041334
-0.11945
-0.45289
-0.14143
-0.37578
0.068358
0.58133
-0.075647
-0.38725
0.53396
-0.17073
-0.22268
-0.62151
-0.36588
-0.27685
-0.24792
0.85488
-0.21867
-0.22909
0.41168
-0.20276
-0.23088
-0.38281
-0.36654
-0.13459
-0.39259
0.83399
-0.27601
-0.15513
0.22992
-0.040681
-0.23928
-0.15729
-0.23715
0.26595
-0.45394
0.5214
-0.35922
-0.14686
0.014909
0.17211
-0.25425
0.012231
0.0047016
0.83138
-0.33167
0.19905
-0.23383
-0.031904
-0.03331
0.29556
-0.20385
0.33216
0.034904
0.94906
-0.36497
-0.073767
-0.20103
0.095462
0.0093754
0.25256
-0.29197
0.34551
-0.29132
0.69827
-0.33404
-0.13936
-0.13528
0.06799
-0.15541
0.049819
-0.20651
0.30693
-0.52497
0.4207
-0.14167
-0.085009
-0.054619
0.084166
-0.1947
-0.066474
0.14593
0.29888
-0.40816
0.027282
0.052183
-0.031021
-0.074779
0.012658
-0.085403
-0.12606
0.36901
0.20363
-0.45017
-0.37998
0.23592
-0.055381
-0.062289
-0.13644
-0.16651
-0.067744
0.36954
0.14659
-0.52302
-0.42221
0.25449
-0.03206
-0.19625
-0.055375
-0.20883
0.0838
0.37999
0.2038
-0.40673
-0.52065
0.20605
0.018374
-0.22102
0.059578
-0.095508
0.062889
0.17706
0.096832
-0.18131
-0.64363
0.16214
0.037933
-0.1003
0.021603
0.011908
-0.019472
0.15296
-0.16619
0.031197
-0.39814
0.10669
0.074276
-0.064025
0.0395
0.0017582
-0.093311
-0.13742
-0.011703
-0.070934
-0.064371
-0.033699
-0.049332
0.023872
0.063647
-0.21376
-0.1042
-0.14766
-0.076605
-0.10133
-0.17253
-0.14432
-0.15734
0.16679
0.079117
-0.29241
-0.20039
-0.035338
-0.052839
-0.029507
0.0060136
-0.1689
-0.29062
0.20482
0.055099
-0.29516
-0.16398
-0.13364
0.076723
0.21922
0.20926
-0.21257
-0.41077
0.35356
-0.12502
-0.1243
-0.12739
-0.26488
-0.012853
0.24558
0.049982
-0.30175
-0.28606
0.33302
-0.27115
0.13729
-0.077127
-0.085903
-0.19699
0.073951
-0.19895
-0.10217
0.18803
0.21453
-0.35403
0.38912
-0.12344
-0.083476
-0.4371
-0.098903
-0.36588
0.050288
0.62692
0.027831
-0.33022
0.5738
-0.20906
-0.33168
-0.49641
-0.14698
-0.36527
-0.20841
0.75349
-0.16794
-0.30592
0.52243
0.012772
-0.23857
-0.16668
-0.11939
-0.18378
-0.39063
0.67589
-0.32726
-0.16354
0.10027
0.1863
-0.073127
-0.044585
-0.2238
0.16385
-0.48063
0.40291
-0.35355
-0.057817
-0.03332
0.2079
-0.096934
0.051618
-0.093447
0.58005
-0.35613
0.17605
-0.18325
0.079635
0.034425
0.15016
-0.20589
0.35787
0.017848
0.72103
-0.27694
0.022083
-0.11231
0.092613
0.033002
-0.06285
-0.28842
0.25395
-0.29555
0.58796
-0.24077
-0.028519
-0.037645
-0.13057
-0.17611
-0.24951
-0.14126
0.23619
-0.56127
0.32498
-0.016262
-0.052576
-0.138
-0.087276
-0.17314
-0.19986
-0.027312
0.29366
-0.54472
-0.018347
0.17548
-0.14849
-0.18278
-0.026136
-0.092709
-0.015014
0.1087
0.13687
-0.56328
-0.17099
0.43383
-0.058012
-0.069992
-0.083498
-0.26713
0.043213
0.19804
-0.010492
-0.50582
-0.29175
0.527
0.053231
-0.20385
-0.053224
-0.25937
0.060145
0.37913
0.012059
-0.25092
-0.47242
0.52189
0.042276
-0.29964
-0.063143
-0.11113
0.0055249
0.33866
0.034356
-0.049898
-0.47035
0.37371
-0.0097923
-0.23863
-0.097544
-0.0028009
0.027482
0.36958
-0.1983
0.03726
-0.29885
0.19163
-0.019563
-0.11054
0.029138
0.057815
-0.12256
-0.071432
0.013618
0.14303
0.042884
0.035408
-0.089876
0.20709
0.080004
-0.1402
-0.27751
-0.16025
-0.043621
0.0075464
-0.08477
-0.057401
-0.15777
0.15673
-0.033982
-0.11802
-0.25314
-0.023985
0.020683
0.08452
-0.072033
-0.03449
-0.26219
0.094984
-0.11582
-0.11441
-0.076538
-0.083123
0.036846
0.2167
-0.060901
-0.10142
-0.26701
0.22937
-0.15088
0.029757
-0.004687
-0.18198
-0.11692
0.10656
-0.060684
-0.21971
-0.15603
0.27321
-0.079613
0.14562
-0.02173
-0.030061
-0.11526
0.028735
-0.083106
-0.10811
0.078673
0.24561
-0.13951
0.19525
-0.066876
-0.070995
-0.26584
-0.018348
-0.2478
0.00068931
0.3025
0.079397
-0.24797
0.20166
-0.084432
-0.21517
-0.36332
0.015037
-0.2237
-0.11256
0.41746
-0.14872
-0.23012
0.32644
0.080305
-0.087636
-0.073884
0.054033
-0.12252
-0.21729
0.32878
-0.21935
-0.019281
0.14595
0.15382
-0.031142
0.00078075
-0.07546
0.03136
-0.28028
0.12229
-0.21731
0.14695
-0.00048991
0.16562
0.031819
0.0092426
-0.12686
0.30273
-0.18593
0.0082013
-0.21666
0.24934
-0.0066372
0.082304
-0.082136
0.20513
-0.024981
0.45757
-0.13046
0.01637
-0.094121
0.15915
-0.053992
-0.10449
-0.22747
0.10064
-0.16402
0.36008
-0.11048
-0.0079519
0.025138
-0.056989
-0.06016
-0.23965
-0.23396
0.035011
-0.32561
0.15064
0.064185
0.0044045
-0.17538
-0.058063
-0.16724
-0.27689
-0.21069
0.1159
-0.4671
-0.011938
0.23416
-0.1093
-0.34352
-0.029257
-0.19386
-0.15118
-0.17388
0.016181
-0.56448
-0.016033
0.35233
-0.091715
-0.22211
-0.036904
-0.25259
-0.011043
-0.012816
-0.10827
-0.34977
-0.17355
0.39114
0.017093
-0.20781
0.019465
-0.042236
-0.00093716
0.25653
-0.16964
-0.15895
-0.36529
0.48629
0.030106
-0.21663
-0.05553
0.15826
-0.013118
0.2367
-0.048914
0.027429
-0.29282
0.44708
0.0086997
-0.17559
-0.12528
0.11094
0.13448
0.23341
0.044184
0.15252
-0.17283
0.16721
-0.0087512
-0.11548
-0.0016004
0.021716
0.060418
0.020282
0.067768
0.12866
0.11646
-0.11533
-0.42667
-0.53532
-0.60118
-0.64441
-0.42829
-0.066098
0.22373
0.36099
0.51266
0.56155
0.34096
0.14703
0.084246
0.09528
0.18162
0.15926
0.16239
0.19109
0.12762
-0.13085
-0.41463
-0.57693
-0.73667
-0.7575
-0.35729
0.18896
0.45941
0.53835
0.66741
0.52846
0.13188
-0.022635
-0.013527
0.08581
0.31721
0.29267
0.15324
0.081833
0.015566
-0.19636
-0.44861
-0.63666
-0.77605
-0.69691
-0.20278
0.38197
0.53989
0.59143
0.67735
0.31559
-0.053102
-0.079584
0.011786
0.11723
0.36723
0.35528
0.14714
0.064904
0.0074001
-0.23375
-0.57528
-0.83305
-0.85765
-0.58619
-0.068743
0.40207
0.53862
0.61619
0.52764
0.12189
-0.037785
0.082498
0.22547
0.30205
0.29564
0.2769
0.17999
0.085959
-0.032402
-0.26082
-0.63962
-0.95966
-0.88892
-0.47262
0.038303
0.49979
0.78294
0.77272
0.4296
0.025483
0.025727
0.24467
0.44024
0.37122
0.10842
0.11975
0.13874
-0.05071
-0.28977
-0.47524
-0.76427
-0.97932
-0.85602
-0.43136
0.13203
0.67879
1.0091
0.81839
0.30164
0.015105
0.07637
0.31819
0.49961
0.37433
-0.083657
-0.014258
-0.0039291
-0.23597
-0.5357
-0.80124
-0.91426
-0.8778
-0.74503
-0.33706
0.288
0.84715
0.90836
0.52548
0.048057
-0.15359
0.021766
0.35409
0.59282
0.4323
-0.18279
-0.11503
-0.097808
-0.30267
-0.65669
-0.96479
-0.91153
-0.73585
-0.55509
-0.11275
0.47521
0.78241
0.64326
0.25478
-0.073161
-0.18377
0.0027769
0.37024
0.67735
0.52552
-0.17446
-0.20603
-0.26815
-0.44803
-0.75176
-0.97731
-0.83534
-0.53585
-0.24027
0.2225
0.65154
0.64156
0.31891
0.082935
-0.010715
-0.0075057
0.12382
0.42694
0.69513
0.54391
-0.058132
-0.18689
-0.3947
-0.59163
-0.77647
-0.9173
-0.7605
-0.38447
0.078973
0.60629
0.77752
0.45988
0.030021
-0.1063
-0.081922
0.055759
0.22976
0.47172
0.55847
0.38132
0.065938
-0.1362
-0.42555
-0.65412
-0.82184
-0.81968
-0.59957
-0.16744
0.35472
0.68711
0.6949
0.31915
-0.0063801
-0.19189
-0.18945
0.0073638
0.23624
0.43682
0.40799
0.23666
-0.035136
-0.26118
-0.46718
-0.73282
-0.92948
-0.72241
-0.31783
0.11357
0.54695
0.61924
0.49952
0.26475
0.01039
-0.22548
-0.30079
-0.13282
0.18861
0.44771
0.43142
0.25102
-0.18478
-0.37145
-0.56343
-0.81564
-0.85146
-0.50242
-0.10105
0.27744
0.52636
0.4309
0.32494
0.29687
0.074787
-0.2008
-0.33559
-0.1827
0.20466
0.45521
0.44308
0.22251
-0.27214
-0.41252
-0.61445
-0.76617
-0.60137
-0.19491
0.16606
0.4411
0.45551
0.22266
0.11715
0.20797
0.1013
-0.13518
-0.25961
-0.19464
0.11642
0.37775
0.37353
0.21881
-0.30647
-0.46851
-0.5851
-0.53058
-0.19837
0.12252
0.35257
0.47247
0.36094
0.044974
-0.034092
0.13318
0.095117
-0.061876
-0.16656
-0.23438
-0.051266
0.18264
0.20482
0.13639
-0.23858
-0.46495
-0.45807
-0.25348
0.10609
0.35071
0.4567
0.43265
0.079516
-0.17937
-0.0078518
0.30845
0.22441
0.055533
-0.06792
-0.17757
-0.0020315
0.20995
0.16457
0.034222
-0.23071
-0.35012
-0.30841
-0.10947
0.077601
0.20425
0.24773
0.2035
-0.16842
-0.25197
0.18746
0.5615
0.44933
0.2058
0.0074321
-0.055457
0.16199
0.31041
0.18449
0.014528
-0.1856
-0.25002
-0.26145
-0.13537
-0.012302
-0.0091187
-0.047495
-0.06109
-0.15928
-0.041178
0.37725
0.53828
0.32865
0.059212
-0.09027
-0.036604
0.18413
0.27383
0.1772
0.07159
-0.185
-0.21667
-0.21457
-0.15309
-0.1
-0.10135
-0.13459
-0.12295
-0.010025
0.18858
0.32632
0.26596
0.014265
-0.23361
-0.27657
-0.13998
0.065192
0.13412
0.15916
0.13659
-0.21788
-0.19782
-0.11602
-0.060114
-0.096782
-0.07784
-0.057781
-0.026478
0.16165
0.3213
0.20865
0.019657
-0.10853
-0.23134
-0.28964
-0.24331
-0.066159
0.038041
0.13717
0.12478
-0.074071
-0.1963
-0.22079
-0.12029
0.0020911
0.1778
0.28005
0.13328
0.06382
0.076017
-0.02075
-0.17455
-0.34736
-0.28513
-0.021464
0.14294
0.084257
0.082316
0.13078
0.068831
-0.12164
-0.31292
-0.3549
-0.17728
0.021875
0.18055
0.24003
0.099843
-0.002321
-0.040975
-0.028375
-0.082567
-0.29044
-0.361
-0.19583
0.049616
0.094413
0.04592
0.072494
0.1044
-0.055433
-0.23617
-0.29361
-0.091764
0.10479
0.15016
0.0674
-0.020749
-0.028063
-0.065855
-0.11547
-0.090136
-0.18861
-0.40996
-0.33272
-0.070298
0.068115
-0.035562
0.010601
0.0836
0.026352
-0.17222
-0.21554
0.086059
0.27984
0.18989
0.10995
0.13113
0.087132
-0.058501
-0.19101
-0.18119
-0.22187
-0.39305
-0.40561
-0.18351
-0.0017952
0.027311
0.075979
0.13172
-0.0050744
-0.20455
-0.1896
0.19055
0.37426
0.23434
0.21234
0.29018
0.18558
-0.025916
-0.19891
-0.30134
-0.30676
-0.39629
-0.44051
-0.21893
0.13556
0.3102
0.32288
0.25421
-0.059092
-0.19928
-0.1444
0.17242
0.22401
0.11875
0.1687
0.21813
0.08633
-0.05949
-0.13769
-0.32761
-0.44866
-0.51838
-0.52311
-0.16698
0.25383
0.51826
0.49182
0.33169
-0.12041
-0.1562
0.0043116
0.19325
0.18985
0.11128
0.17089
0.17632
0.069961
-0.041051
-0.14971
-0.29812
-0.54888
-0.75877
-0.6737
-0.26149
0.16255
0.56065
0.66402
0.45876
-0.13963
-0.0016283
0.19948
0.28389
0.2623
0.21517
0.23297
0.24759
0.22274
0.11562
-0.050503
-0.2892
-0.64561
-1.026
-0.88953
-0.29154
0.2065
0.62454
0.73028
0.48485
-0.03144
0.16518
0.26623
0.2862
0.28464
0.25015
0.22357
0.28656
0.33377
0.20268
-0.095307
-0.43743
-0.85187
-1.1537
-0.93637
-0.2496
0.36977
0.62754
0.62767
0.38869
0.022125
0.1255
0.090276
0.087053
0.11225
0.13401
0.16313
0.22846
0.27625
0.15439
-0.18169
-0.60499
-0.98061
-1.1401
-0.80629
-0.030154
0.59759
0.70647
0.62512
0.45753
0.064266
0.029458
0.02817
0.037867
0.043626
0.054163
0.10486
0.17758
0.21568
0.099745
-0.21373
-0.70241
-1.0545
-1.0294
-0.55812
0.26166
0.91396
1.0292
0.81028
0.49295
0.18728
0.074897
0.042173
0.040269
-0.022634
-0.007294
0.093353
0.21131
0.25811
0.10574
-0.24747
-0.77214
-1.1493
-1.0417
-0.40822
0.4624
1.0726
1.1725
0.84542
0.39283
0.10613
-0.070404
-0.13032
-0.068129
-0.10337
-0.080677
0.05314
0.1799
0.23012
0.069257
-0.33016
-0.82332
-1.1312
-0.98271
-0.26366
0.61092
1.1513
1.1602
0.72518
0.3047
-0.15197
-0.28211
-0.31087
-0.19287
-0.2376
-0.2695
-0.10699
0.024225
0.065305
-0.075636
-0.44346
-0.89548
-0.99168
-0.65765
0.090724
0.82569
1.2427
1.1811
0.66809
0.219
-0.20406
-0.21335
-0.19918
-0.17098
-0.27254
-0.3197
-0.15974
-0.116
-0.20649
-0.31796
-0.59249
-0.87378
-0.82873
-0.39335
0.24031
0.90495
1.1986
1.1076
0.69033
0.24333
-0.14216
-0.05114
0.0048611
-0.079666
-0.21053
-0.26699
-0.18679
-0.19931
-0.37897
-0.51689
-0.61356
-0.75167
-0.68783
-0.39302
0.14473
0.83509
1.0027
0.84508
0.64355
0.32923
-0.15028
-0.054948
0.055963
-0.04931
-0.23069
-0.27143
-0.19156
-0.17926
-0.268
-0.37017
-0.45859
-0.51741
-0.4496
-0.36512
0.11299
0.7129
0.79302
0.62411
0.54039
0.369
-0.2127
-0.087998
0.041284
-0.054525
-0.22587
-0.20555
-0.084407
-0.062527
-0.14651
-0.32603
-0.40344
-0.38271
-0.33836
-0.27742
0.13002
0.55207
0.60687
0.59094
0.54481
0.37819
-0.19401
-0.028933
0.0052075
-0.13523
-0.17892
-0.095051
-0.11697
-0.18502
-0.19447
-0.23572
-0.18143
-0.12186
-0.2271
-0.25165
0.0096923
0.28149
0.36998
0.53678
0.60289
0.44845
-0.10006
0.042659
-0.043562
-0.125
-0.089886
-0.08394
-0.17899
-0.22616
-0.20441
-0.11826
0.00773
-0.0036214
-0.2137
-0.25571
-0.06165
0.12889
0.28366
0.44279
0.50599
0.3946
-0.080954
-0.081724
-0.11479
-0.10837
0.016263
0.037139
-0.038953
-0.1139
-0.13947
-0.22694
-0.18863
-0.08887
-0.091898
-0.046874
0.13372
0.27432
0.098407
-0.038794
-0.023565
-0.081176
-0.016533
0.01406
-0.019336
-0.09177
-0.050807
0.002937
-0.014928
-0.094032
-0.17486
-0.34327
-0.37671
-0.29826
-0.24051
-0.099691
0.1013
0.19514
0.16177
0.067506
0.018149
-0.05383
-0.020449
0.036611
0.050065
-0.063715
-0.10539
-0.07496
-0.089251
-0.1011
-0.21933
-0.4108
-0.48983
-0.5486
-0.49959
-0.22838
0.072314
0.1403
0.2167
0.2547
0.19249
0.040233
-0.00043022
-0.011648
0.016046
-0.019279
-0.098704
-0.15847
-0.1596
-0.11881
-0.23857
-0.44415
-0.56487
-0.67877
-0.62458
-0.25556
0.15393
0.24355
0.26889
0.30539
0.23097
0.046882
0.047928
-0.007081
0.00097874
0.022064
-0.092481
-0.27279
-0.26562
-0.14948
-0.26903
-0.526
-0.62755
-0.63092
-0.52956
-0.064034
0.38885
0.39761
0.32172
0.30268
0.18567
0.041978
0.031278
0.0018187
0.014507
0.021881
-0.14803
-0.38736
-0.3555
-0.17679
-0.29476
-0.53275
-0.60093
-0.57149
-0.32339
0.27929
0.68028
0.66196
0.46123
0.27685
0.11985
0.0051553
-0.0066958
-0.076825
-0.088229
-0.16162
-0.28957
-0.39565
-0.29893
-0.16734
-0.28999
-0.55697
-0.68257
-0.64393
-0.16333
0.55296
0.90118
0.83961
0.59985
0.3622
0.17239
0.028696
-0.050293
-0.20318
-0.29789
-0.32769
-0.351
-0.33425
-0.22599
-0.18881
-0.36653
-0.6702
-0.88798
-0.74297
-0.047215
0.6941
0.95999
0.82652
0.63141
0.39494
0.20307
0.04783
-0.10185
-0.21528
-0.35202
-0.351
-0.22867
-0.13774
-0.12646
-0.21038
-0.42141
-0.77019
-1.0215
-0.78529
0.080884
0.90736
1.1036
0.80971
0.51004
0.28841
0.10083
-0.020016
-0.12204
-0.14265
-0.26593
-0.24665
-0.053754
0.034356
-0.053794
-0.15808
-0.29847
-0.72573
-1.0778
-0.74287
0.23045
1.0837
1.3002
0.92871
0.52323
0.25737
0.022966
-0.092376
-0.10445
-0.14479
-0.1959
-0.099229
0.01704
-0.023693
-0.10578
-0.14834
-0.30667
-0.75884
-1.0569
-0.51679
0.47957
1.2035
1.359
1.0231
0.56692
0.23181
-0.03563
-0.13954
-0.090208
-0.15242
-0.16334
-0.025481
0.10769
0.009273
-0.1311
-0.25622
-0.53415
-0.9413
-0.90392
-0.1835
0.67297
1.2021
1.2787
0.97116
0.54724
0.2057
-0.056497
-0.12438
-0.039987
-0.063132
-0.043147
-0.0044641
0.043824
0.015711
-0.13168
-0.36724
-0.76976
-0.98471
-0.61198
0.084229
0.72309
1.1144
1.1563
0.84129
0.47965
0.24977
0.10939
0.036738
-0.0048498
0.0079698
0.03287
0.020684
0.0011875
-0.065793
-0.24273
-0.49536
-0.81157
-0.78352
-0.32326
0.25084
0.63915
0.87318
0.91562
0.76821
0.49195
0.28093
0.19006
0.12141
-0.0069128
-0.020037
0.011862
0.033034
-0.005611
-0.099908
-0.32328
-0.62665
-0.80899
-0.64253
-0.10923
0.39031
0.55249
0.62736
0.72341
0.71433
0.48155
0.2067
0.13319
0.06917
-0.058983
-0.030118
-0.014267
-0.044282
-0.014873
-0.13611
-0.46081
-0.76665
-0.81225
-0.52168
0.084731
0.41043
0.41832
0.51274
0.61976
0.60768
0.39136
0.1638
0.099905
0.023207
-0.070442
-0.083645
-0.083953
-0.02073
0.0061043
-0.23731
-0.62161
-0.81234
-0.70913
-0.28462
0.27882
0.41971
0.35118
0.51683
0.63372
0.53835
0.34136
0.20433
0.089633
-0.042548
-0.050468
-0.11199
-0.1137
0.0087944
0.010109
-0.29322
-0.68802
-0.77551
-0.51639
-0.020281
0.38691
0.4592
0.42831
0.45341
0.54382
0.42896
0.22187
0.17786
0.10633
-0.044355
-0.078282
-0.077881
-0.025947
0.092674
0.052476
-0.2512
-0.59394
-0.61598
-0.28903
0.068687
0.28213
0.35123
0.35069
0.35896
0.39212
0.30023
0.13416
0.12361
0.14432
0.037602
-0.062424
-0.0051478
0.025493
-0.0094268
-0.16049
-0.28658
-0.40407
-0.30549
-0.1326
-0.022815
0.13608
0.24751
0.19269
0.14705
0.19708
0.19796
0.12155
0.1007
0.12436
0.16786
0.18475
0.38325
0.4585
0.1865
-0.15536
-0.21984
-0.25484
-0.28795
-0.16414
0.067221
0.17047
0.054914
-0.012637
0.028869
-0.024114
-0.075462
-0.17852
-0.30123
-0.32312
-0.23205
0.41714
0.65066
0.63984
0.26532
-0.16284
-0.34976
-0.42693
-0.39213
-0.23849
-0.056432
0.074321
-0.0079916
-0.15464
-0.11194
-0.074082
-0.15309
-0.39841
-0.49448
-0.45449
-0.22769
0.52085
0.78758
0.71029
0.29253
-0.14845
-0.42741
-0.56626
-0.53383
-0.36198
-0.24846
-0.15459
-0.151
-0.29185
-0.33249
-0.23456
-0.25352
-0.40485
-0.47331
-0.4423
-0.29996
0.54827
0.92373
0.8026
0.3067
-0.14674
-0.39081
-0.50232
-0.52818
-0.43785
-0.41559
-0.37787
-0.29293
-0.35557
-0.39798
-0.32244
-0.31966
-0.35681
-0.41922
-0.48685
-0.41594
0.60749
0.92416
0.7341
0.2748
-0.1838
-0.37941
-0.33404
-0.34916
-0.36859
-0.43602
-0.49852
-0.37256
-0.2732
-0.31219
-0.31387
-0.3312
-0.34398
-0.42554
-0.52562
-0.38716
0.53917
0.76911
0.58484
0.18983
-0.2473
-0.35706
-0.24383
-0.18817
-0.26461
-0.37493
-0.50421
-0.52175
-0.40157
-0.34502
-0.38056
-0.37569
-0.38656
-0.50992
-0.55069
-0.39322
0.59307
0.86858
0.67084
0.16819
-0.19412
-0.23582
-0.13718
-0.11216
-0.13843
-0.27158
-0.4934
-0.57985
-0.43837
-0.28799
-0.31149
-0.25173
-0.28214
-0.43293
-0.4324
-0.27388
0.91441
1.1747
0.81032
0.32206
0.1188
0.11285
0.16181
0.16336
0.11121
-0.068305
-0.38185
-0.46929
-0.26854
-0.027835
0.019187
0.048386
0.029617
-0.095346
-0.23994
-0.18501
1.1211
1.3177
0.96985
0.61737
0.53653
0.49854
0.50034
0.45038
0.277
0.065767
-0.25282
-0.31638
-0.12313
0.072498
0.096912
0.10417
0.099648
0.066009
-0.058534
-0.125
0.98336
1.2674
1.0606
0.81021
0.72757
0.61243
0.46501
0.31381
0.13774
0.028501
-0.19211
-0.21962
-0.089814
-0.045202
-0.078446
-0.045355
-0.020754
-0.0083594
-0.068528
-0.089036
0.55266
0.83456
0.85147
0.83086
0.86071
0.75086
0.35925
0.093939
0.021178
-0.053063
-0.090897
-0.032014
0.026931
-0.045401
-0.19225
-0.17363
-0.098221
-0.029022
-0.055705
-0.068592
0.26134
0.4925
0.60591
0.67093
0.8217
0.88699
0.52072
0.31995
0.21893
0.05126
0.068663
0.19337
0.14128
-0.069188
-0.35323
-0.35465
-0.16496
0.0016915
0.0087879
-0.05324
0.17394
0.38951
0.44093
0.46201
0.66735
0.89384
0.68537
0.53118
0.37982
0.17091
0.30684
0.44098
0.18353
-0.26349
-0.5937
-0.62993
-0.33985
-0.033544
0.074097
0.050374
0.12796
0.29293
0.29864
0.32099
0.49407
0.64345
0.61811
0.56792
0.41983
0.28197
0.41821
0.48067
0.12368
-0.38933
-0.75115
-0.79594
-0.44641
-0.083151
0.12492
0.12211
0.11056
0.24598
0.20653
0.22711
0.28412
0.30585
0.37112
0.39938
0.29828
0.20018
0.21517
0.1497
-0.16257
-0.53654
-0.76412
-0.80971
-0.5306
-0.17999
-0.0075547
0.13152
0.20983
0.20517
0.092495
0.096396
0.1365
0.14124
0.17718
0.10084
-0.045488
0.011713
0.032494
-0.073769
-0.3369
-0.50582
-0.68087
-0.69101
-0.50015
-0.33282
-0.15051
0.090137
0.12875
0.10564
-0.03833
0.013561
0.10986
0.015916
-0.094343
-0.24129
-0.32504
-0.20534
0.01491
-0.059913
-0.34686
-0.53378
-0.60893
-0.59811
-0.50906
-0.41736
-0.20343
0.035977
0.048898
-0.074491
-0.15137
0.095406
0.25565
0.08188
-0.19248
-0.32407
-0.36014
-0.17936
0.060499
0.020542
-0.30197
-0.54152
-0.60368
-0.73542
-0.75643
-0.48215
-0.12141
0.071605
0.090051
-0.011072
0.051444
0.28512
0.38993
0.20295
0.021686
-0.079172
-0.19071
-0.12465
0.0010274
-0.026017
-0.27269
-0.49565
-0.62837
-0.76089
-0.71367
-0.39434
-0.071509
0.078892
0.15834
0.13881
0.21782
0.29657
0.30586
0.19745
0.10312
0.059686
-0.11876
-0.16725
-0.070943
-0.0709
-0.15283
-0.30865
-0.49526
-0.55016
-0.42336
-0.18397
0.00033286
0.086199
-0.086617
-0.18057
-0.20713
-0.11337
-0.04761
-0.015275
-0.012384
-0.0094085
0.049495
0.0057313
0.053067
0.29288
0.25097
0.052132
0.069751
0.13287
0.14269
0.20738
0.090472
-0.19696
-0.12207
-0.24078
-0.25042
-0.12951
-0.007851
0.07918
-0.062455
-0.20195
-0.23557
-0.12313
0.11126
0.44366
0.41016
0.12231
0.040094
0.10759
0.125
0.18513
0.10894
-0.099891
-0.17575
-0.25688
-0.11965
0.1071
0.26045
0.16178
-0.12489
-0.33549
-0.46108
-0.37939
-0.044576
0.28558
0.32424
0.11014
-0.004325
0.10754
0.14989
0.18486
0.19374
0.13452
-0.21855
-0.19235
0.089727
0.38461
0.54179
0.43911
0.060597
-0.31581
-0.49406
-0.42164
-0.080748
0.12303
0.089276
-0.024107
-0.062034
0.13883
0.22861
0.26583
0.31326
0.22347
-0.21968
-0.07659
0.36947
0.68414
0.84194
0.76214
0.3824
-0.064834
-0.20775
-0.16333
-0.026735
0.0064315
-0.074318
-0.25566
-0.26925
0.027032
0.2373
0.36317
0.47814
0.38488
-0.21095
-0.01474
0.45823
0.81278
0.98545
0.91719
0.57863
0.30133
0.20255
0.061599
-0.09208
-0.096535
-0.15919
-0.47549
-0.57918
-0.29228
0.12931
0.47448
0.69371
0.62943
-0.26082
-0.036346
0.3903
0.71028
0.86696
0.86935
0.64481
0.39099
0.18639
0.03463
-0.0012288
0.029873
-0.17298
-0.61916
-0.86525
-0.61011
-0.10153
0.46563
0.75112
0.64525
-0.31881
0.026864
0.47266
0.60608
0.58424
0.59699
0.42564
0.076448
-0.19656
-0.21157
0.013727
0.053126
-0.2177
-0.63103
-0.92494
-0.73563
-0.28456
0.13726
0.40234
0.36747
-0.37077
-0.023457
0.3497
0.40616
0.30041
0.30664
0.17654
-0.14025
-0.35105
-0.2292
0.016885
0.017361
-0.24265
-0.58271
-0.86011
-0.82122
-0.52597
-0.2161
-0.017737
0.070523
-0.30368
-0.033995
0.26932
0.30746
0.20423
0.21134
0.12511
-0.062541
-0.096085
-0.045839
0.016273
0.030126
-0.090398
-0.34128
-0.57293
-0.66995
-0.63123
-0.39833
-0.11622
-0.04146
-0.19075
0.063665
0.20094
0.16789
0.05312
0.063363
0.14974
0.12109
0.10386
0.020682
-0.012353
0.065462
0.094611
-0.021576
-0.22473
-0.38712
-0.49154
-0.4302
-0.16566
-0.032968
-0.12051
0.13624
0.24227
0.13052
-0.074199
-0.1486
0.0081164
0.10981
0.076024
-0.010541
0.01056
0.10432
0.19085
0.16713
-0.013515
-0.1659
-0.33709
-0.34134
-0.17804
-0.063109
-0.09342
0.12265
0.15872
0.0090534
-0.15922
-0.23812
-0.093284
0.10412
0.14382
0.13247
0.15366
0.27735
0.44345
0.46705
0.24896
-0.028166
-0.35731
-0.47267
-0.34121
-0.15056
-0.20747
-0.070247
-0.034402
-0.18293
-0.25337
-0.26623
-0.20615
-0.04679
0.1095
0.21231
0.30832
0.48194
0.67406
0.68123
0.41495
0.0046692
-0.45493
-0.67433
-0.52715
-0.23815
-0.36668
-0.2159
-0.19765
-0.31275
-0.37788
-0.37063
-0.39952
-0.26387
-0.071683
0.12848
0.45245
0.72997
0.82305
0.69893
0.27574
-0.22524
-0.59905
-0.79693
-0.64572
-0.26776
-0.48577
-0.36029
-0.24458
-0.35457
-0.41893
-0.44446
-0.51895
-0.38559
-0.12217
0.18904
0.68338
0.99468
1.017
0.7032
0.069653
-0.44321
-0.75414
-0.93243
-0.79542
-0.46128
-0.41077
-0.2813
-0.10899
-0.20369
-0.32643
-0.44234
-0.51579
-0.35011
0.0099916
0.47626
0.98129
1.2342
1.1209
0.63198
-0.039544
-0.44687
-0.6836
-0.84471
-0.8421
-0.62042
-0.23291
-0.1149
0.082963
0.097656
-0.091327
-0.3667
-0.53372
-0.40545
0.035458
0.57512
1.0914
1.2983
1.1099
0.5718
-0.01716
-0.32354
-0.48878
-0.70962
-0.82529
-0.63097
-0.088536
0.037201
0.22297
0.2836
0.04369
-0.30829
-0.59285
-0.52343
-0.16931
0.29865
0.72943
0.96514
0.9168
0.52806
0.08843
-0.20667
-0.43506
-0.59069
-0.717
-0.58267
-0.013405
0.007835
0.083428
0.11909
-0.0019831
-0.19632
-0.38379
-0.41216
-0.22087
0.074683
0.36596
0.60169
0.57398
0.33063
0.1283
-0.061138
-0.26115
-0.37687
-0.45795
-0.40371
0.035098
-0.15046
-0.21306
-0.36175
-0.47567
-0.33772
-0.29454
-0.15474
0.25063
0.53722
0.48877
0.43103
0.3791
0.21105
0.021604
-0.028178
-0.035984
-0.015296
0.028609
0.00025617
0.041766
-0.048242
-0.25061
-0.42191
-0.44874
-0.37055
-0.38789
-0.1895
0.21262
0.51476
0.65056
0.72364
0.60068
0.30322
0.14468
0.18264
0.18129
0.19921
0.25762
0.12126
-0.11038
-0.14502
-0.33603
-0.47717
-0.37476
-0.3454
-0.38261
-0.18046
0.070715
0.32854
0.60787
0.75
0.60447
0.25664
0.13549
0.28198
0.31153
0.29019
0.30648
0.15359
-0.19361
-0.33036
-0.52597
-0.61289
-0.50701
-0.33358
-0.30625
-0.1677
0.027265
0.25002
0.46958
0.57035
0.50613
0.18734
0.020093
0.18467
0.23668
0.16819
0.16547
0.11678
-0.25112
-0.31363
-0.3666
-0.43569
-0.41202
-0.28249
-0.3495
-0.25553
0.038968
0.35757
0.44824
0.37137
0.30356
0.019089
-0.10934
0.069149
0.14479
0.068653
0.089474
0.15314
-0.22285
-0.070524
0.10515
0.10707
-0.07198
-0.27711
-0.57247
-0.50943
0.067526
0.65047
0.69515
0.38801
0.096879
-0.21122
-0.32583
-0.16151
0.064194
0.14206
0.15044
0.1983
-0.097323
0.15241
0.45871
0.41958
0.11385
-0.30686
-0.74704
-0.74777
0.0037432
0.78387
1.0595
0.7537
0.27827
-0.14452
-0.33626
-0.28978
-0.065672
0.11006
0.12712
0.16957
0.0041568
0.18705
0.31075
0.25023
-0.0047207
-0.30322
-0.81051
-1.0087
-0.39253
0.61476
1.2
1.0629
0.53375
0.062004
-0.20918
-0.37113
-0.26975
-0.07336
0.03705
0.11428
0.041057
0.13205
0.17776
0.13798
0.043352
-0.17689
-0.71921
-1.1249
-0.75383
0.24717
1.0314
1.1888
0.75265
0.2566
-0.076816
-0.23445
-0.30829
-0.11636
0.14353
0.23917
0.016403
0.00072777
0.14361
0.27942
0.25335
-0.029271
-0.59495
-1.0555
-0.93505
-0.22015
0.6352
1.0657
0.84676
0.37938
0.059946
-0.10184
-0.28921
-0.11123
0.20736
0.23918
-0.024001
-0.08688
0.096357
0.34438
0.39774
0.047905
-0.60312
-1.0193
-1.0198
-0.53892
0.214
0.75503
0.75596
0.33091
0.032541
-0.101
-0.24289
-0.14162
0.029668
0.065598
-0.063312
-0.11124
0.084437
0.42743
0.53899
0.20273
-0.43141
-0.88431
-0.97898
-0.66546
-0.049985
0.50778
0.62401
0.3309
0.062215
-0.023469
-0.041383
-3.1779e-05
-0.014162
-0.011459
-0.073513
-0.052648
0.17521
0.51334
0.51508
0.22901
-0.26501
-0.73718
-0.88639
-0.72742
-0.34111
0.20434
0.50532
0.43747
0.20009
0.063797
0.025609
-0.030285
-0.11244
-0.12483
-0.06714
-0.025357
0.21797
0.55649
0.39845
0.1001
-0.30328
-0.66101
-0.73911
-0.69427
-0.55419
-0.11835
0.26843
0.40213
0.27456
0.16037
0.088344
-0.048116
-0.1577
-0.1933
-0.065956
-0.072969
0.09363
0.34879
0.26677
0.098217
-0.18953
-0.50343
-0.52715
-0.57507
-0.57873
-0.31982
0.025807
0.24311
0.36789
0.34151
0.27858
0.15437
-0.0078925
-0.16287
-0.13305
-0.11287
-0.10499
0.042588
0.094892
0.076729
-0.075341
-0.3558
-0.49398
-0.59847
-0.61921
-0.46921
-0.18371
0.11349
0.37603
0.43476
0.4137
0.39009
0.17086
-0.040947
-0.1667
-0.12749
-0.12708
-0.1313
-0.0098484
0.083941
0.0071507
-0.30977
-0.52562
-0.57891
-0.61054
-0.6301
-0.48824
-0.09788
0.28642
0.34241
0.37526
0.40072
0.2611
0.069641
-0.06453
-0.14103
-0.23102
-0.33665
-0.20587
0.025826
0.038987
-0.2651
-0.51587
-0.53843
-0.549
-0.62325
-0.58034
-0.2034
0.22619
0.36891
0.4213
0.47912
0.32245
0.11891
0.062224
-0.07244
-0.25179
-0.34744
-0.27236
-0.14494
-0.094719
-0.25549
-0.45945
-0.48762
-0.45088
-0.41913
-0.40845
-0.14042
0.32085
0.53607
0.68025
0.69685
0.48484
0.22568
0.021416
0.024066
-0.086344
-0.15196
-0.18559
-0.21059
-0.21489
-0.19681
-0.27291
-0.3894
-0.36923
-0.259
-0.20482
-0.037249
0.24339
0.48326
0.68873
0.71212
0.48951
0.2286
0.1601
0.19486
0.051455
0.034774
0.028596
0.058489
0.15882
0.14761
0.113
0.03811
-0.21407
-0.37923
-0.45009
-0.60213
-0.5011
-0.069451
0.35718
0.47488
0.336
0.093974
0.19351
0.026982
-0.24159
-0.18081
-0.054259
0.038947
0.11921
0.057252
-0.069339
-0.2515
-0.516
-0.6609
-0.75864
-0.81004
-0.52038
0.085645
0.4728
0.47613
0.32446
0.18379
-0.016617
-0.27323
-0.45813
-0.36274
-0.27597
-0.18455
-0.0045257
-0.0095344
-0.11459
-0.28222
-0.4902
-0.66914
-0.75626
-0.65716
-0.23228
0.26102
0.45645
0.35848
0.22327
0.13146
-0.066883
-0.25014
-0.33758
-0.31753
-0.2621
-0.12067
0.030305
-0.021549
-0.1183
-0.20672
-0.41071
-0.62607
-0.63048
-0.3871
0.019475
0.32147
0.27253
0.099533
0.053664
0.059267
0.018674
-0.050489
-0.13079
-0.15778
-0.040843
0.12672
0.12683
-0.060558
-0.20133
-0.3023
-0.46812
-0.59727
-0.46637
-0.11034
0.18113
0.35853
0.23054
0.05537
0.048143
0.066977
-0.11361
-0.035925
0.029913
0.10301
0.23416
0.2296
0.030472
-0.18268
-0.38162
-0.55802
-0.5823
-0.41727
-0.037176
0.22124
0.26959
0.28869
0.23421
0.12993
0.085184
0.03014
-0.096739
0.0092925
0.21265
0.45048
0.49484
0.27983
0.028459
-0.18207
-0.49089
-0.71748
-0.64573
-0.21537
0.38743
0.60026
0.38171
0.18257
0.1692
0.057295
-0.043336
0.0057882
-0.12663
-0.09743
0.27992
0.6013
0.55491
0.28734
0.028831
-0.22824
-0.57388
-0.77861
-0.6038
-0.010758
0.60648
0.70099
0.42362
0.14414
0.14726
0.042205
-0.11066
-0.03058
-0.2136
-0.059105
0.37353
0.56725
0.46009
0.1737
-0.090132
-0.34842
-0.64646
-0.76173
-0.38286
0.32454
0.67399
0.55441
0.33381
0.21246
0.22851
0.084208
-0.085667
0.016443
-0.10559
0.16763
0.38038
0.3916
0.25334
0.00021279
-0.27656
-0.48789
-0.66092
-0.59413
0.053789
0.71713
0.68514
0.36296
0.23526
0.23456
0.18961
0.04304
-0.056224
0.019209
-0.0066065
0.23914
0.21205
0.11028
0.013693
-0.22996
-0.42639
-0.61848
-0.66639
-0.27074
0.49088
0.84476
0.5789
0.24443
0.13162
0.067484
-0.032903
-0.10349
-0.07374
-0.0086653
0.12429
0.25748
0.14512
0.036901
-0.10087
-0.35505
-0.56716
-0.74804
-0.49851
0.16972
0.71206
0.72362
0.47458
0.25277
0.11383
-0.064248
-0.16074
-0.1304
-0.061069
-0.0097982
0.17945
0.19614
0.12037
0.034743
-0.17808
-0.51184
-0.86734
-0.8626
-0.2232
0.61867
0.81199
0.60569
0.33663
0.16023
0.039519
-0.086203
-0.063427
0.026776
0.055183
0.054862
0.20012
0.10204
0.023726
-0.1266
-0.44001
-0.8356
-1.1268
-0.77654
0.15038
0.8157
0.84071
0.40529
0.026874
-0.1503
-0.14345
-0.12788
-0.063736
0.031597
0.078232
0.026419
0.09927
-0.028435
-0.15462
-0.31563
-0.67104
-1.0079
-0.983
-0.27264
0.53961
0.94355
0.81005
0.2889
-0.12902
-0.23827
-0.24202
-0.21433
-0.067769
0.046529
0.073246
0.030769
-0.040689
-0.22151
-0.38374
-0.54975
-0.78399
-0.85316
-0.44966
0.30725
0.83615
0.9969
0.71448
0.21451
-0.087151
-0.12477
-0.16526
-0.16409
-0.0016873
0.19899
0.25139
0.12729
-0.070886
-0.34638
-0.58522
-0.74594
-0.7286
-0.39921
0.24771
0.82067
1.0541
0.91522
0.56497
0.088783
-0.13455
-0.13126
-0.1748
-0.18014
0.00026168
0.24754
0.32963
0.18963
-0.11487
-0.37358
-0.57556
-0.69049
-0.53453
0.083793
0.78583
1.1964
1.1505
0.74334
0.36624
0.043074
-0.076417
-0.081858
-0.13828
-0.14421
0.032227
0.16718
0.17162
0.0986
-0.18574
-0.34218
-0.4334
-0.56538
-0.36097
0.26572
0.81655
1.0044
0.78853
0.45677
0.22188
0.096077
0.042299
0.011915
-0.053128
-0.024595
0.076946
0.03605
0.0078912
0.020845
-0.2988
-0.30552
-0.31357
-0.38185
-0.19822
0.25151
0.58474
0.71244
0.4866
0.22436
0.11183
0.091077
0.035438
0.0082316
-0.01158
-0.0049575
0.0083925
-0.022451
0.015457
0.051166
-0.17751
-0.23662
-0.15538
0.027462
0.27999
0.5077
0.76457
0.88099
0.61202
0.14034
-0.16237
-0.425
-0.48517
-0.12753
0.12163
0.047893
-0.047778
-0.036809
0.061166
0.11828
-0.35634
-0.3991
-0.23117
0.094042
0.47268
0.8901
1.1825
1.1646
0.80197
0.23421
-0.24297
-0.53023
-0.46909
-0.18113
0.00056968
-0.082432
-0.15173
-0.15633
-0.14045
-0.057996
-0.53695
-0.61243
-0.32569
0.12025
0.54532
1.0559
1.2607
1.0837
0.69549
0.22624
-0.27659
-0.52903
-0.44713
-0.18972
-0.019484
-0.074052
-0.14005
-0.23729
-0.31242
-0.20818
-0.57959
-0.67982
-0.43444
0.001106
0.42883
0.90003
1.0035
0.79601
0.48611
0.13968
-0.21073
-0.36498
-0.33475
-0.125
0.069762
-0.0082635
-0.1502
-0.2608
-0.30182
-0.12964
-0.66505
-0.71431
-0.44042
-0.016895
0.42804
0.79235
0.82279
0.57584
0.22694
-0.071181
-0.1732
-0.27084
-0.31912
-0.18064
0.028079
-0.029171
-0.28514
-0.40629
-0.33766
-0.2103
-0.63458
-0.61952
-0.20825
0.19057
0.50756
0.7232
0.69963
0.48456
0.089591
-0.236
-0.25433
-0.30395
-0.35186
-0.20621
-0.05169
-0.13631
-0.43248
-0.46222
-0.31367
-0.212
-0.4932
-0.50021
-0.037322
0.39257
0.52613
0.59207
0.58421
0.3969
0.019227
-0.33209
-0.38418
-0.35041
-0.23771
-0.093991
-0.11294
-0.27672
-0.42833
-0.36361
-0.152
-0.02512
-0.43294
-0.42572
-0.027022
0.41079
0.51249
0.53435
0.40271
0.18547
-0.071373
-0.33891
-0.37494
-0.26472
-0.12613
-0.090778
-0.25209
-0.33775
-0.31653
-0.23546
-0.054725
0.080116
-0.47677
-0.30276
0.038907
0.37423
0.50007
0.48636
0.26528
0.038939
-0.11602
-0.2712
-0.26221
-0.15029
-0.057518
-0.067884
-0.2201
-0.31788
-0.21804
-0.14799
-0.13549
-0.0075798
-0.37925
-0.12523
0.1953
0.41931
0.37326
0.36386
0.2555
0.057715
-0.18028
-0.37919
-0.37072
-0.19303
0.003474
0.074701
-0.0071824
-0.17392
-0.1945
-0.18173
-0.19449
-0.10066
-0.26643
0.10192
0.56119
0.65017
0.35614
0.11479
0.069975
-0.076122
-0.31916
-0.48365
-0.5041
-0.26658
0.00669
0.088163
0.039129
-0.0088061
-0.089594
-0.18488
-0.21203
-0.10438
-0.1196
0.4085
0.87379
0.83307
0.41725
0.065213
-0.15381
-0.32841
-0.45979
-0.44812
-0.44672
-0.21777
0.026772
0.073952
0.055359
0.10177
0.020731
-0.15742
-0.29258
-0.27177
0.22064
0.78524
1.1045
0.84744
0.49808
0.13079
-0.21765
-0.47885
-0.58843
-0.5582
-0.4943
-0.2413
-0.013506
0.046263
0.10161
0.17456
0.044325
-0.21129
-0.43423
-0.47993
0.5025
1.0183
1.069
0.79367
0.60432
0.26681
-0.11241
-0.38668
-0.63227
-0.70871
-0.64407
-0.46107
-0.19261
-0.035691
0.083637
0.15936
-0.039848
-0.25631
-0.40661
-0.41659
0.56701
0.99081
0.96558
0.78935
0.7442
0.45637
0.14191
-0.21267
-0.53227
-0.61335
-0.68283
-0.70324
-0.41579
-0.14434
0.014646
0.087975
-0.08946
-0.24102
-0.20108
-0.12775
0.34723
0.73898
0.87989
0.92324
0.90072
0.58638
0.2281
-0.13532
-0.39177
-0.44388
-0.54945
-0.60855
-0.39015
-0.21712
-0.030235
0.10628
-0.026222
-0.13609
-0.023153
0.052285
0.14967
0.56304
0.82831
0.89071
0.8013
0.51243
0.18101
-0.12323
-0.31599
-0.39691
-0.44059
-0.33861
-0.24107
-0.15863
0.03189
0.10061
-0.015481
-0.098018
-0.005202
0.093641
0.11638
0.44279
0.69054
0.65821
0.49508
0.30272
0.002129
-0.30317
-0.46224
-0.5484
-0.48606
-0.29746
-0.17383
-0.08856
0.047293
0.0082467
-0.16381
-0.32088
-0.25757
-0.092884
0.059476
0.25002
0.44238
0.39259
0.36912
0.30663
0.025011
-0.32462
-0.46137
-0.50853
-0.45286
-0.29952
-0.19309
-0.1453
-0.11507
-0.19775
-0.35678
-0.45767
-0.38366
-0.24271
-0.06648
0.17438
0.36961
0.3678
0.44082
0.42569
0.17284
-0.12955
-0.24241
-0.3032
-0.32405
-0.21545
-0.15288
-0.1288
-0.13389
-0.23237
-0.32085
-0.35359
-0.25087
-0.16345
-0.11796
-0.088703
-0.07473
-0.2008
-0.25633
0.011061
0.27241
0.32428
0.29519
0.18777
0.017667
-0.031342
0.098683
0.25378
0.17831
-0.083828
-0.29284
-0.49986
-0.52985
-0.39315
-0.19094
-0.19904
-0.26226
-0.2713
-0.19955
0.10479
0.44477
0.56885
0.46281
0.25375
0.037433
-0.03343
0.085406
0.3031
0.19431
-0.14569
-0.41605
-0.51888
-0.49916
-0.38051
-0.18933
-0.26301
-0.33218
-0.29257
-0.14027
0.12677
0.43365
0.67681
0.63052
0.40348
0.13481
-0.026608
-0.0061513
0.11254
0.043628
-0.21794
-0.44309
-0.48933
-0.49684
-0.36409
-0.1956
-0.31023
-0.40936
-0.40361
-0.28414
0.0097362
0.48261
0.87189
0.84869
0.60707
0.33697
0.084943
-0.058355
-0.026279
-0.071431
-0.29923
-0.48926
-0.53661
-0.5787
-0.416
-0.20212
-0.35711
-0.55944
-0.6114
-0.57448
-0.2915
0.40464
0.98602
1.0585
0.84628
0.57975
0.29341
0.072735
0.0070488
-0.073021
-0.2697
-0.47701
-0.56688
-0.62137
-0.43996
-0.20344
-0.3656
-0.58266
-0.74654
-0.82421
-0.54585
0.307
1.0739
1.1662
0.92503
0.70313
0.51409
0.26475
0.099339
-0.034809
-0.2595
-0.48477
-0.57033
-0.61928
-0.44296
-0.14128
-0.38168
-0.65505
-0.80724
-0.83145
-0.5362
0.31838
1.0747
1.1925
0.94091
0.6575
0.52389
0.40264
0.19048
0.0089633
-0.21495
-0.4086
-0.49646
-0.54854
-0.40593
-0.010339
-0.30945
-0.6645
-0.79589
-0.75216
-0.52327
0.18979
0.95452
1.1767
1.0148
0.6875
0.50084
0.46043
0.27592
0.040196
-0.19171
-0.35516
-0.44023
-0.47149
-0.32251
0.0095445
-0.21327
-0.59916
-0.76636
-0.75594
-0.58866
0.0033148
0.77154
1.0594
1.0452
0.80185
0.59627
0.49842
0.36002
0.13629
-0.1032
-0.28413
-0.41703
-0.40596
-0.22847
-0.0056277
-0.11981
-0.40255
-0.63162
-0.75608
-0.59517
-0.1319
0.47465
0.79969
0.85736
0.8054
0.72329
0.60107
0.42597
0.16691
-0.083817
-0.26275
-0.33644
-0.35103
-0.21981
-0.071511
-0.1156
-0.21204
-0.41977
-0.63778
-0.58259
-0.30687
0.13133
0.46127
0.65354
0.74876
0.77402
0.6456
0.41178
0.12944
-0.14039
-0.28516
-0.17659
-0.13239
-0.088573
-0.15762
-0.2114
-0.28113
-0.42923
-0.55676
-0.47897
-0.31833
-0.031703
0.31958
0.63769
0.77026
0.70196
0.58399
0.40478
0.18027
-0.032238
-0.13243
-0.044742
0.061031
0.056751
-0.036317
-0.13241
-0.32245
-0.44637
-0.52326
-0.50835
-0.33336
0.024238
0.37234
0.64272
0.76081
0.67696
0.60586
0.43168
0.15643
-0.020122
-0.085648
-0.056846
0.086325
0.12304
0.26962
0.14172
-0.1577
-0.30778
-0.45741
-0.59771
-0.42775
-0.083779
0.20454
0.41577
0.56752
0.53575
0.46814
0.3598
0.15998
-0.051986
-0.16674
-0.10133
0.12829
0.18952
0.40854
0.36289
0.078393
-0.19236
-0.46907
-0.68167
-0.49037
-0.20191
-0.028521
0.25797
0.44831
0.39187
0.28428
0.2456
0.15377
-0.026986
-0.14989
-0.11393
0.0085753
0.021925
0.34085
0.41346
0.17391
-0.13651
-0.48719
-0.71047
-0.55721
-0.28725
-0.077804
0.2283
0.38403
0.38828
0.29033
0.22032
0.13067
0.042842
-0.012227
-0.014139
-0.10276
-0.18095
0.28096
0.38912
0.21243
-0.13764
-0.43156
-0.56849
-0.54851
-0.40237
-0.15982
0.077793
0.2019
0.31991
0.29223
0.17399
0.072313
0.0043869
-0.026874
0.016456
-0.028797
-0.12217
0.17388
0.27538
0.1585
-0.1893
-0.40211
-0.4534
-0.51043
-0.44936
-0.25885
-0.02589
0.12411
0.20326
0.16982
0.055963
0.01896
-0.043648
-0.057462
-0.026924
0.025909
-0.01437
0.074061
0.11156
0.048308
-0.19959
-0.35116
-0.399
-0.37258
-0.31722
-0.19302
0.018088
0.2315
0.23835
0.081083
0.016163
0.033046
0.055736
0.0098468
-0.034982
-0.064134
-0.066015
0.059406
0.097373
0.037637
-0.097591
-0.20812
-0.27178
-0.23846
-0.16494
-0.095088
0.11827
0.32928
0.29124
0.13964
0.027771
0.061196
0.12101
0.052863
-0.074041
-0.15692
-0.018194
-0.24974
-0.38203
-0.4058
-0.15641
0.1607
0.09805
0.014446
0.018043
-0.10528
-0.096992
-0.098747
-0.10985
-0.032524
0.04263
0.13846
0.14221
0.054567
0.081547
0.17549
0.072233
-0.24588
-0.41732
-0.55295
-0.35144
0.090517
0.22776
0.18
0.065702
-0.077148
-0.038767
0.055339
-0.028261
-0.03018
0.041074
0.031972
0.024349
0.041152
0.13877
0.22092
0.065818
-0.18649
-0.38931
-0.62299
-0.51403
0.022705
0.33781
0.27983
0.17712
0.10965
0.087417
0.065945
-0.037478
-0.040258
-0.012692
-0.10583
-0.041374
0.15873
0.31693
0.2495
0.0030388
-0.23897
-0.44984
-0.5784
-0.37003
0.14661
0.40455
0.33041
0.28061
0.20697
0.11172
-0.019779
-0.18175
-0.14701
-0.059738
-0.054629
0.099818
0.27982
0.32943
0.2467
0.012984
-0.35397
-0.60305
-0.65152
-0.34406
0.20943
0.44159
0.4555
0.42972
0.28794
0.10258
-0.11213
-0.29508
-0.26059
-0.12451
-0.018265
0.11042
0.19825
0.1699
0.078296
-0.0073136
-0.41899
-0.76451
-0.80939
-0.44187
0.15189
0.47463
0.5894
0.5435
0.34328
0.16233
-0.063886
-0.22339
-0.20639
-0.10442
-0.062879
0.0010816
0.044011
-0.0084112
-0.084179
-0.081833
-0.3887
-0.76344
-0.83935
-0.48158
0.13126
0.51876
0.67126
0.57777
0.34092
0.17391
-0.0048896
-0.11025
-0.13591
-0.10377
-0.094935
-0.061295
-0.037274
-0.070919
-0.11006
-0.083981
-0.36737
-0.73048
-0.86878
-0.48675
0.24329
0.63823
0.67674
0.5278
0.33969
0.13324
0.033575
0.0046918
0.02352
-0.010285
-0.038357
-0.031286
-0.039453
-0.042755
-0.051249
-0.05891
-0.47361
-0.79504
-0.92422
-0.45268
0.38444
0.78241
0.66664
0.51459
0.43344
0.19447
0.042279
0.047102
0.14365
0.15061
0.092368
0.036071
-0.01279
-0.03059
-0.067589
-0.13018
-0.56167
-0.92229
-0.99154
-0.48159
0.40029
0.90621
0.83154
0.68332
0.55605
0.32068
0.13942
0.05193
0.14087
0.22986
0.24188
0.13455
-0.018377
-0.13253
-0.15458
-0.14877
-0.62703
-1.0145
-1.0898
-0.53968
0.41172
1.0019
1.0806
0.87362
0.53642
0.2827
0.21263
0.15553
0.15159
0.13238
0.12012
0.092582
-0.016158
-0.17692
-0.19417
-0.12634
-0.71687
-1.0487
-1.0647
-0.48034
0.41647
1.006
1.1331
0.85909
0.39995
0.13201
0.14302
0.13428
0.14191
0.049273
-0.097558
-0.11412
-0.094021
-0.19377
-0.26107
-0.17345
-0.76749
-1.0086
-0.93348
-0.43596
0.30652
0.85106
1.0331
0.80103
0.43653
0.19453
0.0738
0.025922
0.018279
-0.081167
-0.22207
-0.28488
-0.24256
-0.24232
-0.29309
-0.20857
-0.75962
-0.96929
-0.89625
-0.44176
0.2929
0.80474
0.94534
0.71327
0.48884
0.35163
0.15329
-0.0094134
-0.056859
-0.17868
-0.32667
-0.34434
-0.3101
-0.29533
-0.33008
-0.23668
-0.73882
-0.93999
-0.92807
-0.41038
0.46161
0.89319
0.86407
0.62751
0.43345
0.3781
0.27087
0.093326
0.02731
-0.091903
-0.19297
-0.21314
-0.20681
-0.24882
-0.24984
-0.12523
-0.73349
-0.94501
-0.90685
-0.31904
0.54893
0.86302
0.77246
0.5514
0.39958
0.34152
0.26584
0.077158
-0.036341
-0.10465
-0.15555
-0.13848
-0.073617
-0.086001
-0.090732
0.0056407
-0.66904
-0.909
-0.90975
-0.29641
0.55079
0.82365
0.76558
0.60029
0.44569
0.35335
0.20349
-0.027006
-0.15423
-0.18623
-0.13634
-0.066443
-0.041513
-0.057384
-0.10443
-0.031748
-0.54977
-0.75454
-0.80308
-0.29474
0.47539
0.78078
0.77472
0.67176
0.4791
0.31284
0.089056
-0.087747
-0.1615
-0.1612
-0.093566
-0.080831
-0.10029
-0.086376
-0.11509
-0.033161
-0.41442
-0.52959
-0.59086
-0.24712
0.3037
0.57733
0.63529
0.60433
0.43065
0.14691
-0.050263
-0.059047
-0.098914
-0.059352
-0.077354
-0.1507
-0.11281
0.01113
0.075538
0.088303
-0.24067
-0.33022
-0.39561
-0.19682
0.080571
0.26239
0.35913
0.38565
0.26658
0.009111
-0.036538
0.034255
0.035224
0.060289
-0.016064
-0.10585
-0.03671
0.083719
0.12833
0.10911
-0.90723
-0.95374
-0.95392
-0.98552
-0.97812
-1.0023
-0.88507
-0.97983
-0.9271
-0.98878
-0.0047176
-0.0044021
-0.00012372
0.0019565
0.0006868
-0.0035253
-0.0077109
-0.009627
-0.0050879
0.0023543
0.0076433
0.006575
0.0035553
0.0013352
-0.0064346
-0.0091296
-0.00036888
0.0055736
0.0044063
0.003259
-0.0039224
0.0056444
0.014476
0.01057
0.0019657
-0.0055261
-0.0098091
-0.010008
-0.00025934
0.0089213
0.011008
0.0085215
0.007144
0.0039896
-0.006392
-0.0075663
0.0017731
0.0072189
0.0027657
-0.0030844
0.00043775
0.0088407
0.019655
0.015586
-0.00064427
-0.013035
-0.013728
-0.0098531
0.0046172
0.015977
0.015425
0.0094854
0.0026436
0.00025521
-0.0063253
-0.0074719
-0.0020221
7.8018e-05
-0.0060417
-0.0077742
0.0018341
0.0023612
0.0072036
0.0071526
-0.0040418
-0.017175
-0.014862
-0.0067735
0.0041986
0.011414
0.012854
0.010457
0.00083223
-0.00354
-0.009532
-0.015094
-0.012065
-0.0079636
-0.0090416
-0.0089758
0.0071468
0.0034258
-0.00030076
-0.00047013
-0.0045273
-0.011164
-0.0082087
-0.0044874
0.00073755
0.0066581
0.0093759
0.0049707
-6.7693e-05
0.00014046
-0.0050204
-0.0098298
-0.013137
-0.012594
-0.0083767
-0.0059113
0.014401
0.013782
0.0089835
0.0019985
-0.0037203
-0.0059248
-0.0018773
-0.003768
-0.004261
0.0037404
0.0064048
-0.0015266
-0.003368
0.0025928
0.0073977
0.0039188
-0.009392
-0.019735
-0.012835
-0.0021136
0.017464
0.015038
0.008004
-0.0010031
-0.0066407
-0.0070416
-0.0089346
-0.011938
-0.010278
0.00075626
-0.00024065
-0.0054642
-0.0029015
0.0011186
0.0096933
0.011456
-0.001757
-0.020291
-0.021754
-0.015112
0.013341
0.0065931
-0.0039888
-0.0094052
-0.0069835
-0.0062199
-0.01156
-0.011518
-0.0049077
0.0016236
-0.0050793
-0.011534
-0.011138
-0.0049398
0.004189
0.0054977
0.00010327
-0.012305
-0.019698
-0.0178
0.0053375
-0.0034233
-0.01006
-0.012746
-0.010521
-0.0086941
-0.003399
-0.00084036
0.0039206
0.0042201
-0.00050034
-0.011934
-0.017761
-0.010157
-0.0035355
-0.0021987
0.00044664
-0.003657
-0.0093221
-0.0070469
0.0050134
-0.0043933
-0.010341
-0.010695
-0.010824
-0.010774
0.00028612
0.00671
0.0094856
0.0046875
-0.0026756
-0.016157
-0.022637
-0.011634
-0.00046298
0.0023472
0.00044155
-0.0060249
-0.009613
-0.0087943
0.010452
0.00819
-0.0038445
-0.008168
-0.0068142
-0.0045179
0.0050446
0.009682
0.014665
0.0052786
-0.012463
-0.026505
-0.028545
-0.012151
0.0024413
0.0033252
-0.0050919
-0.012015
-0.011584
-0.0081961
0.013831
0.015881
0.0039619
-0.001832
0.00014417
0.0042411
0.0070014
0.0081543
0.012635
0.0084733
-0.0062407
-0.016703
-0.023514
-0.016821
-0.0069531
-0.0088027
-0.01691
-0.02012
-0.010476
0.00048322
0.010747
0.0087975
0.0031584
-0.00073215
-0.0037107
-0.0060304
-0.0062367
-0.0035134
0.00067653
-0.0022086
-0.0044291
-0.0077627
-0.018584
-0.020763
-0.013972
-0.012617
-0.019612
-0.020265
-0.0088264
0.0015827
0.011954
0.0072348
0.0025564
-0.0033845
-0.010082
-0.0097573
-0.0036521
-8.2876e-05
-0.003231
-0.0082409
-0.0071224
-0.0087698
-0.016941
-0.018262
-0.012529
-0.0070201
-0.010695
-0.010296
-0.0036435
-0.0021758
0.013076
0.013785
0.011253
0.0043092
0.0032585
0.0081428
0.01003
0.0063439
-0.0013001
-0.0040287
-0.0056513
-0.0083206
-0.013813
-0.013811
-0.007695
-0.0017878
-0.0064271
-0.0059428
-0.0036208
-0.0098267
0.015421
0.019641
0.012813
0.0048802
0.0073612
0.011848
0.0086598
0.0021778
0.00084579
0.0016559
-0.006254
-0.012899
-0.01121
-0.0079916
9.4904e-05
0.0017775
-0.0060935
-0.0065768
-0.0063369
-0.0095347
0.01446
0.019259
0.013042
0.0033284
-0.00063356
-0.0010008
-0.00099397
-0.0022673
0.00040401
-6.9698e-05
-0.010498
-0.014064
-0.011764
-0.0077093
0.0016436
0.0028377
-0.0089449
-0.01135
-0.0065058
-0.0028332
0.0097868
0.01839
0.017069
0.0032517
-0.0045139
-0.0059326
-0.0020981
0.0018878
0.00016092
-0.0086616
-0.013321
-0.0091009
-0.0050327
-0.0014999
0.0042892
0.0016904
-0.0084952
-0.011966
-0.0081561
-0.0041039
0.013736
0.017958
0.017353
0.0063593
-0.0015355
-0.00079994
0.00098436
0.0044162
0.0012656
-0.0095437
-0.010899
-0.0063298
-0.0012683
0.0053612
0.0052722
-0.0047573
-0.011724
-0.010808
-0.013515
-0.010286
0.018298
0.0085378
0.0078285
0.0049903
0.005802
0.0056519
0.0024604
-0.00043264
-0.0057617
-0.010283
-0.0098185
-0.0095164
-0.0032088
0.0043987
0.0029125
-0.0026814
-0.0080169
-0.0088
-0.011733
-0.0069497
