-0.24101
-0.0025211
-0.000953
0.0013711
0.89861
-0.0021568
-0.099071
-0.0041047
0.0052245
-0.0032964
0.0023387
0.05059
-0.7693
-0.0085377
0.019561
-0.032539
0.0066938
-0.48794
0.018827
-0.15052
0.0049766
-0.042527
-0.66433
-0.0096411
0.48183
-0.00075752
1.2824
0.00022403
1.2412
0.15264
8.1301e-05
-0.40419
-0.0056866
-0.0021382
0.65833
-0.0014549
-0.019008
-0.0034827
-0.0016619
-0.41234
0.00047973
-0.0039502
0.019096
-0.0076989
0.0027385
-0.00043077
-0.75894
-0.4536
0.002996
-0.57669
-0.00095043
0.0068071
-1.597
1.5811
-0.60372
-0.084126
-0.00091355
-0.0013549
-0.0018381
-0.38448
-0.30283
-0.071736
-0.0022434
-0.088871
-0.0033859
0.00071079
-0.002974
0.23569
-0.012749
0.39156
-0.83348
-0.40238
0.002231
-0.0038239
-0.18785
0.0073704
1.0267
-0.0097831
-0.0015426
0.37839
-0.00091959
-0.38418
-0.025058
0.37194
-0.0071226
-0.23953
-0.0022698
-0.0010014
0.0011854
1.4693
-0.0013924
-0.40667
-0.0036
0.0056489
-0.0028221
0.0020785
0.080272
-0.50751
-0.0095614
0.0149
-0.034661
0.011001
-0.97596
0.014367
-0.17326
0.0042812
0.22574
-1.0387
-0.011432
0.5413
-0.0032756
1.4202
0.0040216
1.778
-0.04538
0.0043485
-0.24911
0.00035499
-0.0003721
0.92453
-0.0004337
-0.018133
-0.0032959
-0.0052613
-0.61073
0.0020495
-0.0028469
-0.43718
-0.01157
0.0042166
-0.00026234
-0.52591
-0.23485
0.0018664
-0.58544
0.0015925
0.0071607
-1.8249
1.0853
-0.69051
0.44018
-0.0025249
-0.0026824
-0.001817
0.3744
-0.64316
0.43884
-0.0037966
-0.11633
-7.1921e-05
0.0028299
-0.0018457
0.00029296
-0.017997
0.083796
-0.99529
-0.95713
0.0027498
-0.0046555
-0.046296
0.0091409
1.0648
-0.013641
-0.0013364
0.25743
-0.00053131
-0.49402
-0.03797
-0.041355
-0.0038045
0.06925
-0.0028818
0.0017086
0.00094786
1.3568
0.00014983
-0.55884
-0.0020185
0.0052034
-0.00019196
0.00067063
0.087328
0.46265
-0.002591
0.0066452
-0.0067001
0.0091991
-1.132
2.7803e-05
-0.070439
0.0045836
0.75336
-1.3612
-0.0063354
0.1993
-0.0033009
0.56809
0.0049698
1.8035
-0.46175
0.0072217
-0.1773
0.0053582
0.00036028
0.55183
0.0018747
-0.00079675
0.00094192
-0.006049
-0.71691
0.0019555
-0.0031706
-0.84552
-0.0081049
0.0023924
0.0022617
0.55134
0.42728
6.0373e-05
-0.34998
0.0038092
0.0044548
-0.7905
-0.63306
-0.2108
0.89741
-0.0053865
-0.0030152
-0.0015871
0.95673
-0.75753
0.818
-0.0057082
-0.071889
-0.0024042
0.0042695
0.0018783
-0.29955
-0.012349
-0.42572
-0.894
-0.55454
-2.5028e-05
-0.0035595
0.20117
0.002003
0.19257
-0.0051118
-0.00020818
-0.43132
0.0012411
-0.50581
-0.035148
-0.70948
0.0020819
0.47213
-0.003599
0.0013387
0.00067443
0.43471
0.0013558
0.12273
-0.0022603
0.00026062
0.00052771
-0.00066767
0.038928
0.91755
-0.00033295
0.0089273
0.018321
-0.00032044
-0.39307
-0.0083613
0.054098
0.0057503
1.1076
-1.462
-0.0030171
-0.19857
-0.0022349
-0.4721
0.0020678
1.6919
-0.72418
0.0035246
0.15251
0.0017784
-0.00062966
-0.21244
0.0017184
0.021669
0.0042751
-0.0056599
-0.95243
-0.00016539
-0.0049261
-0.96932
0.0014478
0.0045252
0.004931
1.4475
0.9628
0.0020352
-0.24376
0.0025321
-0.0013636
0.1395
-1.1449
0.47021
0.4165
-0.0059268
-0.003203
-0.0021793
0.47374
-0.26607
0.31761
-0.0031395
-0.01282
-0.0073433
-0.00097677
0.0038893
-0.60525
0.0022295
-0.50484
-0.24038
0.67842
-0.00023506
-0.0023037
0.47965
-0.0046432
-0.78195
0.0028498
0.00025837
-0.61363
0.00061084
-0.70822
-0.0057313
-0.82965
0.0012916
0.65071
-0.0039304
0.0011704
0.0012473
-0.33768
0.0024931
1.3191
-0.0049106
-0.0063826
-0.00095277
-0.0026795
-0.042523
0.35177
-0.0071044
0.010167
0.019777
-0.025241
0.76142
-0.011761
0.081434
0.0034053
0.84799
-1.3124
-0.0074849
-0.35842
-0.00079125
-0.90693
-0.0010443
1.5803
-0.78645
-0.0050389
0.5633
-0.0057362
-0.0021525
-0.63898
-0.0024723
0.033134
0.0028317
-0.0047682
-1.0327
0.00097427
-0.0036426
-0.80522
0.0064492
0.012293
0.0041964
1.4097
0.81409
0.0043682
-0.34343
-0.0011378
-0.0095891
0.14601
-0.68885
0.69536
-0.5935
-0.0021628
-0.0043294
-0.00385
-0.46364
0.51034
-0.65134
-0.00033284
0.001804
-0.0046443
-0.0079304
0.004841
-0.70182
0.011015
-0.28391
0.73837
0.95137
0.0036363
-0.0013564
0.57315
-0.0044196
-1.0654
-0.0020877
-0.0022304
0.32399
-0.0037919
-1.0028
0.028469
-0.23714
-0.0043905
0.49452
-0.0024381
0.0024148
0.0013307
-0.64388
0.0029598
1.6246
-0.0056158
-0.0061393
-0.00064386
-0.0051361
-0.075965
-0.19267
-0.010072
0.00616
0.0088212
-0.03941
1.032
-0.012555
0.036792
-0.00017182
0.23788
-0.97316
-0.010685
-0.27972
-4.6626e-05
-0.80157
-0.0015059
1.2845
-0.70554
-0.0090141
0.59071
-0.0073456
-0.002715
-0.52975
-0.0045154
0.026307
0.00071125
-0.0040191
-0.66673
0.0041754
-0.00072811
-0.41836
0.0031957
0.012914
0.0016503
0.84796
0.37924
0.0050711
-0.41938
-0.0027633
-0.012322
-0.28063
-0.3817
0.52956
-0.94862
0.0011858
-0.0030099
-0.0044108
-0.60937
0.65649
-0.88303
-0.00018509
-0.0091743
0.00028496
-0.0071549
0.0046572
-0.46327
0.0099244
-0.10123
1.1865
0.30387
0.0053138
-0.0016845
0.37747
-0.001518
-0.63342
-0.0064325
-0.0034509
0.94218
-0.0058822
-0.84161
0.034845
0.34534
-0.0050901
-0.53889
-0.0011422
-0.0040437
-0.00071471
0.29518
-0.0058468
0.28817
5.7402e-05
0.0073678
-0.002761
0.0017779
0.047295
-1.1825
-0.007104
0.021982
-0.040785
0.0087977
-0.72934
0.026214
-0.17216
0.0019528
-0.10363
0.20681
-0.0061916
0.59948
-0.0032408
1.1754
0.0012763
0.7064
-0.62708
-0.0019978
0.59885
-0.003004
-0.00026335
0.67973
-0.0021502
-0.026682
-0.0032907
-0.002493
-0.37476
-0.00096892
-0.0042626
0.24598
-0.0098297
0.00014711
-0.0029416
-0.96782
-0.59984
0.00059593
-1.0504
-0.0015888
0.0066179
-1.7235
1.8869
-0.74622
-0.33996
0.00037579
-0.00047219
-0.00044856
-0.39706
-0.22901
0.14137
-0.0012944
-0.10776
-0.0029822
0.0025607
-0.0039152
0.55552
-0.017327
0.66136
-0.20319
-0.43717
0.00034241
-0.0025586
0.51545
0.011083
1.2924
-0.010409
-0.0011213
0.33274
-0.00097045
-0.17657
-0.027806
0.31014
-0.0023578
-0.76664
-0.0011059
-0.0027682
-0.0011318
0.9093
-0.0046436
-0.074415
0.0024484
0.0069419
-0.0024353
0.0025396
0.088259
-0.64122
-0.0064305
0.014006
-0.031052
0.019202
-1.2468
0.025503
-0.19053
0.0015876
0.25284
0.076904
-0.0054326
0.65724
-0.0041063
0.80016
0.0048078
0.74672
-0.9814
0.0039922
0.95122
0.0031696
0.00078353
0.99945
-0.0003867
-0.032225
-0.0036353
-0.0066519
-0.45223
0.00074015
-0.0022017
-0.040313
-0.012025
-0.0017364
-0.002658
-0.90063
-0.51459
-0.0005973
-1.2253
0.0005923
0.0091864
-1.3308
1.1255
-0.82473
0.42901
-0.00091528
0.00059702
-0.00054984
0.39395
-0.67451
0.82593
-0.0013483
-0.12252
-0.00015541
0.0080788
-0.003277
0.56044
-0.024714
0.39459
-0.63227
-1.1298
0.00061013
-0.0037311
0.77342
0.011095
1.5849
-0.012472
0.00014566
0.088416
-0.00081149
-0.28109
-0.045407
-0.37575
0.0031294
-0.42115
-0.0023508
0.00092923
-0.00098718
1.4245
-0.0010537
-0.40587
0.0033269
0.005035
0.00010087
0.0012174
0.10501
0.86972
-0.0019058
-6.0758e-05
0.0082657
0.019744
-1.0355
0.0078168
-0.072916
0.0025873
0.92193
-0.25871
-0.00012442
0.25318
-0.0020084
-0.206
0.0035808
0.52933
-0.97368
0.0080738
1.0844
0.0059359
0.00041975
0.59716
0.002025
-0.015493
-5.4206e-05
-0.0069413
-0.48072
0.0027966
-0.0017958
-0.46067
-0.0041336
-0.0019259
0.0010072
0.12777
-0.050143
-0.00061088
-0.9798
0.0032234
0.0086741
0.41375
-0.72723
-0.27013
1.1733
-0.0062044
0.0013541
0.00016877
1.2166
-1.0212
0.99176
-0.0020627
-0.066177
-0.0020051
0.0097066
0.00055363
0.46097
-0.020976
-0.30117
-1.2484
-0.71904
-0.00017175
-0.0036176
0.71129
-0.0013268
0.78195
-0.0035515
0.0012664
-0.69822
0.0018506
-0.45892
-0.043593
-1.0861
0.005554
0.092362
-0.002412
-0.00041709
-0.0010746
1.2843
0.0013221
0.17019
0.00054697
0.0021721
0.0014145
0.00056981
0.039751
1.2242
-0.0020748
-0.0044174
0.028615
0.0088979
0.092765
-0.0083104
0.091064
0.0014584
1.0445
-0.50237
0.0020263
-0.24862
-0.0015525
-0.94125
-0.00047326
0.28196
-0.61483
0.0036308
1.1259
0.0019226
-0.0023508
-0.38448
0.0019471
0.012577
0.0021268
-0.0040479
-0.77907
0.0022832
-0.0014915
-0.94094
0.0074137
0.0054397
0.0033857
1.2336
0.085754
0.0004659
-0.82767
0.0015905
0.00090239
1.2355
-1.0303
0.46364
0.63301
-0.0066052
0.00012388
-0.00045434
0.86645
-0.64872
-0.088941
4.056e-05
-0.023354
-0.0037269
0.0024378
0.0026205
0.17663
-0.0056177
-0.54833
-1.2817
0.7925
0.00040628
-0.0025231
0.66739
-0.011391
-0.49667
0.0024188
0.0014629
-0.77635
0.0028225
-0.79535
-0.0022013
-0.75059
8.8646e-05
0.42652
0.00016998
-0.0023813
-0.0019122
0.77525
0.0017857
1.5757
-0.0042073
-0.0023219
0.00033811
-0.002172
-0.07983
0.21469
-0.0095614
-0.0062322
0.017922
-0.01997
1.1444
-0.023874
0.13601
-0.0033918
0.3418
-0.64825
-0.0051406
-0.46462
-0.0022629
-1.0164
-0.0028567
0.22582
-0.22791
-0.0065848
1.0094
-0.0066393
-0.0042005
-0.90058
-0.0017582
0.029474
-0.00010608
-0.0020982
-0.99801
0.0020643
0.00066537
-1.1558
0.010879
0.016249
-2.3106e-05
1.5108
-0.29043
0.0022346
-0.97051
-0.0033412
-0.011573
0.60745
-0.43656
0.74195
-0.75178
0.0010442
-0.0014922
-0.0030289
-0.28202
0.37096
-1.1961
0.0018801
-0.03519
0.002538
-0.0076273
0.0019873
-0.018054
0.0084311
-0.37251
-0.21967
1.1665
0.0023252
-0.00093533
0.53369
-0.011151
-1.1602
-0.0063708
-0.0015128
0.5117
-0.001977
-0.8496
0.04797
0.29824
-0.005585
0.48158
0.0013761
0.00018206
-0.0013506
0.14102
0.0022183
2.0598
-0.006863
-0.0017372
-0.0001745
-0.0059126
-0.1236
-0.4461
-0.012581
-0.0047593
0.0055498
-0.039058
1.0337
-0.024675
0.075058
-0.0055339
-0.39842
-0.66433
-0.0097893
-0.36196
-0.0003742
-0.64669
-0.0019419
0.31608
-0.13743
-0.010158
0.67579
-0.010327
-0.003757
-0.64447
-0.0034398
0.024513
-0.00051884
-0.00082116
-0.75635
0.0040959
0.00099037
-0.89913
0.0044981
0.015058
-0.0032696
1.0571
-0.46976
0.0037831
-0.87673
-0.0050658
-0.014268
-0.12512
-0.20532
0.53715
-1.1591
0.0064284
-0.0016638
-0.0054372
-0.70868
0.81718
-0.96419
-0.00061678
-0.047114
0.0069467
-0.0087487
0.0025155
-0.083316
0.01307
-0.19801
0.7583
0.24227
0.0030077
7.7769e-05
0.19965
-0.0048801
-0.90105
-0.012037
-0.0031781
1.2651
-0.0059546
-0.38805
0.054854
0.67906
-0.0052038
-0.69382
0.0010851
-0.0050567
-0.0029778
-0.88898
-0.0058768
0.45769
-0.0014092
0.0028835
-0.00041941
-0.0035284
0.037815
-1.3507
-0.004989
0.014019
-0.027342
-0.00013337
-0.91997
0.026234
-0.14117
-0.0028498
-0.05157
1.0262
0.00029617
0.47265
-0.0015112
-0.15483
-0.0029496
-0.40056
-1.2433
-0.0058028
0.57784
-0.0030525
-0.00028376
0.47036
-0.0021366
-0.021571
-0.0012427
-0.00013727
0.18353
-0.0048396
0.00028838
0.33524
-0.0063522
-0.0069363
-0.0039739
-0.64078
-0.28979
-0.0049461
-0.4855
-0.0038144
0.003323
-0.78137
1.6825
-0.7166
-0.39286
0.0027889
-0.00091741
-1.1752e-05
-0.67082
0.43919
0.71758
0.00050708
-0.06253
-0.0033867
-0.0017536
-0.0030893
0.13103
-0.016807
0.78255
1.1807
-0.34551
-0.0022221
-0.00182
1.4042
0.0096438
0.44475
-0.0070417
-0.0032919
0.17841
-0.0010301
-0.074631
-0.022123
-0.15908
0.0028209
-1.2101
0.0006619
-0.0037445
-0.0039122
-0.75167
-0.0068218
0.23988
0.0003973
0.0011474
-0.0018376
-0.0020325
0.071695
-0.53911
-0.0048593
0.0075603
-0.009214
0.0085668
-0.99318
0.030052
-0.14874
-0.0026257
0.29782
1.1908
-0.00067626
0.52387
0.00079065
-0.8999
-0.00013406
-0.73128
-1.2605
-0.00034469
0.76014
0.00051287
0.00040422
0.77446
0.00018317
-0.024483
-0.0022794
-0.002927
0.39571
-0.0037873
0.00046589
0.36973
-0.0035865
-0.007557
-0.0041048
-0.81562
-0.51519
-0.0050005
-0.84095
-0.0022395
0.0050257
0.28186
0.72921
-0.71396
0.42611
0.0029041
0.0023061
-6.4992e-05
-0.20293
-0.062416
1.107
0.0012786
-0.044867
-0.002901
0.0019986
-0.0040635
0.49751
-0.027448
0.77595
1.1316
-1.0492
-0.0016886
-0.0021134
1.644
0.0035132
0.9785
-0.007072
-0.0016636
-0.12799
-0.0019085
-0.27318
-0.034368
-0.90156
0.0049038
-1.2131
-0.00043948
-0.0019
-0.0029467
0.02993
-0.0036612
-0.12905
0.0040547
0.0012524
-0.00082181
0.00028884
0.084511
1.1082
-0.0046583
-0.0080222
0.024765
0.01405
-0.21926
0.015028
-0.046888
-0.0012526
0.77699
1.173
0.0010519
0.1983
0.0024026
-1.3181
0.001295
-1.0407
-0.38991
0.0056049
0.704
0.003933
0.0018369
0.42188
0.002277
-0.015735
-0.0021109
-0.002468
0.53566
-0.0024377
0.00041319
0.23824
0.0058103
-0.0027593
-0.0021334
-0.29357
-0.69334
-0.0030377
-0.81812
0.0011859
0.005819
1.5193
-0.76772
-0.17675
1.165
-0.00069807
0.0054782
0.00057335
0.80773
-1.0297
0.40201
0.00029607
0.00065704
-0.0051687
0.0045505
-0.0029391
1.1059
-0.026364
-0.028985
-0.051816
-0.85427
-0.0019132
-0.0008304
1.2103
-0.01178
0.91969
-0.0027005
7.6885e-05
-0.8741
0.00060395
-0.62197
-0.031185
-1.0107
-0.00043876
-0.86562
0.0015183
-0.0059314
-0.0038211
0.84512
-0.0013181
-0.063262
0.0042215
0.0020093
0.001299
0.0014421
0.018831
1.1993
-0.0060511
-0.020205
0.030131
0.014659
0.64281
-0.0085572
0.10255
-0.0038775
0.5219
1.1435
0.0036189
-0.22787
-0.0031197
-1.0728
-0.00049432
-1.2663
0.62105
0.003157
0.30633
0.0042218
0.0010488
-0.45599
0.0012236
-0.0032217
-0.0028131
0.00062192
0.32355
-0.002687
0.0021215
-0.35352
0.012094
0.0070943
-0.0030213
0.45703
-1.0374
-0.003657
-0.64703
0.0011696
0.0012978
1.3867
-0.69699
0.39383
0.55145
-0.00027526
0.0050491
0.00099649
1.0711
-1.0492
-0.95817
0.0025739
0.00034426
-0.004753
0.0014883
-0.0044749
1.5436
-0.010162
-0.61875
-1.175
0.51503
-0.0049533
0.00045104
0.64322
-0.018482
0.091281
-0.0014488
0.0017537
-0.93951
0.0028483
-0.6302
0.00252
-0.019317
-0.0076127
-0.39175
0.0053963
-0.008712
-0.005536
1.1414
-0.00082031
0.75509
-0.00021606
-0.00033571
0.00064313
-0.00014764
-0.10059
-0.045487
-0.0081636
-0.025898
0.0049743
-0.0027611
0.83968
-0.031159
0.16188
-0.0098666
-0.43769
0.71701
0.0017782
-0.42033
-0.00536
-0.42081
-0.0037765
-1.2307
1.0705
-0.0041454
-0.24766
-0.0018603
-0.001297
-0.78967
-0.0019143
0.0020645
-0.0051467
0.0035612
0.059114
-0.0037342
0.0040564
-1.0488
0.0098173
0.012015
-0.0083437
0.95847
-1.4359
-0.0048925
-0.66517
-0.0037463
-0.0064437
0.3261
-0.096051
0.56046
-0.85221
0.0070894
0.0021974
-0.0012473
0.3227
0.11634
-1.1759
0.0037241
-0.045143
0.0030397
-0.0055516
-0.0074119
1.6277
0.011404
-0.59297
-1.1048
1.0457
-0.0081378
0.00085132
0.12244
-0.013433
-0.80215
-0.0092083
0.00041619
0.53191
0.00061564
0.17137
0.045373
0.8861
-0.0082942
-0.034869
0.0055986
-0.0046703
-0.0052267
0.84907
0.00026423
1.2593
-0.0042599
-0.0011824
-0.0010777
-0.0030513
-0.13881
-0.64376
-0.0081617
-0.018356
-0.0089272
-0.020413
0.36124
-0.030189
0.10841
-0.010054
-0.94919
0.11047
-0.0006571
-0.338
-0.00030544
0.096663
-0.0048163
-0.82946
0.75769
-0.0060692
-0.44489
-0.008225
-0.0017851
-0.4553
-0.003267
-3.7921e-05
-0.0025258
0.004899
-0.053781
-0.0033211
0.0020881
-1.219
0.0032828
0.0067067
-0.0098037
0.89854
-1.2055
-0.0033513
-0.6095
-0.0058359
-0.0071468
-0.22262
-0.048863
0.37072
-1.1744
0.009149
4.4295e-05
-0.0035229
-0.36375
0.89645
-0.24421
-0.00018187
-0.05841
0.0060385
-0.0068376
-0.0056709
1.1311
0.02158
-0.38785
-0.40722
0.19699
-0.0077542
0.0015421
-0.18811
-0.0049803
-0.96362
-0.011565
-0.002166
1.3984
-0.0022087
0.92488
0.050127
0.63351
-0.0044817
-0.21296
0.0013366
-0.0012171
-0.0020723
-0.94151
-0.0044665
0.073998
-0.0061523
-0.0038053
2.5037e-05
-0.0041336
0.064947
-1.3017
-0.0026905
0.014772
-0.0020575
-0.022053
-0.94994
0.029169
-0.14066
-0.0047354
0.46414
0.85798
0.0040403
0.42549
0.0012929
-0.80236
-0.00741
-0.55015
-0.59104
-0.0078502
-0.79631
-0.007518
-0.0021075
0.63241
-0.0043725
-0.018945
-0.00099213
0.0021442
0.44051
-0.0063877
0.0029882
0.24197
-0.0029299
-0.014012
-0.0031254
-0.28186
-0.28536
-0.005634
0.93293
-0.0043853
0.0068706
0.35332
1.2732
-0.67299
-0.17376
0.0037517
-0.0033891
-0.0022929
-1.0037
1.1702
1.0243
0.0011748
0.0063366
-0.0010811
-0.0048162
-0.0020371
-0.31875
-0.014597
0.70019
1.1946
-0.16592
-0.0049648
-0.0027507
0.85768
0.0070443
-0.64248
-0.0019981
-0.003541
-0.0082266
-0.0013033
-0.19088
-0.034984
-0.8104
0.0028798
-0.68913
-4.2346e-05
0.0010333
-0.0029512
-1.3065
-0.007288
0.061275
-0.0053752
-0.0057996
-0.0019484
-0.0018872
0.080062
-0.35173
-0.0029034
0.01173
0.017977
-0.013685
-0.46733
0.034225
-0.13672
-0.0046074
0.71741
1.0011
0.00035011
0.43139
0.0049223
-1.3056
-0.005112
-0.75857
-0.062128
-0.004268
-1.0906
-0.0049076
-0.00061099
0.75535
-0.0018096
-0.012511
-0.0020547
0.0021068
0.76927
-0.0076173
0.00086581
0.45017
0.002355
-0.012728
-0.002762
-0.62087
-0.51358
-0.0052469
0.76423
-0.0024406
0.005113
1.1487
0.27057
-0.6312
0.5382
0.004295
-0.00094574
-0.002675
-1.0199
0.80131
0.73034
0.00024263
0.051772
-0.0020855
-0.0044841
-0.0023107
-0.15084
-0.027806
1.0668
1.7288
-0.95228
-0.0049404
-0.00096143
0.8009
-0.0057599
-0.10065
-0.00011889
-0.0015145
-0.38798
-0.0018829
-0.50423
-0.036612
-1.1459
0.0015659
-0.97591
-0.0021999
0.00062294
-0.0019472
-1.1337
-0.0057218
-0.19507
0.0013184
-0.0027475
-0.0016757
0.0010077
0.059567
1.2689
-0.0026753
-0.0027325
0.03653
0.010301
0.61593
0.019017
-0.029845
-0.0023025
0.58599
1.0272
-0.00037499
0.12498
0.0032192
-1.1597
-0.00056932
-0.76855
0.86182
0.0027948
-1.2094
0.0025668
0.0030994
0.1944
0.0018976
-0.0027555
-0.0015067
0.0021118
1.037
-0.0078637
-0.00094947
0.59246
0.0082968
-0.004762
-0.0014661
-0.48103
-0.65806
-0.0044593
0.39042
0.0023899
0.0018598
1.0877
-0.83358
0.0059185
0.98861
-3.4672e-05
0.0029017
-0.00020195
-0.030692
-0.70345
-0.62029
-0.0019519
0.075352
-0.0055867
-0.001459
-0.003154
0.42258
-0.028789
0.48561
1.2922
-0.95658
-0.0046543
0.003374
0.31476
-0.018249
0.71737
0.0022654
0.0010526
-1.0797
0.00032017
-0.77051
-0.014908
-0.29235
-0.0050154
-1.1511
-0.00083101
-0.0053685
-0.0026065
-0.58005
-0.0033801
-0.61203
0.0047885
0.0012735
0.00035822
0.0016236
-0.014543
1.1344
-0.0025283
-0.021268
0.020228
0.025027
0.86831
-0.011427
0.10576
-0.003392
-0.083253
1.0144
0.0036323
-0.24314
-0.0060029
-0.47415
-5.0421e-05
-0.72442
1.2626
0.0036648
-1.3988
0.0074428
0.0037243
-0.58752
0.00030235
-0.00086967
-0.0029703
0.0035482
1.1796
-0.0071676
0.00071439
0.26864
0.0079834
0.0035063
-0.0044404
-0.095508
-0.83269
-0.0060628
0.33551
0.0031854
-0.0019048
0.13245
-0.63562
0.51557
0.28418
0.00027629
0.0032899
0.0024535
1.0251
-1.2746
-1.4825
-0.00028199
0.037622
-0.004914
0.0006957
-0.0071214
1.1098
-0.0075258
-0.56243
0.15699
0.23593
-0.0078537
0.0049129
-0.15266
-0.015812
0.74662
-0.00037886
0.0029474
-0.98167
0.0022588
-0.24053
0.01564
0.91493
-0.0085055
-1.0662
0.0018002
-0.0085748
-0.004046
-0.036845
-0.002248
-0.67992
0.00091265
-0.0015071
-0.00016008
2.6079e-05
-0.11407
-0.16546
-0.00097866
-0.032503
-0.023072
0.014646
0.34356
-0.036836
0.17701
-0.0082847
-0.95298
0.61479
0.0062671
-0.41371
-0.0071603
0.33018
-0.0042988
-0.71148
0.97152
-0.00019039
-1.5595
0.0033029
0.0014634
-0.65561
-0.003448
-0.006346
-0.0061692
0.0064145
1.2718
-0.0060905
0.0019398
-0.56281
0.0017524
0.0034389
-0.010113
0.28662
-0.89591
-0.0072965
0.4536
-0.0010827
-0.0058129
-0.48395
-0.19106
0.55636
-0.97363
0.0039185
0.00052101
0.0019205
1.0681
-0.1825
-0.44632
0.0012079
-0.012047
0.00057126
-0.0029137
-0.010502
1.4337
0.02518
-0.96663
-0.54612
0.97975
-0.010746
0.0028787
-0.42481
-0.0035745
-0.11924
-0.00464
0.00079262
0.72101
0.0014953
1.1611
0.040133
1.0535
-0.0072261
-0.73188
0.0025973
-0.0051559
-0.0036076
0.1616
-0.00059638
-0.27988
-0.0023671
-0.0042766
-0.0020333
-0.0016057
-0.13461
-0.66119
0.0018039
-0.02369
-0.036072
-0.0040868
-0.17334
-0.032223
0.14535
-0.0080788
-1.0893
0.027404
0.0065479
-0.34138
0.0013535
0.55657
-0.0069925
-0.54074
0.37623
-0.0024409
-1.3718
-0.0039641
0.0005675
-0.23615
-0.0040866
-0.01038
-0.003606
0.0081251
1.1043
-0.0050391
0.00082152
-1.0975
-0.0028484
-0.0024784
-0.010088
0.43554
-0.6403
-0.0062807
0.34461
-0.0030181
-0.0042647
-0.31327
-0.17557
0.33239
-1.1539
0.002732
-0.0014107
6.4627e-05
0.35402
0.78057
0.78928
-0.0016089
-0.021349
0.0011982
-0.0043407
-0.0076836
1.2054
0.037506
-0.77368
-0.54329
0.46013
-0.0089252
0.0027368
-0.41682
0.0050674
-0.71591
-0.0025194
-0.0026585
1.5756
0.00040474
1.6654
0.039015
0.34383
-0.0023986
1.172
0.00083225
0.0016771
-0.0002437
-0.083683
-0.00045788
-0.15898
-0.0076106
-0.0098256
-0.00090653
-0.0010804
0.092169
-1.2575
0.0026259
0.024595
0.017529
-0.046207
-0.5544
0.029024
-0.1586
-0.0029561
0.83372
0.26081
0.0040435
0.42179
0.0032384
-0.018725
-0.0071008
-0.21366
0.62747
-0.0082836
-0.70547
-0.0095624
-0.0060399
0.88226
-0.0056075
-0.017615
-0.0021631
0.00081406
-0.16418
-0.0050618
-0.00011656
0.43955
-0.0043797
-0.015376
-0.0015677
-0.2921
-0.33654
0.00028268
1.6104
-0.0058132
0.010808
0.87476
0.86318
-0.75373
0.02784
0.0010525
-0.0050187
-0.0052423
-1.0904
1.5188
0.76382
0.00019216
0.059643
0.0013842
-0.0051336
0.00087244
-0.37271
-0.007588
0.29278
-0.25627
0.039503
-0.0042098
-0.0031158
-0.83722
0.0038501
-1.2118
0.0019268
-0.0031933
-0.18711
-0.0019048
-0.089762
-0.053099
-1.0375
0.0023288
1.1527
-0.0010997
0.0041875
-0.00094479
-0.55212
-0.0038382
-0.099274
-0.0058226
-0.010051
-0.002298
0.00081109
0.097164
-0.21387
0.0043671
0.021813
0.039398
-0.02734
0.17065
0.031182
-0.1548
-0.001796
0.77974
0.31053
0.0028619
0.41535
0.0041183
0.068136
-0.0049516
-0.30518
1.1837
-0.0059746
-1.0444
-0.0056115
-0.0040893
0.81323
-0.003211
-0.01068
-0.0021492
0.0026557
-0.10569
-0.0058056
-0.0011988
0.69676
-0.00029489
-0.016124
-0.00019723
-0.59772
-0.28732
0.00029054
1.4505
-0.0032521
0.0076624
0.91284
0.16086
-0.70965
0.76035
-0.00047938
-0.0049886
-0.0048578
-1.5218
1.3133
0.012095
-0.0015391
0.10869
-0.00069239
-0.0053553
0.0018047
-0.66054
-0.023884
1.1776
0.35169
-0.71251
-0.0042081
0.00072401
-1.2354
-0.0081941
-0.86235
0.0063216
-0.00062251
-0.745
-0.0017478
-0.29974
-0.050084
-0.79958
0.00055663
0.71192
-0.0035608
0.0030765
-4.5598e-05
-0.92889
-0.0044478
-0.27221
0.0011516
-0.0036768
-0.0016222
0.0015466
0.044914
1.3
0.0059275
0.0040518
0.045138
0.016745
0.98157
0.013673
-0.037834
0.00035088
0.023722
0.26607
0.0029896
0.081386
0.00015895
0.28401
-0.00047242
-0.28779
1.2139
0.0014397
-0.96427
0.0032444
0.00018897
-0.059194
0.00087073
0.0033917
0.0001074
0.0023551
0.11336
-0.0042504
-0.0022171
1.0249
0.0029569
-0.0097425
0.0014949
-0.58811
0.12273
-0.0016291
0.87638
0.0013414
0.00067118
0.015265
-0.65
0.022933
1.0492
-0.0047814
-0.0016221
0.00035779
-0.91564
-0.27746
-1.2472
-0.0039068
0.10808
-0.0030933
-0.0012576
4.2126e-05
-0.78714
-0.027048
1.221
0.88134
-0.85391
-0.002515
0.0048603
-1.255
-0.014507
0.26139
0.0075106
0.0014567
-1.3527
-0.00011717
-0.27334
-0.0123
0.63161
-0.00048804
-0.048164
-0.0046565
-0.0011826
0.00058218
-0.9654
-0.0027619
-0.85036
0.0047939
0.0012793
-0.00088611
-0.00051425
-0.041587
1.0738
0.0070893
-0.017497
0.010633
0.037818
0.72553
-0.016643
0.10937
0.001161
-0.865
0.055086
0.0031462
-0.32483
-0.0075772
0.50947
0.001168
-0.23363
0.49948
0.0036702
-0.70094
0.0075572
0.00061027
-0.88328
0.00012171
0.010419
-4.9974e-05
-0.00013456
0.59403
-0.00063595
-0.0028282
1.1032
-0.00024974
-0.0039227
0.00076367
-0.45211
0.75923
-0.0030002
0.68729
0.0018367
-0.0073892
-0.76527
-0.61935
0.60464
0.24023
-0.004987
-0.00074112
0.0041317
0.45687
-1.268
-1.1745
-0.0033565
0.062877
-0.0018527
0.002888
-0.0038771
-0.81763
0.00031863
-0.015998
0.70733
0.085859
-0.00085184
0.0030762
-0.988
-0.0040477
0.96398
0.0059819
0.0021244
-0.97063
-0.00094934
0.51928
0.027574
1.4633
-0.00031082
-0.65662
-0.0046842
-0.0018938
-9.3274e-05
-0.84393
-0.00015785
-1.4294
0.0016648
-0.0017263
-0.0021359
-0.0032172
-0.12176
-0.084343
0.008435
-0.030613
-0.047543
0.021334
0.02154
-0.041549
0.20705
-0.0014477
-1.3973
-0.26388
0.00023217
-0.51606
-0.006336
0.71183
-0.00095094
-0.20261
-0.28319
0.00031013
-0.52925
0.0031399
-0.0015503
-0.80663
-0.0026318
0.0085341
-0.0021168
-0.0015437
1.2572
0.0020262
-0.0029113
0.61386
-0.0091905
-0.003638
-0.001354
-0.25258
1.2896
-0.0020631
0.87933
-3.9038e-05
-0.014487
-0.54435
-0.3614
0.67751
-0.88012
-0.004506
-0.0023168
0.0023923
1.2122
-0.5451
0.45765
-0.0026255
0.030625
0.0016031
0.00084399
-0.0035839
-0.70454
0.03962
-1.1409
0.21937
1.0264
0.00016914
-0.0025378
-0.55024
0.011493
0.57032
0.0061688
-0.00012397
0.84617
-0.0027483
1.4783
0.045199
0.90889
-0.00029915
-0.79096
-0.0027955
0.00040292
0.00034614
-0.62048
0.0021194
-1.2403
-0.0013076
-0.0046852
-0.0030836
-0.0046525
-0.12414
-0.60999
0.0082269
-0.024259
-0.059764
-0.0032414
-0.36122
-0.038674
0.18174
-0.0024781
-1.1899
-0.47896
-0.00027981
-0.43886
0.0016835
0.56088
-0.0021321
-0.15944
-0.61677
-0.0018897
-0.53696
-0.0029628
-0.0010478
-0.32529
-0.0018705
0.0027665
-0.00020975
0.00043202
1.2997
0.001746
-0.0021357
-0.1842
-0.01305
-0.0068883
-0.0022219
-0.086943
1.1709
-0.0014001
0.79001
-0.00040277
-0.01335
-0.020737
-0.31569
0.40965
-1.0174
-0.0064504
-0.0030097
-0.00098498
0.75809
0.36308
1.3181
-0.0043485
0.022481
0.0016863
-0.0018836
-0.00024728
-0.54505
0.047869
-1.2207
-0.096273
0.77464
0.00096013
-0.0020109
-0.17956
0.017017
-0.22694
0.008173
-0.003196
1.5848
-0.0016068
1.4593
0.035661
0.0029668
0.00073346
1.4816
8.1203e-05
-7.8329e-05
-0.00052606
0.21867
0.0028452
-0.032783
-0.0065552
-0.0099059
0.00022318
-0.0014424
0.074921
-1.0009
0.0034563
0.023513
0.016024
-0.048318
-0.13612
0.020978
-0.1248
5.8189e-05
0.48348
-0.11948
0.001357
0.29926
0.0034374
0.56373
-0.0055861
-0.061171
0.81713
-0.0055537
0.28098
-0.0071835
-0.0064063
0.73522
-0.0038031
-0.0097689
0.00037732
-0.00024417
-0.74842
-0.0037164
-0.0038757
0.45384
-0.0061534
-0.010304
0.00024041
-0.2983
-0.11038
0.002968
0.91262
-0.0066779
0.0083486
0.6965
0.58412
-0.67653
0.016943
-0.0027966
-0.0050754
-0.0048877
-0.76776
1.1854
0.28187
-0.0013533
0.048948
-7.9796e-05
-0.005215
0.0024879
-0.34074
-0.0014891
-0.10431
-0.86735
0.15056
-0.00026951
-0.0018888
-1.4249
0.00053645
-1.0937
0.00093585
-0.0041444
-0.18304
-0.0017075
-0.021517
-0.046214
-0.84501
0.0013319
1.9191
-0.00090618
0.0010574
-0.0012801
0.017643
0.00071334
0.0014952
-0.0029506
-0.0080641
4.2125e-05
-0.00040379
0.078252
-0.26085
0.0066579
0.019681
0.034769
-0.028354
0.39184
0.019131
-0.12289
0.0014294
0.174
-0.13213
0.0038429
0.30077
0.0025702
1.0047
-0.0040945
-0.23562
1.058
-0.0037751
0.41265
-0.0030779
-0.0047545
0.59557
-0.0015184
-0.0068067
0.00063423
0.0018188
-1.0273
-0.0026916
-0.0017845
0.69987
-0.0022329
-0.011037
0.0017471
-0.51617
0.052673
0.0033235
0.64177
-0.0038367
0.0057456
0.31022
0.18177
-0.68575
0.63496
-0.0050318
-0.004471
-0.0025095
-1.2588
1.0669
-0.53995
-0.001757
0.081071
-0.0023203
-0.003712
0.0043228
-0.7577
-0.015224
0.88611
-0.82547
-0.3743
-0.00086355
0.0023634
-1.7518
-0.0070463
-1.0168
0.0056521
-0.0022156
-0.77099
-0.001071
-0.028652
-0.044614
-0.34864
0.00044305
1.7517
-0.0017795
-0.00011453
-0.00017485
-0.28122
-0.0014
-0.12423
0.0023458
-0.0023372
-0.00023016
-0.0008643
0.032567
0.83022
0.0080373
0.002299
0.039362
0.012315
0.65923
0.0032858
-0.036791
0.0018222
-0.59086
-0.053513
0.0048924
0.036122
-0.0012342
0.94668
-0.0011852
-0.45278
0.57439
0.00031873
0.67977
0.0024702
-0.0010239
-0.22501
0.0015304
0.0019005
0.0012457
0.0010499
-0.94155
0.00099327
-0.00034626
1.0082
0.00082536
-0.007319
0.0028002
-0.55589
0.59923
0.00062876
0.27994
-0.00093519
0.00026069
-0.46827
-0.36286
-0.095981
0.85855
-0.006648
-0.0019393
0.0024831
-1.0729
-0.0352
-1.1867
-0.0015425
0.0748
-0.0038115
-0.00013374
0.0026206
-0.95523
-0.018966
1.4161
-0.21268
-0.60254
0.00071991
0.0032557
-1.4134
-0.0091008
-0.24671
0.0073756
-0.0017586
-1.2237
-0.0002296
0.27165
-0.013421
0.7626
0.00196
1.0294
-0.003741
-0.0011208
0.0012438
-0.49744
-0.00091931
-0.59895
0.0045614
0.0012
-0.0016855
-0.0030691
-0.037858
0.71446
0.0095235
-0.014597
0.0093403
0.028499
0.30978
-0.018102
0.087639
0.0024451
-1.1944
-0.16831
0.0004281
-0.32504
-0.0053092
0.63024
0.0013916
-0.51928
-0.25741
0.001517
0.95728
0.0034806
-0.00022445
-0.93136
0.0013473
0.012101
0.00070156
-0.0047473
-0.42977
0.0050255
-0.0022508
1.2456
-0.0024079
-0.0046224
0.0040348
-0.58852
1.4575
-0.0010785
0.16277
-0.00059839
-0.0090666
-0.60208
-0.39033
0.44792
0.23415
-0.0059695
-0.00064538
0.0037179
-0.090258
-0.90616
-0.52153
-0.0010751
0.04808
-0.0019812
0.0028221
-0.00067578
-1.2606
0.0042061
0.49054
0.20037
-0.01349
0.0046801
-0.0036727
-0.81471
0.0017247
0.56987
0.0082473
-0.0022087
-0.70233
-0.0031059
0.84014
0.021797
1.1922
0.004007
0.33001
-0.0057192
0.001429
0.0023101
-0.6407
0.0031
-1.1047
0.0022457
-0.00072113
-0.0034309
-0.0047657
-0.092017
-0.081392
0.0095187
-0.022228
-0.039242
0.010396
-0.078787
-0.036085
0.17845
0.0020081
-1.2798
-0.42293
-0.0077593
-0.50163
-0.0036059
0.46032
0.0028955
-0.39628
-0.70245
-0.0011091
0.96348
-0.00029675
-0.001535
-0.84469
0.00029839
0.016235
-0.00010884
-0.010842
0.29468
0.0064419
-0.0040648
1.0655
-0.011809
-0.0050169
0.0055655
-0.53619
1.9807
0.00033339
0.29379
-9.0931e-05
-0.018298
-0.13639
-0.18177
0.55807
-0.62115
-0.0067211
-0.001242
-0.00091488
0.75133
-0.64275
0.83277
-0.0022315
0.034355
0.00087805
0.001589
0.0014313
-1.5613
0.036705
-0.83144
0.10852
0.77194
0.0072947
-0.010821
-0.19541
0.015032
0.60837
0.0099103
-0.0018898
0.67286
-0.0052248
1.1224
0.036124
0.52977
0.0018855
-0.094376
-0.0043281
0.0036453
0.002408
-0.61478
0.0059149
-1.0053
-4.5126e-05
-0.0032978
-0.0035548
-0.0051809
-0.083599
-0.55281
0.0062491
-0.017793
-0.049302
-0.010011
-0.2633
-0.035631
0.15185
0.00017715
-0.89534
-0.52177
-0.0092094
-0.41075
0.0011535
0.30358
0.0035226
-0.25087
-0.66333
-0.0029262
0.53038
-0.0035133
-0.0026856
-0.37122
0.0013215
0.010288
0.001386
-0.0091457
0.55361
0.00389
-0.0032481
0.48031
-0.016301
-0.0071269
0.0043797
-0.36942
1.7549
0.00082578
0.33447
0.00056294
-0.018289
0.20858
-0.20148
0.31405
-0.76723
-0.0077896
-0.001681
-0.0039114
0.64973
0.098186
1.1412
-0.003967
0.028479
0.0015216
-0.00080632
0.0045363
-1.3459
0.039603
-1.1275
-0.11983
0.67814
0.0056346
-0.0090719
0.081762
0.016084
0.024988
0.009042
-0.0023534
1.1388
-0.0039565
0.79898
0.025776
-0.15592
0.00042596
-0.28694
-0.28649
-0.02197
0.43523
0.63607
0.48326
-0.54433
-0.77216
-0.50258
0.044974
0.49764
0.46425
-0.7081
-1.2119
-1.2314
-0.91868
-0.41326
-0.090387
-0.26265
-0.69031
-0.97641
-1.1188
-1.0326
-0.70696
1.1651
1.1843
0.78399
0.059859
-0.58046
-0.75387
1.5313
1.9139
1.7637
1.0727
0.344
-0.064936
-0.0021023
-0.0025435
-0.0023769
-0.0025836
-0.0037126
-0.0028355
8.3412e-05
0.00017778
0.00034474
0.00012409
0.00030741
0.00010018
0.001685
0.0011848
0.0010676
0.0034993
0.0064133
0.0052857
0.0028589
0.00060722
-0.0007354
0.0026588
0.0042568
0.0026976
0.0011233
-0.00092942
-0.001154
-0.00097794
-0.0030992
-0.0031463
-0.00087341
-0.000362
0.00098098
-0.00082477
-0.0042075
-0.002631
-0.00086147
-0.00046243
0.0031746
0.0046595
0.0043101
0.0038648
-0.0027721
-0.0015448
0.0019476
0.0014736
-0.00067657
0.00072766
-0.003105
-0.0019853
-0.0012501
-0.0059116
-0.0087979
-0.004537
0.00092395
0.0031315
0.0014704
-0.0049372
-0.0089652
-0.0059046
0.0042853
0.0071983
0.0053993
0.00013578
-0.0030271
-0.0028629
0.0027676
0.0040014
0.0021886
0.00090109
0.0016128
0.0022855
0.0019131
0.00063231
-0.00062679
-0.00020183
0.0011307
0.0015842
0.0016716
0.00016831
-0.0010729
-0.00078586
-0.00072793
0.00038269
0.0014999
-0.00066424
-0.00097901
-0.0014066
-0.0026442
-0.0015568
0.0014946
-0.0001721
-0.00089326
-0.0014613
-0.0021689
-0.0010507
0.0016986
0.00035183
-0.00040297
-0.00026515
7.2643e-05
0.0010238
0.00046528
-0.00070538
-0.001164
0.00018514
0.0018358
0.0023992
0.87834
1.4478
1.285
0.39976
-0.30139
-0.60721
0.23509
0.92415
1.4088
1.276
0.73802
0.16884
-0.96623
-0.69762
0.038609
0.79103
1.0761
0.85258
-0.94295
-1.2534
-1.102
-0.58823
-0.030305
0.18071
-0.127
-0.51813
-0.8977
-0.91953
-0.79782
-0.63931
0.13929
0.031971
-0.20897
-0.44382
-0.62783
-0.62034
-0.0025394
-0.0014416
0.00098628
0.0040175
0.006438
0.0056076
-0.0051457
-0.0046655
-0.0013087
0.0033047
0.0051383
0.0042237
-0.0054279
-0.0055647
-0.0019911
0.00067678
0.00092147
0.0010093
-0.0033562
-0.005
-0.0043066
-0.0031747
-0.0011831
0.0012704
0.0014755
-0.0021536
-0.0045206
-0.0031141
0.0015077
0.0052495
0.003928
0.0014264
-0.00072692
7.368e-05
0.00282
0.0051923
-0.086117
-0.35408
-0.49145
0.1799
1.2684
1.5205
0.27771
-0.049395
-0.34056
0.26342
1.5155
1.9547
0.41721
0.22488
-0.15183
-0.037532
0.77457
1.199
0.088185
0.051938
-0.23272
-0.61742
-0.6362
-0.22483
-0.15701
-0.13605
-0.3302
-0.86836
-1.3968
-1.2092
-0.063738
-0.028692
-0.12904
-0.57935
-1.0971
-0.98985
-0.0044356
-0.0040085
1.4632e-05
-0.00096393
-0.0054022
-0.0041876
-0.00055562
0.001583
0.0043919
0.0022589
-0.0023674
-0.0035103
0.0009008
0.0023944
0.0052142
0.0054662
0.0020455
-0.0013471
-0.0024666
-0.0017095
0.004259
0.0071032
0.0020132
-0.0014901
-0.0057836
-0.0045201
0.0030139
0.0057838
0.00035714
-0.0013001
-0.0048651
-0.0032143
0.0014925
0.002585
-0.00089071
2.7465e-05
0.0044123
0.0044035
0.003352
-0.00036331
-0.0046476
-0.0040343
0.0077518
0.0059209
0.0046984
0.0040532
0.00096908
0.00010068
0.004353
0.0019377
0.0028541
0.0054655
0.0035411
0.00042195
-0.0022466
-0.0040378
-0.00011563
0.004215
0.00084216
-0.0036349
-0.0086044
-0.0075132
-0.0016682
0.0025619
-0.0010148
-0.0047671
-0.0088882
-0.0059124
-0.00092252
0.0012152
-0.00055014
-0.0030506
-0.0022475
-0.00062682
0.001388
0.0020244
0.0019055
0.002244
-0.0023991
-0.0017113
-0.00050727
-0.00047652
0.00052921
0.0017567
0.00062331
-0.00096245
-0.00067741
0.00096668
0.00091982
0.00014601
0.0017993
-0.00017201
-5.3866e-05
0.0018925
0.0010874
-0.00083586
0.00072305
0.0002573
-5.8109e-05
-0.00054304
-0.0012826
-0.00095596
0.00053957
0.00087979
-0.00050248
-0.0027786
-0.0027601
-0.00054559
0.0060856
0.0042399
0.0016032
0.0009425
-0.00074456
-0.0035404
0.0027492
0.0025253
0.0018545
0.0015488
-0.0021483
-0.006018
-0.0046303
-0.0023221
0.0011864
0.0012829
-0.00089329
-0.0025806
-0.0049896
-0.00096153
0.0022705
0.0015111
0.0015759
0.0021918
-0.0011896
0.0019149
0.0028477
0.0008937
-0.00011909
-0.0011908
-0.0007284
0.00084299
0.00090636
-0.00054406
-0.0023503
-0.0043612
0.046132
0.077511
0.088331
0.037892
-0.04315
-0.076483
0.045431
0.086308
0.10592
0.039527
-0.081698
-0.12646
0.038028
0.073377
0.086624
0.021413
-0.10368
-0.14453
0.065353
0.080999
0.060683
-0.013019
-0.11398
-0.13836
0.092655
0.096098
0.042786
-0.041971
-0.11827
-0.12217
0.072995
0.073159
0.02652
-0.040709
-0.093014
-0.083964
-0.80027
-0.56491
0.47443
0.87119
0.3299
-0.15108
-1.1752
-0.68813
0.85154
1.2166
0.20207
-0.3867
-1.3336
-0.57502
1.1148
1.1932
-0.022398
-0.55543
-1.3219
-0.35172
1.2759
1.1923
-0.086024
-0.60415
-1.2666
-0.18447
1.2767
1.1161
-0.063257
-0.58448
-0.99299
-0.17487
0.81395
0.65065
-0.14947
-0.53782
-0.006541
-0.0073228
-0.0010261
0.0010342
-0.0061912
-0.0098658
-0.0055166
-0.0040509
0.00070723
-3.6196e-06
-0.0083877
-0.012052
-0.0023984
-0.0014483
-0.00021727
-0.0027808
-0.0070706
-0.0071075
-0.00063558
-0.0007613
-0.00025559
-0.0018437
-0.0017473
0.0012101
0.0027309
0.0044035
0.0066983
0.0069223
0.0074462
0.007587
0.0045297
0.0067636
0.0079834
0.0093855
0.0092592
0.0068305
0.020819
0.014456
0.006334
0.010516
0.0097697
0.0023057
0.022169
0.013611
0.00249
-0.00021776
-0.0044098
-0.0067834
0.015019
0.0089554
-0.003196
-0.015991
-0.02422
-0.017616
0.017442
0.012693
7.9114e-05
-0.018502
-0.03108
-0.022294
0.026067
0.021841
0.0045173
-0.015561
-0.028432
-0.022603
0.023755
0.01936
0.0035266
-0.012427
-0.021486
-0.017188
-0.031986
-0.033864
-0.0056692
0.016597
0.016796
0.0073024
-0.043971
-0.03526
0.0082626
0.028388
0.017728
0.0071673
-0.02939
-0.0099804
0.029864
0.035023
0.0076808
-0.0056539
-0.0042666
0.018248
0.039521
0.022276
-0.02211
-0.035411
0.015954
0.038472
0.04479
0.0099936
-0.049456
-0.063648
0.017518
0.036911
0.041785
0.0099252
-0.044354
-0.056444
0.0047614
0.011672
0.0098966
5.9202e-05
-0.023622
-0.037963
0.0072558
0.019486
0.019736
0.0083726
-0.018677
-0.037486
-0.0020859
0.0076999
0.013132
0.01374
-0.0017511
-0.018662
-0.021827
-0.013512
0.011417
0.02736
0.017018
-0.0024937
-0.044723
-0.026199
0.018969
0.041151
0.025354
-0.00020886
-0.046029
-0.025563
0.015114
0.031488
0.015198
-0.0063205
-0.49316
-0.95563
-1.1505
-0.44987
0.72583
0.99655
-0.72938
-1.1969
-0.98857
0.090791
1.1237
1.0476
-0.86915
-0.98987
-0.21204
0.65726
0.85161
0.40282
-0.90151
-0.45306
0.58861
0.9118
0.38328
-0.17935
-0.60315
0.15495
0.9166
0.77285
0.037273
-0.34984
-0.15913
0.42612
0.64859
0.25959
-0.10521
-0.26887
0.020855
0.01441
0.0018217
-0.0045752
-0.010919
-0.014567
0.031845
0.028722
0.01102
-0.00402
-0.020122
-0.022944
0.03115
0.035207
0.019109
-0.0056825
-0.028164
-0.028502
0.029591
0.035965
0.020652
-0.0095398
-0.03533
-0.034358
0.028072
0.03241
0.014513
-0.016342
-0.041513
-0.040652
0.020653
0.019883
0.0040366
-0.017838
-0.035868
-0.034151
-0.15223
-0.17465
-0.072137
0.04996
0.076786
0.030129
-0.17354
-0.19033
-0.070482
0.087506
0.13274
0.071925
-0.1443
-0.14909
-0.043741
0.10103
0.15649
0.10502
-0.14451
-0.13771
-0.028144
0.10125
0.16865
0.1408
-0.16004
-0.15205
-0.036977
0.10468
0.20185
0.17998
-0.12355
-0.11997
-0.035119
0.086035
0.17868
0.15298
0.0037918
0.0035312
0.0044389
0.0052318
0.0028323
-0.0010176
0.0023414
0.0023563
0.0038865
0.0031633
-0.00080226
-0.0037262
-0.0021803
-6.0194e-05
0.0025813
-0.00057155
-0.0064153
-0.00844
-0.0061026
-0.003835
0.0011432
-0.00023814
-0.0058278
-0.0067722
-0.0059877
-0.0029353
0.0022613
0.0032807
0.00020304
-0.00025981
-0.0011491
0.0015064
0.0041853
0.0040937
0.0030255
0.0027708
-0.010115
0.27168
0.76004
1.0992
0.85304
0.27069
-0.096515
0.31532
0.92911
1.0009
0.37988
-0.4042
-0.087401
0.38099
0.73594
0.43272
-0.46885
-0.98665
0.44778
0.76307
0.55769
-0.15341
-0.97596
-1.1087
0.83815
0.79782
0.034605
-0.86
-1.3714
-1.1149
0.49947
0.13124
-0.58243
-1.181
-1.2889
-0.81611
-0.61348
-1.0177
-1.2982
-1.3592
-1.2292
-0.91713
0.23975
0.062644
-0.30692
-0.54652
-0.65984
-0.6758
1.0357
1.1555
1.0915
1.0597
0.66414
0.091332
0.86065
0.9716
0.96734
0.98646
0.602
0.0055871
0.23604
0.29167
0.29054
0.11627
-0.26199
-0.47192
-0.12131
-0.10851
-0.024307
-0.13394
-0.40887
-0.48111
-0.0082741
-0.0099074
-0.0044283
-0.0020683
-0.0087797
-0.012106
-0.0031188
-0.0021973
0.0029372
0.0039289
-0.0045876
-0.01042
0.0018167
0.0022105
0.0039476
0.0056914
0.0031455
-0.00093465
0.0050233
0.002416
0.00061956
0.0034232
0.0062471
0.0058128
0.0056571
0.0031152
0.0028315
0.0037307
0.0016689
0.00033586
0.0017417
0.0014466
0.0033811
0.0023819
-0.0049166
-0.0075566
0.46462
0.51258
0.2044
-0.184
-0.35124
-0.27365
0.57294
0.62928
0.24078
-0.24254
-0.45131
-0.3504
0.4643
0.50319
0.182
-0.22572
-0.41564
-0.33568
0.41922
0.426
0.12453
-0.23522
-0.40293
-0.32918
0.40064
0.41154
0.086632
-0.31742
-0.50546
-0.41811
0.27628
0.29694
0.045133
-0.31598
-0.49225
-0.39208
0.00033048
-0.0028288
-0.0034359
-0.00044026
0.0020245
0.00098205
-0.0043509
-0.0040766
-0.0019263
-0.00052399
3.9196e-05
0.0011789
-0.0026368
0.0019282
0.0037783
-0.0011759
-0.0037366
0.00051524
0.0016888
0.0059359
0.0048923
-0.0048094
-0.0068048
0.0013606
0.0045571
0.0055287
0.0022758
-0.006499
-0.0068798
0.0017431
0.0055663
0.0052722
0.0026693
-0.0029742
-0.0035581
0.002091
1.2028
1.2824
0.48839
-0.45632
-0.90247
-0.76303
1.1464
0.76829
-0.2178
-0.94171
-1.0329
-0.6329
-0.096265
-0.8038
-1.2342
-1.0629
-0.39492
0.12325
-0.74777
-1.2064
-1.0937
-0.42058
0.32661
0.53719
-0.060356
0.059562
0.31765
0.55278
0.69124
0.51
0.54753
0.9751
0.91599
0.63549
0.43819
0.28909
-0.00020378
0.00097438
0.0023143
0.0019242
0.00049285
0.00062278
0.00099287
0.0020728
0.0032835
0.0030588
0.0011233
0.00055499
-0.0014055
-0.00031858
0.0023235
0.002682
-0.00022667
-0.0019983
-0.0060897
-0.0046821
0.00041584
0.002468
-0.0014543
-0.0046515
-0.0072984
-0.0057092
-0.0003969
0.0034119
0.0012663
-0.0013696
-0.0039785
-0.0029819
0.00059465
0.0043804
0.0052025
0.003904
1.171
1.672
1.7117
1.6032
1.5189
1.264
0.69931
0.80946
0.6402
0.36931
0.29141
0.39676
-0.41255
-0.6738
-1.0421
-1.3076
-1.2047
-0.79339
-0.49174
-0.70149
-0.78317
-0.74106
-0.74026
-0.50188
-0.1331
-0.25257
-0.26754
-0.27833
-0.26501
-0.14744
-0.096434
-0.28584
-0.44902
-0.54097
-0.44924
-0.25898
0.05387
-0.082241
-0.46829
-0.69385
-0.7287
-0.61255
-0.65341
-0.94928
-0.93072
-0.61749
-0.15168
-0.07514
-1.1767
-1.2112
-0.41867
0.53238
0.97525
0.75788
-0.54155
-0.043905
0.81705
1.2031
0.89221
0.32359
0.5657
1.1451
1.1457
0.48554
-0.27903
-0.56478
0.82836
1.0827
0.56017
-0.30286
-0.68282
-0.61988
-0.00050615
0.0024865
0.00646
0.0045809
-0.0048746
-0.0097002
-0.00021394
0.0033456
0.008086
0.0071485
-0.0030429
-0.0086013
-0.0026642
0.0010854
0.0064969
0.0058681
-0.0015289
-0.006078
-0.0052948
-0.0027383
0.0029824
0.0038061
-0.00046038
-0.0041707
-0.0052595
-0.0037787
0.0016561
0.0038491
0.00079521
-0.0025801
-0.0016616
-0.00028904
0.0020963
0.0034035
0.00059056
-0.0024123
-0.39178
-0.28149
-0.19185
0.087512
0.43519
0.47122
0.67176
0.93056
1.0261
1.0506
0.97758
0.71025
0.5219
0.69424
0.60683
0.275
-0.18027
-0.40514
-0.75862
-1.016
-1.1275
-1.2751
-1.4239
-1.2812
-0.64698
-0.96642
-0.88788
-0.66189
-0.47676
-0.45858
0.2621
0.37251
0.60876
0.88862
0.87495
0.51817
-0.0051769
0.0016711
0.006217
0.0027102
-0.0049153
-0.0071146
-0.0024201
0.0044852
0.0084175
0.0045205
-0.0051809
-0.0099288
-0.0027415
0.00088296
0.0054555
0.0061275
-0.00070875
-0.0075352
-0.0060138
-0.0038108
0.0042503
0.0086223
0.0042085
-0.0028723
-0.0085515
-0.0046666
0.0050612
0.008649
0.004353
-0.0015065
-0.0075919
-0.0029673
0.0037892
0.0043109
0.00086809
-0.0024268
-0.0010724
-0.0014314
-0.00056085
-0.001476
-0.0035166
-0.0029364
0.00093231
0.0017646
0.0014925
-0.0017277
-0.0041923
-0.003139
0.0018306
0.0040762
0.0045549
0.0033826
0.0023808
0.00094494
-0.0011068
0.0012455
0.003928
0.0052003
0.0038068
0.0018464
-0.0057417
-0.0033766
0.0013716
0.002268
0.00033512
-8.0629e-05
-0.0062576
-0.004777
-0.00060202
0.0005863
-8.4216e-05
-0.00023977
0.66941
0.87704
0.54964
-0.17508
-0.63156
-0.53033
0.69387
0.9864
0.54602
-0.39075
-0.87912
-0.63103
0.53512
0.78203
0.39502
-0.46262
-0.79826
-0.47475
0.66864
0.80043
0.23081
-0.56828
-0.66274
-0.24434
0.85514
0.84999
0.0021908
-0.84547
-0.79738
-0.31121
0.69514
0.61806
-0.15171
-0.88425
-0.82957
-0.35212
-0.00075884
-0.00036439
0.0010785
0.0014436
-0.00066192
-0.0016331
-0.00075752
-0.00074345
0.0023771
0.0030975
-9.9187e-05
-0.0014852
-0.00069561
-0.0007872
0.0025397
0.0026128
-0.00066194
-0.001292
-0.0021586
-0.0015891
0.0019674
0.00066793
-0.002725
-0.001611
-0.003714
-0.0021245
0.0013195
0.0011486
-0.00069662
0.00057436
-0.0028428
-0.0012625
0.0019149
0.0031314
0.0022269
0.0018426
-0.020574
-0.020889
-0.0027115
0.022486
0.036139
0.030004
-0.025703
-0.033416
-0.017156
0.012027
0.030834
0.027819
-0.020982
-0.02584
-0.015887
-0.002739
0.0036472
0.0034708
-0.018012
-0.011868
0.00032977
1.9245e-05
-0.0060269
-0.0071363
-0.015198
-0.006349
0.0085905
0.012369
0.0098224
0.007307
-0.0085878
-0.0042563
0.0056268
0.014042
0.019086
0.014798
-0.0009789
-0.0010845
0.0024062
0.0049882
0.0042982
0.0034136
-0.0023145
-0.0025595
0.0010193
0.0030771
0.00037276
0.00035931
-0.0012997
-0.0012196
0.00017034
-0.0013086
-0.0056526
-0.0043175
-6.9579e-05
-0.00025318
-0.00025524
-0.0028964
-0.0065693
-0.0049367
0.00036782
0.0010745
0.0014153
0.000183
-0.0012966
0.00022478
0.0019603
0.0026933
0.002804
0.0022369
0.0012845
0.0019139
-0.00021917
-0.0035279
-0.0040691
-0.0036239
-0.00333
-0.0026575
-0.0040271
-0.005383
-0.0047943
-0.0032859
-0.0024281
0.00034086
-0.00071456
-0.0006285
-0.00022291
0.0014556
0.0038375
0.0064675
0.0036229
0.0047724
0.0040852
0.0041111
0.0069553
0.0091335
0.0018018
0.0044408
0.0037232
0.00035211
-0.00080388
0.0013059
9.9926e-05
0.0028716
0.0016426
-0.0048842
-0.010263
-0.0078036
-0.40561
-0.61903
-0.70971
-0.89964
-0.98724
-0.67663
-0.4094
-0.41872
-0.47065
-0.74136
-0.96082
-0.73323
0.13211
0.35827
0.42996
0.29402
0.064711
-0.07395
0.41328
0.6884
0.92079
1.1224
1.2142
1.0887
-0.16665
-0.14045
0.11526
0.57774
1.1693
1.2899
-0.70146
-0.98294
-0.91262
-0.43522
0.25776
0.59764
-0.0010267
0.0016143
0.0015087
0.0010405
0.0043497
0.0063501
-0.0019804
0.00070673
0.0021179
0.0021296
0.0032474
0.0042484
-0.0038403
-0.0019432
-0.00085892
-0.0015387
-0.0019481
-0.00078956
-0.0054512
-0.0051816
-0.0051084
-0.005207
-0.0051322
-0.0031798
-0.0047409
-0.0043763
-0.0032689
-0.00017515
0.0025699
0.0029109
-0.001378
-0.00030131
0.0014472
0.0055865
0.0094714
0.0078314
-0.0030219
-0.0016077
-0.0018957
-0.0034822
-0.0020692
0.00040949
-0.002673
-0.00063689
-7.0299e-05
0.00087866
0.0023794
0.0014945
0.0014155
0.00099229
4.3631e-05
0.0025578
0.005049
0.0027434
0.0039794
0.0020935
-0.00094041
0.00027805
0.002545
0.0017154
0.00077149
0.00069352
-0.00078461
-0.0018095
-0.0019152
-0.0010873
-0.0029065
-0.00092362
9.8296e-05
-0.0014841
-0.0033677
-0.002563
0.032702
-0.48726
-0.85135
-0.95572
-0.81003
-0.36753
0.31635
-0.050566
-0.49403
-0.9057
-1.0956
-0.88932
0.32354
0.37328
0.19461
-0.38689
-1.0505
-1.2296
0.23368
0.47913
0.60547
0.32873
-0.51825
-1.0637
0.42919
0.68131
1.0155
1.1057
0.58943
-0.14165
0.47962
0.69524
0.96917
1.1648
0.99858
0.4105
-0.0055674
-0.010233
-0.0052293
0.0049655
0.0095743
0.0067219
-0.0073551
-0.011397
-0.0044453
0.0076626
0.012154
0.0063858
-0.0043486
-0.0032129
0.0049687
0.011054
0.0096267
0.0044562
-0.0020544
0.0045985
0.010663
0.0089621
0.003598
0.00019691
-0.0038764
0.0014707
0.0052711
0.0013424
-0.0070105
-0.0099429
-0.004518
-0.001683
0.0003336
-0.0029033
-0.011531
-0.015537
0.0026982
0.0029921
0.00052311
0.0037263
0.01412
0.015688
5.0205e-06
-0.0025659
-0.0026151
0.0062129
0.017786
0.017292
-0.0066878
-0.008407
-0.0022803
0.0087482
0.014092
0.010007
-0.013707
-0.012778
-0.0023359
0.0059533
0.0056194
0.0016673
-0.015005
-0.014701
-0.0066842
-0.0012445
-0.0017829
-0.0038619
-0.0098881
-0.010409
-0.0058415
-0.0026136
-0.0017986
-0.0034761
0.00041447
-0.00053451
0.0023363
0.0055189
0.0045135
0.0016754
-0.00036516
-0.0013448
0.0012943
0.0047423
0.0026069
-0.0010526
0.00050356
-0.0017102
-0.0015305
-0.0018418
-0.0066652
-0.0085118
-0.0002213
-0.0019867
-0.0022065
-0.004438
-0.0090246
-0.0097127
0.00046652
0.00039517
0.0014467
0.0014325
-0.00039284
-0.00030873
0.0022974
0.0027857
0.0032757
0.0043153
0.0056531
0.0058621
-0.78025
-0.55671
0.51244
1.432
1.3801
0.80136
-1.0035
-0.94089
0.11744
1.2562
1.4662
1.0366
-0.62898
-0.86554
-0.31549
0.51758
1.0021
0.88757
-0.27782
-0.61263
-0.48128
-0.016568
0.3586
0.44344
-0.32816
-0.58886
-0.59974
-0.38203
-0.20775
-0.11856
-0.33584
-0.5174
-0.57227
-0.56089
-0.50032
-0.31336
-0.44492
-0.28666
0.36023
0.92171
0.7729
0.36729
-0.57052
-0.49484
-0.050215
0.12469
-0.24015
-0.50972
-0.29931
-0.51048
-0.68848
-1.003
-1.3551
-1.1841
-0.33823
-0.53162
-0.65523
-0.77636
-0.81791
-0.57732
-0.32847
-0.25752
0.17239
0.76747
1.2533
1.1386
-0.054079
0.040221
0.59931
1.4074
1.8761
1.6897
0.0034236
0.0015586
-0.0010099
0.0011536
0.0052181
0.0060803
0.0027561
0.0015834
0.00090676
0.0022009
0.0045095
0.0040815
-0.0014156
-0.0024537
-0.0022025
-0.0024078
-0.0017965
-0.0010575
-0.0038069
-0.0048766
-0.0050016
-0.0056271
-0.0046282
-0.0027172
-0.00019318
-0.00057089
-0.0023912
-0.0028316
-0.0012779
1.8877e-06
0.0034156
0.0031516
0.00074621
-1.7689e-05
0.002142
0.0031446
-0.58557
-0.57103
-0.34563
-0.21603
-0.33424
-0.40492
-1.0517
-1.2112
-1.0086
-0.81372
-0.90038
-0.89472
-0.52815
-0.80877
-0.86776
-0.74986
-0.70446
-0.60023
0.8402
0.72338
0.41147
0.44629
0.56614
0.40782
1.5558
1.3868
0.90102
0.76049
0.90135
0.77362
0.93787
0.6762
0.28201
0.12073
0.20452
0.23218
-0.00044242
0.0014526
0.0062452
0.0066246
1.0574e-05
-0.0038384
-0.0022873
0.00048295
0.0065013
0.0061225
-0.0025149
-0.0067487
-0.0045012
-0.0020913
0.0038962
0.0041237
-0.0034963
-0.0073599
-0.0058481
-0.0032019
0.0039666
0.0047678
-0.0020605
-0.0052548
-0.0067116
-0.0034138
0.0050552
0.0065538
0.0013393
-0.00087377
-0.0055898
-0.0028469
0.0029683
0.0045029
0.0021941
0.0012797
0.0071615
0.0092329
0.0067836
0.00062331
-0.0095353
-0.01414
0.0077306
0.010451
0.0095431
0.0022302
-0.010562
-0.014939
0.0041217
0.006178
0.0072184
0.0021911
-0.0060118
-0.0075379
0.0066767
0.0064184
0.0044749
0.00056178
-0.0042693
-0.0035364
0.010954
0.0088519
0.0036293
-0.0034326
-0.011046
-0.011644
0.0085584
0.0062979
0.002166
-0.0050006
-0.015184
-0.017125
-1.5457
-1.7159
-0.806
0.18352
0.1846
-0.20603
-1.6824
-1.2724
0.43844
1.232
0.63212
-0.082564
-0.83691
0.25142
1.4231
1.287
0.31149
-0.20966
0.23002
1.1487
1.0817
0.08832
-0.44494
-0.31017
0.79439
0.93194
0.041157
-0.71749
-0.4959
-0.0060554
0.68366
0.28603
-0.48543
-0.60513
-0.18878
0.16724
1.5265
1.0314
-0.64441
-1.0921
-0.71313
-0.38699
1.8297
1.1025
-0.76944
-1.0505
-0.46754
-0.15993
1.6324
0.75846
-0.7615
-0.75953
-0.1661
-0.07106
1.2654
0.38133
-0.77298
-0.67762
-0.217
-0.18887
0.85765
0.26855
-0.60167
-0.62047
-0.32605
-0.30557
0.61004
0.27588
-0.30734
-0.40995
-0.19417
-0.22987
-0.58968
-0.69821
-0.23595
0.40652
0.65673
0.47171
-0.73706
-0.82547
-0.26437
0.46203
0.71985
0.52441
-0.67611
-0.72035
-0.1625
0.43178
0.57362
0.37315
-0.63581
-0.62098
-0.0026754
0.56044
0.57555
0.32494
-0.72315
-0.66897
0.0024222
0.61479
0.67227
0.39822
-0.67604
-0.64121
-0.10137
0.43096
0.55047
0.32592
-0.095288
0.44757
0.92207
0.41522
-0.58244
-0.9128
-0.3351
0.43172
1.1107
0.55527
-0.72979
-1.1586
-0.376
0.47582
1.1146
0.46177
-0.85007
-1.1643
-0.13857
0.62615
1.0169
0.25338
-0.96173
-1.1526
0.031504
0.8039
1.0537
0.25166
-0.86194
-0.99597
0.049077
0.6394
0.86987
0.21449
-0.63197
-0.75192
-0.0011212
-0.0035739
-0.0071208
-0.0071058
-0.0019495
0.0020678
0.0013492
9.2995e-05
-0.0052358
-0.0055499
0.0033326
0.0075199
0.003201
0.0047295
0.0010855
0.0012275
0.0097393
0.011054
0.003962
0.0057022
0.0016659
0.0011171
0.0051395
0.0052197
0.0020871
0.00085085
-0.0030468
-0.0042229
-0.0038961
-0.0045666
-0.0005888
-0.0036856
-0.0052609
-0.0041641
-0.0044708
-0.0052476
-0.0027632
-0.0027463
-0.0018376
-0.0017433
-0.0024494
-0.0018571
-0.00080748
0.00035115
0.0014397
0.00085295
0.0004307
-0.00011823
6.5334e-05
0.0027249
0.0057413
0.0066653
0.0052853
0.0023141
-0.0019631
0.00045294
0.004462
0.0052524
0.002282
-0.00045881
-0.0038526
-0.0037374
-0.0007983
0.0001149
-0.0023153
-0.0027907
-0.0040287
-0.0041726
-0.0015728
0.0003739
0.00019514
-0.00020078
-0.00060921
-0.0021357
-0.0010796
-0.00032171
-0.0033294
-0.0057001
0.00043326
-0.0004918
0.00062765
0.0011748
-0.0025046
-0.0052056
0.0026487
0.0017312
0.0026085
0.0034677
0.00046151
-0.002318
4.1838e-05
-0.00082489
0.001618
0.0042786
0.0027933
-9.2217e-09
-0.0037811
-0.0034809
0.0011436
0.0050217
0.0032461
-0.00098257
-0.0033096
-0.001457
0.0024569
0.0039062
0.00051689
-0.002654
-0.40321
0.2677
0.91782
0.43337
-0.42687
-0.62462
-0.42925
0.3833
1.2053
0.82231
-0.26942
-0.65734
-0.69331
-0.16804
0.77678
1.0792
0.3098
-0.33675
-1.0491
-1.0464
-0.098111
1.0369
1.0582
0.33421
-1.0534
-1.4396
-0.92764
0.4626
1.1918
0.74908
-0.76904
-1.2017
-1.0774
-0.1464
0.73577
0.70418
-0.30238
-0.58803
-0.7029
-0.20486
0.49326
0.59898
-0.2354
-0.62821
-0.97997
-0.58832
0.38122
0.82027
0.43348
-0.050938
-0.96547
-1.0145
0.12952
0.88412
1.1103
0.76406
-0.66861
-1.2146
-0.15562
0.78502
1.4166
1.2548
-0.21777
-1.2087
-0.4832
0.40052
1.1266
1.0835
0.077224
-0.85163
-0.62735
0.10076
-0.068192
0.43073
0.77543
0.3183
-0.61421
-0.82712
0.24001
0.83193
0.88871
-0.15692
-1.1853
-0.92648
0.77891
1.103
0.36806
-0.98906
-1.123
-0.22366
1.0321
0.78369
-0.62345
-1.4398
-0.41752
0.74187
0.76432
0.040927
-1.2258
-1.1396
0.44394
1.2151
0.30182
-0.52122
-1.1449
-0.47025
0.84464
1.0775
-0.0023852
-0.003073
-0.003853
-0.0020245
0.0013691
0.0029955
-0.0024045
-0.001129
-0.00027365
0.0014678
0.0035958
0.002631
-0.00056302
0.0014725
0.0021036
0.0038136
0.0048576
0.0017849
-0.00016187
0.0007154
-0.001407
-0.00050197
0.0014404
-0.00059545
-0.00055432
9.7147e-05
-0.0025017
-0.0023073
-0.00067092
-0.0018751
-0.001642
-0.00013362
0.00029125
0.00092765
0.00016592
-0.002288
-0.085032
-0.11324
-0.071017
-0.011622
0.0043925
-0.0042008
-0.10619
-0.12069
-0.064465
-0.02243
-0.035242
-0.045449
-0.062488
-0.044263
-0.00084267
-0.0011112
-0.044521
-0.055885
0.0059343
0.05104
0.073642
0.036764
-0.010237
-0.018786
0.057192
0.10842
0.10963
0.06447
0.034639
0.025902
0.047503
0.081654
0.077951
0.052311
0.042109
0.035313
-0.0020442
0.00056326
-0.0023121
-0.0051244
-0.0010167
0.0030086
-0.0017589
0.00054219
-0.0032488
-0.0040766
0.0042101
0.0090754
0.00010939
-0.00082648
-0.0055321
-0.0040632
0.0050365
0.0089683
0.0019961
-0.0017105
-0.0071639
-0.0046215
0.0021147
0.0032694
0.0042928
-0.00105
-0.0054478
-0.0019172
0.0026011
0.0029427
0.0039132
-0.001211
-0.0047257
-0.00086937
0.0031741
0.0043835
6.1189e-05
0.0034374
0.0043338
-0.0015449
-0.0081413
-0.0074911
0.0038523
0.0093785
0.0095436
0.0026606
-0.0053608
-0.007173
0.0010501
0.0039213
0.0053061
0.0033684
-0.001779
-0.0048946
-0.0022849
-0.0032298
-0.0018277
0.00071542
-0.0010197
-0.0028895
-0.00201
-0.0029648
-0.00069236
0.0023441
0.0012433
-0.0002723
-0.0037582
-0.0023763
0.0010309
0.0037523
0.0022867
-9.3236e-05
-0.00067785
0.0010428
0.0040588
0.0055799
0.0064499
0.0067592
-0.0014448
-0.00024753
0.002368
0.003824
0.0023029
0.0016606
-0.00045518
-0.0019467
-0.0027804
-0.0041045
-0.0075947
-0.0072603
0.00011073
-0.0014502
-0.0037537
-0.0069777
-0.010554
-0.0085473
0.0017022
0.0033959
0.0016285
-0.0022184
-0.0030511
-0.00016381
0.0038837
0.0061452
0.0038714
0.00036842
0.0020496
0.0056996
0.28464
0.017333
-0.26816
-0.57205
-0.65934
-0.39075
0.54716
0.56946
0.41595
0.11488
-0.095055
-0.10503
0.18332
0.56145
1.0965
1.4802
1.5666
1.1283
-0.35401
-0.17959
0.39713
1.0916
1.4512
1.2066
-0.46366
-0.71389
-0.83407
-0.83283
-0.69868
-0.61184
-0.31797
-0.6407
-0.88599
-1.2513
-1.4892
-1.2963
-0.014041
-0.019582
-0.012429
0.002048
0.011042
0.011845
-0.018406
-0.025239
-0.018229
-0.0020657
0.010092
0.01299
-0.014964
-0.024759
-0.021921
-0.0062984
0.012058
0.019768
-0.012291
-0.024019
-0.024236
-0.0046826
0.025915
0.038242
-0.0064062
-0.021128
-0.0236
0.0020652
0.0409
0.050289
-0.00093168
-0.013809
-0.016475
0.0065381
0.039127
0.041782
0.37336
0.066364
-0.34698
-0.48084
-0.34927
-0.12385
0.70149
0.3945
-0.30112
-0.55865
-0.40805
-0.22512
0.82522
0.78322
-0.059064
-0.58597
-0.60721
-0.40302
0.71513
1.0677
0.49112
-0.51214
-0.94174
-0.76419
0.28602
1.1506
1.1862
0.0028389
-1.1226
-1.2002
-0.083067
0.91653
1.4
0.49294
-0.84569
-1.1552
-0.86429
-0.97927
-0.82643
-0.20267
0.68311
1.1918
-0.099202
-0.60503
-1.1401
-1.1605
-0.28437
0.62762
1.122
1.0682
-0.022954
-1.0771
-1.0692
-0.42357
1.1071
1.5759
1.244
0.20812
-0.52631
-0.50905
-0.27315
0.30459
0.86976
0.71039
0.19351
-0.12528
-0.82213
-0.77979
-0.25182
0.18067
0.12855
-0.13602
-0.47934
-0.97547
-0.51907
0.64392
0.9314
0.24143
-0.52755
-1.1397
-0.6939
0.7351
1.1298
0.26072
-0.37094
-1.062
-0.82866
0.56798
1.0689
0.23127
-0.17779
-0.94427
-0.91567
0.32885
1.0091
0.44653
-0.0012805
-0.71829
-0.83992
0.1372
1.0311
0.75729
0.058127
-0.40153
-0.59698
-0.0013149
0.82703
0.72152
0.0059676
0.0041532
0.00092907
0.0028862
0.0059421
0.0061311
0.0028455
0.0030828
0.0028946
0.0035256
0.0039308
0.0041895
-0.0020222
-0.00020245
0.00044521
-0.0038478
-0.0089446
-0.0070203
-0.0067976
-0.0059264
-0.0035294
-0.006903
-0.012071
-0.0094518
-0.0047336
-0.0042284
-0.00079599
0.00077741
2.5189e-05
0.0009474
0.0016051
0.0020684
0.0039457
0.0063386
0.0079382
0.007606
-0.00095548
-0.0023403
-0.00088239
0.00056419
-0.00014754
-0.0012742
-0.00086243
-0.0030766
-0.00073735
0.001141
-0.00067405
-0.0018171
-0.0013078
-0.0020539
0.0010343
0.0034301
0.0008962
-0.00010685
-0.0030833
-0.0010035
0.004578
0.0060015
0.0033421
0.0024687
-0.0023617
0.0011751
0.0057044
0.0044031
-0.00090772
-0.0025415
0.00037022
0.0036724
0.0045447
-0.00056034
-0.007767
-0.0090504
-0.16751
-0.033341
0.22641
0.4713
0.53177
0.3862
0.54137
0.75928
0.73783
0.67155
0.50726
0.20725
1.4012
1.6113
1.1819
0.66894
0.16028
-0.12685
0.87489
0.76617
0.25854
-0.16923
-0.43021
-0.43105
-0.79061
-1.2459
-1.239
-1.0015
-0.61392
-0.20712
-1.4607
-1.723
-1.3694
-0.83419
-0.23563
0.13897
0.007426
0.0070269
-0.0007259
-0.0066213
-0.0054455
-0.0021486
0.013504
0.011585
-0.0012306
-0.010941
-0.0097368
-0.0033943
0.014576
0.00734
-0.0092528
-0.016072
-0.0098736
-0.00083399
0.011571
-0.00069965
-0.015115
-0.013693
-0.00043388
0.0084167
0.0057598
-0.0063369
-0.013952
-0.0036799
0.012518
0.018044
0.00043626
-0.0087078
-0.011869
-0.00032533
0.014125
0.016396
1.0406
1.0496
0.14287
-0.803
-1.0411
-0.62545
1.2224
1.5907
0.78924
-0.50944
-1.1216
-0.87513
0.35139
1.0027
0.89581
0.056686
-0.81079
-0.96296
-0.65668
-0.079504
0.69461
0.72247
-0.10877
-0.74039
-1.2003
-0.84075
0.21945
0.91631
0.56987
-0.22486
-1.0706
-0.96708
-0.25099
0.49346
0.62455
0.074515
-0.0069853
-0.011341
-0.0035008
0.00548
0.00098646
-0.0059885
-0.0085007
-0.0090088
0.00026318
0.0057627
-0.0046124
-0.01256
-0.0063727
-0.0044694
0.0011794
0.00079411
-0.0082932
-0.010998
-0.003168
-0.0012099
0.0017501
-0.00088075
-0.0047733
-0.0030772
0.00055634
0.0050201
0.0085165
0.008159
0.0071521
0.0069345
0.00029593
0.0051165
0.0092838
0.011903
0.012848
0.010887
-0.0034316
-0.00050697
0.0028599
0.0015144
-0.0023269
-0.0026337
-0.00071314
0.0012371
0.0039028
0.0033669
-0.00046504
-0.0015743
-0.0022863
-0.0011738
0.0014618
0.0029387
0.0015661
-0.00052326
-0.0027502
-0.00016201
0.0028947
0.0039388
0.0021344
-0.00051065
-0.0030872
0.00063833
0.0036092
0.0030675
0.00055708
-0.0016014
-0.0049879
-0.0022253
-0.00033677
-0.0012578
-0.0020372
-0.0022934
0.27942
0.25054
-0.38544
-0.62691
0.30208
0.94687
0.23862
0.090939
-0.73244
-0.81079
0.51426
1.2856
0.10172
-0.12746
-0.92581
-0.89098
0.64552
1.4112
-0.06777
-0.40253
-1.1248
-0.91272
0.80854
1.5469
-0.19829
-0.76683
-1.4003
-0.91201
0.91346
1.5567
-0.17581
-0.73662
-1.2211
-0.65621
0.76677
1.1545
0.00097043
0.00094378
0.0021995
0.0021867
-0.0021773
-0.0045976
0.00034283
-0.00090431
0.00067639
0.0021872
-0.0018048
-0.0045602
-0.00041002
-0.00096228
0.001058
0.0030974
0.0012579
-0.00049862
-0.00089058
-0.000669
0.00085909
0.0027636
0.0028681
0.0021926
-0.0012533
0.00023451
0.00049367
0.00022704
0.00015925
0.00027198
-0.0016044
0.0002188
0.00018985
-0.0016444
-0.0029147
-0.0028639
-0.4546
-0.54551
-0.44225
-0.6521
-0.98823
-0.83454
-0.21386
-0.27923
-0.45393
-0.85428
-0.87414
-0.3363
-0.10457
-0.27363
-0.63332
-0.61836
0.21572
0.95333
-0.21347
-0.51303
-0.7395
-0.10634
1.1626
1.6067
-0.13799
-0.3177
-0.25124
0.60266
1.4207
1.3797
-0.020286
-0.031585
0.22864
0.8389
1.124
0.79427
-0.024981
-0.037789
-0.03143
-0.00021534
0.033533
0.037968
-0.026589
-0.042568
-0.038004
0.0028849
0.050334
0.05319
-0.022301
-0.03141
-0.024255
0.007056
0.044428
0.045356
-0.038571
-0.035299
-0.0096086
0.020407
0.04133
0.036156
-0.058085
-0.051183
-0.00972
0.033486
0.050303
0.038787
-0.048548
-0.044657
-0.010563
0.025298
0.040885
0.029988
0.28471
-0.15738
-0.7543
-0.82956
-0.20622
0.31875
0.23855
-0.39075
-1.0425
-0.72717
0.29765
0.70609
-0.17609
-0.83773
-0.90784
0.038824
0.92871
0.70109
-0.7728
-1.0673
-0.24812
0.96914
1.0482
0.37474
-1.0342
-0.7641
0.59702
1.4366
0.86818
-0.023753
-0.82529
-0.34803
0.69553
1.1611
0.54235
-0.14962
-0.0085548
-0.003602
0.0018616
0.0014751
-0.0023273
-0.0042793
-0.0031978
0.0022077
0.0042102
0.00015703
-0.003518
-0.0044832
0.0026942
0.0052694
0.0012416
-0.0047349
-0.0054533
-0.0039981
0.0035029
0.0025891
-0.0025673
-0.0054949
-0.0045756
-0.0019194
0.0025851
0.0023804
0.0013958
0.0020623
0.001956
0.00091705
0.00134
0.0024796
0.0042671
0.0067912
0.0051631
0.0016221
-5.0018
-4.5756
-4.5743
-4.5758
-5.1024
-4.5729
-4.9983
-4.5754
-4.5743
-4.5759
-4.5751
-4.6311
-5.2182
-4.5727
-4.5713
-4.5996
-4.5687
-5.1591
-4.5651
-4.6533
-4.5752
-5.1863
-5.2042
-4.5742
-4.8169
-4.5743
-5.0321
-4.5752
-4.988
-5.0269
-4.575
-4.9178
-4.5753
-4.5754
-5.0206
-4.5761
-4.5664
-4.5753
-4.5751
-5.0452
-4.5738
-4.5758
-5.3634
-4.5717
-4.5714
-4.5751
-5.1126
-5.0216
-4.5756
-5.1387
-4.576
-4.5714
-5.1312
-5.132
-5.0225
-5.1778
-4.5747
-4.5762
-4.5753
-5.2559
-4.9946
-5.1051
-4.5753
-4.568
-4.5735
-4.5748
-4.5751
-5.0565
-4.5669
-5.1232
-4.7378
-5.2102
-4.5744
-4.5747
-5.3556
-4.5739
-5.1885
-4.5724
-4.5761
-5.1662
-4.5757
-4.968
-4.5627
-5.0978
-4.5746
0.021744
0.023417
0.021341
0.0056905
-0.0041187
-0.001935
0.012866
0.0054356
0.00049813
-0.0044858
-0.0086659
-0.0044036
0.0051353
-0.0074681
-0.0093287
-0.0056961
-0.0048207
-0.00029186
0.0032864
-0.0037929
-0.0033136
-0.0051306
-0.005294
0.00012507
-0.00045286
-0.0027606
0.0018201
-0.0019405
-0.0087301
0.0013092
-0.00020453
-0.0024872
0.0022449
0.0045256
-0.0056828
-0.0034464
