0.012941
0.38955
-1.1865
0.95932
-1.0218
0.79953
-0.63054
-0.19362
-0.78267
0.47767
1.242
0.4823
0.66614
-1.1795
0.19452
-0.73447
0.99889
-0.96976
0.039016
-1.3547
0.97889
-0.7439
-0.31065
-0.85912
0.44554
1.1054
0.98053
1.3093
-0.49167
-0.087317
-1.2906
1.2915
0.20103
-1.0933
-1.3469
0.76757
-0.22217
-0.1858
-0.37084
0.10615
-0.042804
0.73518
1.8615
0.79112
-0.57434
-0.71797
0.4676
1.3201
-0.97056
-1.4668
0.26807
0.47624
0.16331
0.17532
-0.54945
-0.78566
-0.029311
1.8757
0.88169
-0.41994
0.56308
-0.7825
1.4338
-0.18541
-1.557
-0.33979
0.74326
0.48077
0.15583
-0.86549
-0.74365
-0.65205
1.4422
0.046589
0.6577
0.99145
-1.0286
0.74545
0.20001
-1.1497
-0.59468
0.4143
0.47977
-0.0091333
-0.65467
-0.44414
-0.87138
0.84895
-0.56403
1.3054
-0.49457
0.752
-1.6255
1.4813
-0.70105
0.40331
-0.66489
0.5181
-0.97013
0.15619
1.7601
0.24659
0.69736
-1.5482
0.29669
-1.3087
1.3419
-1.3932
0.43476
-0.88047
0.8799
-0.94969
0.61618
-1.2249
-0.16739
1.595
1.0026
1.0938
-0.42797
-0.22094
-1.4713
1.1373
0.045835
-1.2185
-0.81548
1.1168
-0.4386
0.59015
-0.92633
-0.64193
0.077696
0.87342
1.2197
1.3925
-1.0965
-0.30459
-0.093511
1.2428
-1.3313
-0.92059
1.064
0.48793
0.77291
-0.61994
-1.1488
-0.95882
-0.03272
1.1296
1.4152
-0.96051
1.1333
-1.2536
1.4842
-0.43674
-1.007
0.62519
0.85994
1.0194
-0.68239
-1.2424
-1.0884
-0.94446
0.90343
0.12806
0.74312
1.2303
-1.0954
0.83371
0.15495
-0.7753
0.049221
0.54675
0.80216
-0.63352
-0.82579
-0.71855
-1.2593
0.50067
-0.78094
1.934
-0.91391
1.1276
-1.0668
1.5436
0.23532
-0.70376
-0.54051
1.2373
-0.18382
-0.78926
1.0303
-0.079812
-0.1339
-1.4281
0.44097
-1.3331
1.2715
-0.8389
0.85443
0.68427
-0.36216
-0.9473
1.4906
-0.47784
-1.2729
1.1156
0.83218
-0.39506
-0.2007
-0.1723
-0.75718
0.40537
-0.046607
-0.70634
1.1891
0.49336
-0.60188
1.3154
-0.83075
-1.3633
0.37302
1.0252
-0.76517
1.4316
-1.2478
0.5805
-0.71271
0.4277
-1.2004
1.0667
1.3726
0.42036
1.0223
-1.21
-1.0704
-0.33417
0.19945
-0.95987
1.3547
-1.3389
1.2958
-1.0619
0.4618
-0.62057
0.75301
1.6116
0.96361
0.7933
-1.4499
-0.44775
-0.60702
-0.99036
-0.89382
0.17431
0.45756
0.78995
-0.57919
0.16002
0.016265
0.45522
1.0298
0.56697
0.36712
-1.3113
0.0499
-0.6243
-1.4511
-0.69954
-0.66005
1.9281
-1.1218
1.2156
0.2499
1.4126
0.50433
-1.1726
-0.5985
0.80562
0.92496
-0.89221
-0.56052
-0.29485
-0.75708
-1.3955
0.54115
-0.84232
0.78468
0.4596
1.1262
1.3218
-1.3935
-1.1488
0.88309
0.8661
-1.2199
-0.26079
0.79547
-1.0912
-0.33539
-0.13571
0.43595
-0.53993
0.19489
-0.15219
1.8463
-0.72727
-0.85413
0.72314
0.35967
-0.94753
0.27608
1.3393
-1.3475
1.0492
-1.2266
1.3222
-1.1659
-0.36444
-0.94881
1.7382
0.31222
0.41489
0.29699
-0.24073
0.070903
0.5339
0.4762
-1.5086
1.0987
-1.4428
0.86
-0.61423
-0.6738
-0.86327
1.318
1.0801
1.2796
-0.33334
-0.76306
1.1955
0.33117
-1.0667
-1.4394
0.31324
0.13947
-0.12004
0.053014
-0.57317
-0.29674
0.95207
1.0476
0.88491
-0.72588
-0.96851
1.2968
0.0021759
-1.6151
-1.0321
-0.31791
1.6393
-0.84645
1.0352
1.2004
1.1282
0.2042
-0.78945
-0.64622
-0.50868
1.0964
-0.05554
-1.6413
-0.24356
-0.59065
-1.4939
0.28198
0.0071545
0.20034
1.3075
1.2663
0.56206
-1.2214
-1.3038
-0.7862
1.4353
0.040012
-1.4145
0.81687
-0.59609
-0.73055
-0.34149
1.2809
-1.1522
0.26037
0.36812
0.57083
-1.3181
-1.0983
-0.93772
1.3836
0.40594
-0.32249
1.4892
-0.52277
0.63443
-1.1327
1.2661
-1.3357
-0.874
-0.64417
0.32816
-1.0637
0.41308
-1.1195
1.1543
1.1365
0.7316
0.62987
-0.56505
1.0571
-1.1899
0.084167
-0.28808
-1.3269
-0.99578
0.25083
-0.39944
1.5586
-1.3169
0.86272
1.8497
1.0694
-1.048
-0.56134
0.55366
0.056311
-0.76886
0.45707
-0.9336
-0.72035
0.30715
0.1332
1.2743
-1.2515
0.22472
1.4783
0.6951
-1.5511
-0.41637
-0.11452
1.3355
-0.25351
0.68306
1.0459
0.80948
0.011361
-0.23765
-0.61736
-0.97271
0.49646
0.38631
-1.6168
-0.018186
-0.33065
-1.2072
-0.06839
0.5429
-0.19089
0.93708
1.0923
-0.12514
-0.44608
-1.1675
-1.2868
0.91696
0.66212
-1.4889
0.62153
-0.1002
-0.8333
-0.32379
1.1247
-1.092
-0.036838
0.5927
-0.39427
-0.86611
-0.96149
-1.423
1.0477
0.85125
-0.5537
1.1006
0.13111
0.2557
-0.71092
0.51465
-1.0012
-0.91671
-0.21493
-0.55986
-1.19
0.21484
-1.3865
1.197
0.99016
0.46438
0.41132
0.20702
0.76529
-0.65795
-0.58308
-0.10589
-1.2008
-0.73448
-0.54122
-0.95553
1.2227
-1.1698
1.1697
1.0065
0.98733
-0.88323
0.13174
0.40445
0.065106
-0.90553
0.47468
-0.83264
-0.66074
-0.32848
-0.4791
1.123
-0.8212
0.74398
0.64364
0.70427
-1.2014
0.0072607
-0.1415
0.86673
-0.049797
-0.88279
-1.5037
-0.76784
0.60654
1.1169
-0.49299
-1.3876
-1.5591
-0.19822
1.2454
1.2775
-0.92327
-1.4796
-0.78413
0.75163
1.4442
0.82673
-1.2175
-0.93738
0.4914
1.4565
0.91045
-0.024954
-0.92417
-0.0095921
1.4044
1.3162
0.052656
-0.65763
-0.28628
0.63119
1.2852
0.60359
-0.469
-0.68127
0.42327
1.1428
1.3871
0.39279
-0.92505
-1.169
0.8262
1.4789
1.2522
-0.19321
-1.4042
-1.2306
1.2489
1.4101
0.49441
-0.89149
-1.226
-0.60011
1.3636
0.92095
-0.58893
-1.3571
-0.73714
0.11007
1.2519
0.22774
-1.2679
-1.4722
-0.33473
0.44114
0.65794
-0.23734
-1.1506
-1.0622
-0.08429
0.48012
-1.2751
-1.0785
0.2154
1.3336
1.5158
0.94881
-1.7062
-1.4859
0.069701
1.4089
1.6058
0.9694
-1.111
-0.84378
0.04562
0.53687
0.40939
0.032204
0.25153
0.50418
0.28315
-0.35886
-0.83104
-0.73484
1.3613
1.4112
0.34253
-0.9012
-1.4382
-1.0469
1.2282
1.0251
-0.051102
-0.99978
-1.284
-0.91212
0.92894
0.056266
-1.1207
-1.1132
-0.31679
0.11012
1.4818
0.48971
-1.1933
-1.4168
-0.46322
0.098297
1.6552
0.99407
-0.64246
-1.2762
-0.74253
-0.02556
1.5288
1.2661
-0.050361
-1.0086
-0.97347
-0.36257
1.2865
1.4234
0.44288
-0.68907
-1.1413
-0.78473
0.88684
1.1919
0.65089
-0.16127
-0.71785
-0.70704
-1.1382
-1.4816
-1.4922
-1.5958
-1.6429
-1.2639
-0.93088
-1.0363
-0.9215
-0.96055
-0.99063
-0.83409
0.19486
0.85201
1.2884
1.0919
0.7834
0.4246
0.68608
1.4469
1.9267
1.7906
1.3913
0.96664
0.38467
0.63767
0.63974
0.38042
0.28177
0.28268
0.10489
-0.064075
-0.35484
-0.55073
-0.52096
-0.36543
0.8069
1.0264
0.73617
0.26394
-0.21196
-0.517
0.31655
0.8922
1.2727
1.1962
0.7563
0.1211
-0.8728
-0.40546
0.62358
1.5094
1.7087
1.1874
-1.2616
-1.4703
-0.80512
0.25545
1.0796
1.0953
-0.83336
-1.3199
-1.4761
-1.1539
-0.44531
0.16527
-0.27617
-0.59555
-1.0436
-1.2724
-1.0073
-0.38685
-0.75306
-0.92834
-0.33677
0.53305
0.83378
0.64011
-0.80057
-1.092
-0.47505
0.61994
1.0208
0.76301
-0.68075
-1.145
-0.69036
0.55724
1.1415
0.74944
-0.75721
-1.3562
-0.98138
0.50803
1.4525
1.0031
-0.81553
-1.526
-1.2284
0.45807
1.697
1.4226
-0.68551
-1.2361
-0.98954
0.28523
1.2971
1.1931
-0.20713
-0.33543
-0.20368
0.16997
0.55234
0.44576
0.53039
0.62271
0.67361
0.92365
1.1646
0.91083
1.2816
1.6249
1.4558
1.1554
0.86916
0.48586
0.86957
0.92874
0.62804
0.17827
-0.41521
-0.71825
-0.41701
-0.86564
-1.1415
-1.2719
-1.4469
-1.3361
-1.0667
-1.4354
-1.5377
-1.4132
-1.2286
-0.99065
-0.93298
-0.93717
-0.35435
0.11463
0.021918
-0.18589
-1.0352
-1.3509
-1.055
-0.72573
-0.77418
-0.76964
-0.0082128
-0.44271
-0.9883
-1.318
-1.536
-1.3555
0.9662
1.0071
0.48017
-0.22263
-0.82011
-0.98113
1.1465
1.5773
1.5504
1.2936
0.8754
0.33364
0.61511
0.98842
1.1765
1.3337
1.3037
0.86033
0.43498
0.53553
0.1182
-0.61226
-0.98815
-0.70264
0.1491
-0.17927
-0.74924
-1.3478
-1.3853
-0.85772
-0.78747
-1.3233
-1.547
-1.3053
-0.61784
0.02104
-0.90689
-1.2497
-1.0459
-0.0081888
1.2382
1.4588
-0.085554
-0.002239
0.43294
1.3384
2.0074
1.6492
0.39454
0.7109
1.0633
1.2865
1.2053
0.77345
1.469
1.2012
-0.084384
-0.78884
-0.8355
-0.45089
1.8496
1.7388
0.16541
-0.9989
-1.1927
-0.84871
1.0713
1.1522
0.38076
-0.37583
-0.77106
-0.73991
-0.57235
-0.37561
0.14685
0.4781
0.34162
0.081646
-1.7045
-1.6205
-0.38197
0.83598
1.2231
0.77353
-1.6687
-1.5747
-0.54796
0.63082
1.0809
0.72618
0.54702
0.95087
0.66085
-0.10134
-0.82123
-0.99579
0.37696
1.0304
0.95181
-0.081084
-1.1294
-1.3793
0.043044
0.9067
1.1992
0.14289
-1.1993
-1.6065
-0.1193
0.94425
1.5134
0.46951
-1.2042
-1.7082
-0.14843
0.92429
1.6042
0.68719
-1.1021
-1.6244
-0.036503
0.70332
1.201
0.48105
-0.89789
-1.3535
0.76818
1.3887
1.9148
1.9591
1.5694
0.95669
0.73106
1.1705
1.3649
1.2439
0.97106
0.55024
-0.20685
-0.44753
-0.75905
-0.98875
-0.94517
-0.70513
-0.8711
-1.255
-1.5013
-1.6346
-1.5385
-1.105
-0.66433
-0.74928
-0.61806
-0.55386
-0.53608
-0.44241
-0.30508
-0.093177
0.15907
0.20408
0.15429
-0.0092639
-1.2725
-0.60479
0.80874
1.0166
0.082845
-0.53112
-1.6249
-0.58374
1.3774
1.5312
0.11997
-0.73358
-1.4919
-0.39496
1.539
1.4886
0.15258
-0.56537
-1.4642
-0.45471
1.1899
1.2268
0.31054
-0.23651
-1.5442
-0.78785
0.69937
1.1045
0.54924
-0.080816
-1.3201
-0.91531
0.27484
0.85835
0.57363
-0.0084233
0.078413
-0.13404
-0.75688
-0.49804
0.75558
1.4994
0.29173
-0.22801
-1.2192
-0.97689
0.87438
2.0766
0.45046
-0.21031
-1.3819
-1.3423
0.63578
2.0821
0.49236
-0.19883
-1.3539
-1.4611
0.34799
1.7939
0.15522
-0.38609
-1.1895
-1.2047
0.18028
1.4406
-0.088662
-0.32874
-0.7694
-0.77887
0.058285
0.93567
-5.1307
-5.5686
-5.0624
-5.2535
-5.2409
-5.3797
-5.438
-5.3646
-5.4487
-5.1272
-5.4324
-5.4902
-5.2038
-5.4285
-5.2698
0.0090709
0.0052005
0.0034781
-0.004181
-0.0096754
-0.008585
0.009341
0.001636
-0.0025462
-0.009229
-0.01382
-0.0092993
0.0076978
-0.0035544
-0.0052452
-0.0064638
-0.010606
-0.0078346
0.015475
0.0054936
-0.0038723
-0.0077801
-0.012374
-0.010532
0.014296
0.014863
0.0042051
-0.0019116
-0.0073224
-0.010351
0.014905
0.013932
0.0068121
0.0046849
-0.0026154
-0.0017219
