-0.046291
-0.045184
-0.072775
0.0048186
-0.12536
0.084365
-0.07527
-0.15713
-0.38787
0.38329
-0.10161
0.0012171
0.06574
-0.02232
0.11419
-0.04654
-0.084116
-0.034391
0.16479
-0.43076
-0.03218
-0.014465
0.065658
0.099952
-0.086036
0.11978
-0.049638
-0.23285
-0.43383
0.47899
-0.080797
-0.067254
-0.014055
0.022123
0.32995
-0.061399
0.057558
-0.24273
0.12436
-0.5219
0.090822
-0.051021
0.13016
0.085635
-0.1027
0.059367
0.017662
-0.26512
-0.34795
0.31413
-0.12784
-0.1643
-0.0075629
0.00074434
0.38122
-0.041048
0.18866
-0.51096
0.020465
-0.33856
0.21367
-0.054831
0.10929
-0.016783
-0.14916
-0.015336
0.036763
-0.25134
-0.21959
0.075209
-0.20834
-0.22597
0.030046
-0.082376
0.23056
0.055642
0.19019
-0.62622
-0.22738
0.043248
0.24367
-0.12192
0.14664
-0.12812
-0.1187
-0.13031
0.088673
-0.17404
-0.041873
-0.16358
-0.16759
-0.16346
0.085084
-0.25845
0.12328
0.12337
0.11361
-0.47112
-0.45998
0.48646
0.17909
-0.22202
0.13575
-0.1432
-0.059071
-0.28001
0.15807
-0.084296
0.13756
-0.25838
-0.12759
-0.056587
0.16766
-0.52046
0.14254
0.097579
-0.055631
-0.14679
-0.42552
0.57287
0.020768
-0.1952
0.049913
-0.13863
0.018121
-0.4925
0.09124
-0.062618
0.24386
-0.19939
-0.15303
-0.030325
0.18136
-0.73554
0.11373
0.053145
-0.17278
0.25022
-0.21487
0.37395
-0.087105
-0.099147
0.016121
-0.23253
0.0073083
-0.58812
-0.056528
-0.0055156
0.37482
-0.14776
-0.13042
-0.052349
0.11196
-0.72588
0.12188
-0.015893
-0.24714
0.4973
0.067368
0.12861
-0.068728
-0.095434
-0.0028598
-0.42471
-0.0092566
-0.34771
-0.15241
0.12172
0.37217
-0.16836
-0.096545
-0.071045
-0.098435
-0.58801
0.11585
-0.14922
-0.33581
0.44314
0.27246
-0.050504
-0.077754
-0.14776
0.028891
-0.47209
0.071712
-0.027702
-0.18541
0.29571
0.2371
-0.15634
-0.055249
0.00043743
-0.35166
-0.44438
-0.015409
-0.21626
-0.20668
0.29168
0.35295
-0.12778
-0.063021
-0.13106
0.094027
-0.31547
0.20484
0.27063
-0.16054
0.32438
0.14951
-0.17361
-0.074731
0.071439
-0.52459
-0.34201
-0.20571
-0.18676
-0.0096276
0.1059
0.22895
-0.10661
0.0031108
-0.16055
0.017154
-0.10173
0.2259
0.43394
-0.23955
0.29089
0.08369
-0.19604
-0.13701
0.11561
-0.58086
-0.36802
-0.46313
-0.2669
0.042445
-0.1165
0.074991
-0.094042
-0.026528
-0.20909
-0.1483
0.24625
0.1713
0.3464
-0.31815
0.28616
-0.066604
-0.17505
-0.099014
0.15131
-0.52779
-0.36085
-0.64574
-0.28711
0.10568
-0.21014
0.02874
-0.067296
-0.033476
-0.19578
-0.28307
0.4071
-0.040188
0.17644
-0.37086
0.18351
-0.12494
-0.14437
-0.10497
0.024202
-0.37641
-0.28754
-0.56402
-0.082144
0.15766
-0.16786
0.045451
-0.056279
-0.031235
-0.14067
-0.30761
0.26231
-0.11864
0.070252
-0.38437
0.090304
-0.11671
-0.085801
-0.10513
-0.054371
-0.091821
-0.15789
-0.43324
0.01091
0.086144
-0.16295
0.072937
-0.12581
-0.11071
-0.021195
-0.056907
0.11652
-0.15508
0.1732
-0.028941
-0.17105
-0.44359
0.62243
-0.099453
-0.04812
0.099677
0.023341
0.3361
-0.0037516
-0.050293
-0.10233
0.12187
-0.76714
-0.02631
-0.046527
0.093761
0.17785
-0.16206
0.26563
-0.0017459
-0.30736
-0.5856
0.73403
-0.064563
-0.15237
0.021248
0.069164
0.63847
0.0018857
0.080613
-0.37401
0.1231
-0.88652
0.1701
-0.09255
0.15401
0.12734
-0.13327
0.24179
0.065756
-0.39724
-0.54647
0.53063
-0.12287
-0.19338
0.0031452
0.049816
0.75554
0.078007
0.30577
-0.72623
0.047048
-0.46061
0.31138
-0.13574
0.11524
0.027338
-0.15217
0.15562
0.054601
-0.34529
-0.43868
0.20277
-0.17127
-0.24023
0.087314
-0.18817
0.61425
0.13914
0.4882
-0.92258
-0.22534
0.27203
0.33972
-0.16683
0.14568
-0.10373
-0.12844
-0.059566
0.11664
-0.26506
-0.17435
-0.1024
-0.16253
-0.19368
0.26172
-0.54244
0.4141
0.11344
0.38737
-0.66803
-0.61437
0.81346
0.27388
-0.23134
0.08554
-0.14957
-0.066973
-0.33179
0.16607
-0.17529
0.14257
-0.23465
-0.15177
-0.063961
0.38444
-0.88534
0.28731
0.078563
0.059615
-0.05969
-0.66799
0.78971
0.092075
-0.2458
0.0017853
-0.17186
0.011601
-0.67104
0.13108
-0.14219
0.29649
-0.28719
-0.2038
-0.041098
0.29484
-1.1186
0.27571
0.055009
-0.19799
0.53569
-0.30755
0.46568
-0.058768
-0.16083
0.046848
-0.27282
0.029216
-0.79514
-0.038066
0.016051
0.40656
-0.26886
-0.157
-0.030545
0.043454
-1.0847
0.39733
-0.024176
-0.26622
0.81806
0.1742
0.1064
-0.08973
-0.22387
0.080642
-0.46522
0.032677
-0.51887
-0.17779
0.24559
0.44448
-0.25655
-0.069066
-0.052947
-0.31116
-0.84202
0.37713
-0.17065
-0.32274
0.6976
0.51257
-0.1309
-0.087418
-0.31881
0.14462
-0.6241
0.13736
0.036869
-0.25664
0.44499
0.30311
-0.26162
-0.042187
-0.10543
-0.67488
-0.64509
0.13168
-0.3187
-0.21452
0.35071
0.48969
-0.1823
-0.012969
-0.28122
0.18283
-0.47578
0.29652
0.59498
-0.3115
0.53365
0.20525
-0.29963
-0.060979
-0.034502
-0.90847
-0.48895
-0.18417
-0.27052
0.0094985
0.042477
0.30583
-0.13146
0.14282
-0.27161
0.046911
-0.063185
0.30199
0.7338
-0.36345
0.46067
0.13534
-0.26105
-0.11765
0.12304
-0.87536
-0.43882
-0.52993
-0.31182
0.18839
-0.2011
0.1474
-0.10637
0.19207
-0.27561
-0.18015
0.50394
0.14244
0.56365
-0.46295
0.33356
0.029574
-0.21153
-0.13
0.20016
-0.67771
-0.3991
-0.79023
-0.28903
0.32291
-0.31032
0.053779
-0.067332
0.12154
-0.2281
-0.34372
0.7033
-0.075737
0.26143
-0.49316
0.18837
-0.021536
-0.20349
-0.17038
0.10153
-0.38926
-0.38575
-0.83673
-0.065746
0.33961
-0.20306
0.10259
-0.083035
0.045579
-0.15777
-0.30812
0.42636
-0.15408
0.038184
-0.3937
0.093048
-0.083629
-0.16789
-0.21414
0.042741
-0.16429
-0.22265
-0.66286
0.037018
0.17932
-0.099036
0.11619
-0.15896
-0.13023
-0.089346
-0.0078441
0.11293
-0.24976
0.17159
-0.01769
-0.19247
-0.47343
0.65944
-0.027755
-0.13675
-0.13938
0.033781
0.26562
0.032155
-0.12171
-0.14063
0.077886
-0.88911
-0.093857
-0.097177
0.051458
0.093413
-0.31503
0.34437
0.069728
-0.33978
-0.64319
0.86663
-0.058418
-0.24256
-0.16411
0.07533
0.63517
0.071407
0.0058041
-0.4398
0.12351
-0.9908
-0.0167
-0.085621
0.071468
0.030106
-0.30262
0.36216
0.14132
-0.40207
-0.63484
0.74173
-0.092867
-0.22424
-0.12307
0.031932
0.87574
0.11231
0.33601
-0.77521
0.022335
-0.39689
0.084579
-0.075673
0.072546
-0.0018069
-0.31931
0.2012
0.10714
-0.31331
-0.52796
0.3999
-0.12892
-0.20101
0.021831
-0.23193
0.82784
0.16274
0.69944
-0.90579
-0.29521
0.47725
0.19524
-0.11946
0.061466
-0.035598
-0.3497
-0.031241
0.097782
-0.21988
-0.25737
0.017661
-0.13251
-0.089002
0.23233
-0.64464
0.66612
0.085954
0.75932
-0.54537
-0.77367
0.91881
0.17214
-0.1534
-0.0057267
0.010401
-0.24794
-0.3388
0.17842
-0.20487
0.10171
-0.19388
-0.14544
-0.043703
0.35922
-0.93072
0.52797
0.036838
0.44391
0.16515
-0.77433
0.76999
0.016499
-0.17794
-0.035131
4.3356e-05
-0.094243
-0.72063
0.15794
-0.2413
0.23197
-0.31867
-0.22358
-0.039118
0.24262
-1.0627
0.57736
0.035704
0.083088
0.73655
-0.27193
0.3613
-0.093149
-0.1624
0.068627
-0.11417
-0.053649
-0.85701
0.031834
-0.082561
0.32937
-0.30706
-0.20816
-0.01569
-0.091803
-0.96137
0.80129
-0.068275
-0.10741
0.91148
0.32001
-0.024295
-0.13441
-0.22284
0.20217
-0.42694
-0.060974
-0.53231
-0.014257
0.18537
0.37342
-0.29761
-0.11836
-0.029006
-0.47646
-0.65525
0.82437
-0.23781
-0.21074
0.66479
0.6379
-0.19063
-0.077755
-0.30318
0.29036
-0.74873
0.019077
0.17726
-0.15172
0.45854
0.27685
-0.34209
-0.039115
-0.080071
-0.83848
-0.42923
0.50785
-0.34965
-0.18547
0.23249
0.47745
-0.18928
0.058396
-0.28915
0.23484
-0.62005
0.16553
0.79595
-0.31494
0.6157
0.13872
-0.35812
-0.05644
-0.052103
-0.99511
-0.29071
0.086114
-0.28398
0.093938
-0.12119
0.20119
-0.1237
0.12682
-0.27451
-0.010694
0.0015216
0.12867
0.82301
-0.42036
0.55247
0.10798
-0.30172
-0.059983
0.10045
-0.86884
-0.25943
-0.35046
-0.32455
0.4542
-0.31575
0.095102
-0.036424
0.18159
-0.2756
-0.29052
0.61161
-0.11832
0.5668
-0.52227
0.36726
0.086505
-0.2201
-0.083216
0.19535
-0.53736
-0.32318
-0.72974
-0.23288
0.61337
-0.34814
0.020974
-0.017032
0.18165
-0.24023
-0.44109
0.73076
-0.25619
0.25437
-0.5995
0.25038
0.095409
-0.17869
-0.11612
0.127
-0.21446
-0.3049
-0.90162
-0.0062571
0.52646
-0.16775
0.026358
-0.053225
0.066683
-0.16106
-0.3382
0.38751
-0.19185
-0.022079
-0.43847
0.17938
-0.0064087
-0.15194
-0.15107
0.046032
-0.068048
-0.1463
-0.6921
0.059282
0.3451
0.0045983
0.0047519
-0.085279
-0.16166
0.0020875
0.040317
0.060862
-0.28284
0.088143
-0.022489
-0.10847
-0.42152
0.65629
-0.017207
-0.123
-0.19885
-0.042257
0.12499
-0.0025875
-0.25767
-0.14348
0.13736
-0.88681
-0.15835
0.029897
0.088236
0.017532
-0.44801
0.28731
0.040358
-0.19135
-0.61834
1.0078
-0.099269
-0.18871
-0.25527
-0.025004
0.43487
0.030088
-0.08261
-0.47903
0.18206
-0.89169
-0.16522
0.11543
0.11234
-0.074457
-0.56084
0.37099
0.16321
-0.25441
-0.61994
0.96381
-0.056913
-0.19649
-0.19814
-0.052272
0.65889
0.090774
0.25023
-0.79483
0.038189
-0.21065
-0.15469
0.16194
0.069752
-0.13703
-0.67532
0.20923
0.14142
-0.25598
-0.52096
0.56589
-0.027927
-0.1814
-0.092191
-0.27962
0.64023
0.10223
0.68412
-0.77553
-0.40509
0.6498
-0.10117
0.055633
-0.012626
-0.14949
-0.75528
-0.053165
0.15891
-0.24718
-0.30914
0.1214
-0.050913
-0.02779
0.09081
-0.59348
0.48418
0.0051707
0.95467
-0.26241
-0.90207
0.98173
-0.087868
-0.010454
-0.083602
0.00036114
-0.62196
-0.36884
0.17546
-0.28248
-0.052447
-0.14294
-0.077719
-0.039526
0.18863
-0.75484
0.40077
-0.07955
0.76368
0.5058
-0.83698
0.6632
-0.099856
-0.013763
-0.09466
0.11091
-0.37716
-0.79903
0.17463
-0.34718
0.12
-0.29107
-0.10207
-0.067236
0.044286
-0.74615
0.63073
-0.055309
0.37467
0.96728
-0.23094
0.17564
-0.089943
-0.0023576
0.024415
-0.034259
-0.20298
-0.91228
0.074237
-0.26043
0.27691
-0.29037
-0.13959
-0.0033328
-0.30406
-0.47525
0.96565
-0.066507
0.10535
0.91351
0.38097
-0.13703
-0.11612
-0.055747
0.17623
-0.46229
-0.16104
-0.48582
0.044636
-0.013596
0.39784
-0.34685
-0.11178
0.0065242
-0.58843
-0.058355
1.1138
-0.20113
-0.054834
0.52659
0.61492
-0.26042
-0.10594
-0.16769
0.2207
-0.86137
-0.11592
0.31803
-0.063353
0.33544
0.33122
-0.48718
-0.046992
-0.010311
-0.77519
0.15002
0.90582
-0.28117
-0.024693
0.054802
0.38724
-0.17021
-0.0416
-0.19056
0.038576
-0.70478
-0.054788
0.85801
-0.26047
0.60527
0.13314
-0.47415
-0.01679
0.018356
-0.77548
0.17149
0.44903
-0.28344
0.23815
-0.24999
0.051869
-0.022768
-0.029324
-0.18636
-0.32048
0.0063715
-0.12591
0.77826
-0.44498
0.65766
0.023554
-0.34324
0.028771
0.10576
-0.58487
0.071175
-0.054057
-0.3699
0.61975
-0.36956
-0.037856
0.021945
-0.053291
-0.24249
-0.58905
0.65812
-0.33945
0.39343
-0.65108
0.54437
0.056847
-0.20485
0.023309
0.095393
-0.2879
-0.12422
-0.46628
-0.25901
0.79263
-0.31368
-0.051115
-0.039213
-0.006848
-0.24286
-0.54667
0.71745
-0.38523
0.022401
-0.76159
0.37782
0.064459
-0.052295
-0.00037331
0.0027551
0.0029946
-0.1619
-0.63229
-0.019839
0.71211
-0.15336
-0.022656
-0.12979
-0.019641
-0.1196
-0.32335
0.36333
-0.23189
-0.12276
-0.58638
0.22762
-0.049764
-0.048888
-0.016064
-0.060129
0.085933
-0.067776
-0.4981
0.045615
0.53249
-0.049981
-0.055532
-0.1472
-0.18437
0.18963
0.078737
-0.0078326
-0.26889
0.033299
-0.049747
-0.021219
-0.33742
0.58423
-0.17113
-0.12206
-0.15343
-0.16565
-0.056692
-0.0082701
-0.36531
-0.18784
0.21868
-0.86242
-0.17099
0.28205
0.22208
-0.026711
-0.44681
0.17982
0.042648
-0.091109
-0.52949
0.98941
-0.22338
-0.12011
-0.20865
-0.15789
0.062423
0.001745
-0.21638
-0.44931
0.22631
-0.69503
-0.15386
0.37287
0.18245
-0.10094
-0.67438
0.3481
0.13569
-0.12311
-0.51921
1.0036
-0.11089
-0.19764
-0.17951
-0.18322
0.11577
-0.024029
0.0005218
-0.69821
0.037351
0.055031
-0.19287
0.40967
0.089877
-0.17708
-0.87783
0.28635
0.10693
-0.14475
-0.42791
0.66859
0.0033663
-0.1961
-0.12452
-0.3125
0.047824
-0.0080354
0.33273
-0.61813
-0.42645
0.82761
-0.25145
0.25871
-0.011937
-0.21555
-1.0127
-0.018941
0.18905
-0.17765
-0.35326
0.30719
0.0030332
-0.057665
-0.026253
-0.43397
-0.086011
0.0074669
0.71723
-0.0027299
-0.91795
0.97704
-0.25742
0.089506
-0.088103
-0.049716
-0.96992
-0.43757
0.16077
-0.23996
-0.18286
0.080854
-0.044633
-0.058388
-0.042148
-0.45361
-0.15625
-0.11483
0.74816
0.80434
-0.83495
0.46295
-0.16452
0.011416
-0.11808
0.089133
-0.73774
-0.92768
0.13664
-0.3678
0.10313
-0.086535
-0.065161
-0.071527
-0.25424
-0.28207
0.10971
-0.098532
0.50862
1.1521
-0.1727
-0.032023
-0.073985
0.053131
-0.022498
-0.12081
-0.50731
-0.99052
0.16015
-0.43118
0.33121
-0.21578
-0.13588
0.022037
-0.58824
0.14554
0.59937
-0.0010871
0.26497
0.82457
0.41503
-0.25621
-0.15036
0.043005
0.043105
-0.54517
-0.36419
-0.41945
0.14684
-0.2442
0.45976
-0.39908
-0.17373
0.070227
-0.68641
0.53299
0.94981
-0.049228
0.1309
0.26227
0.58999
-0.31887
-0.23345
-0.018849
-0.08903
-0.86882
-0.26824
0.32549
0.044077
0.1979
0.41352
-0.52575
-0.12611
-0.0088607
-0.6005
0.58457
0.95161
-0.19134
0.10071
-0.15731
0.33274
-0.16435
-0.18711
-0.029024
-0.38668
-0.68705
-0.19736
0.74425
-0.19709
0.55079
0.24405
-0.49659
-0.029474
0.002964
-0.42162
0.4896
0.60994
-0.35796
0.26841
-0.36212
-0.033992
0.065286
-0.15581
-0.019202
-0.72131
0.012207
-0.26411
0.60382
-0.5107
0.72311
0.064582
-0.39588
0.066597
0.024891
-0.14825
0.3662
0.18911
-0.48538
0.59853
-0.36424
-0.12047
0.096917
-0.1891
-0.11661
-0.84002
0.66774
-0.33212
0.16351
-0.82848
0.734
-0.011645
-0.18338
0.10726
-0.023631
0.093301
0.20337
-0.096902
-0.35908
0.746
-0.24565
-0.054744
-0.06686
-0.18668
-0.12503
-0.52791
0.67474
-0.32469
-0.20759
-0.88955
0.59824
-0.043751
-0.026583
0.092016
-0.10963
0.18951
0.056413
-0.25133
-0.094479
0.67842
-0.13852
0.012593
-0.18038
-0.14389
-0.066879
-0.22244
0.32812
-0.21818
-0.27636
-0.62023
0.37376
-0.11946
-0.057262
0.028268
-0.18856
0.17663
-0.042533
-0.31296
0.041716
0.42868
-0.10899
0.016336
-0.17759
-0.14131
0.40094
0.13275
-0.037324
-0.096385
0.042051
-0.018233
-0.068717
-0.25974
0.45154
-0.27809
-0.1762
-0.17919
-0.31211
-0.23636
0.018876
-0.36482
-0.23822
0.21773
-0.78482
-0.14248
0.59295
0.24148
-0.060446
-0.20666
0.12463
0.096034
-0.092916
-0.44612
0.80499
-0.33822
-0.18153
-0.30702
-0.4007
-0.3302
0.0019264
-0.41967
-0.43418
0.25884
-0.52539
-0.1912
0.59128
0.16024
-0.13323
-0.45985
0.28658
0.14022
-0.072173
-0.48943
0.90123
-0.24997
-0.19024
-0.26802
-0.39482
-0.38293
-0.073774
-0.37047
-0.57848
0.015884
0.26668
-0.2183
0.51629
0.089057
-0.19103
-0.6689
0.26884
0.11053
-0.069231
-0.46479
0.75811
-0.14402
-0.14519
-0.16207
-0.33047
-0.44914
-0.085365
-0.097381
-0.37188
-0.45005
1.0104
-0.29663
0.28258
0.046239
-0.18506
-0.84245
-0.007985
0.18149
-0.083856
-0.37737
0.54338
-0.088509
-0.065834
-0.073578
-0.10563
-0.47028
-0.050471
0.36009
0.26097
-0.88929
0.9726
-0.31269
0.036664
-0.022627
-0.065368
-0.92597
-0.45725
0.22787
-0.15706
-0.22177
0.33338
-0.16715
-0.081824
-0.17961
0.13068
-0.51866
-0.072359
0.65428
0.97849
-0.76195
0.39753
-0.12114
-0.10838
-0.058087
0.01853
-0.80391
-0.9421
0.24064
-0.31527
0.025413
0.1039
-0.26498
-0.062529
-0.43453
0.39017
-0.32704
-0.012206
0.57813
1.1355
-0.084941
-0.11
0.024444
-0.084917
-0.00039434
-0.20254
-0.62203
-0.89142
0.34068
-0.48686
0.30445
-0.13376
-0.38511
0.043768
-0.6682
0.73941
0.066553
0.11801
0.37766
0.65117
0.49294
-0.3244
-0.056254
0.0087843
-0.086175
-0.62921
-0.4756
-0.32579
0.35711
-0.41449
0.51346
-0.39438
-0.42799
0.13948
-0.62345
0.89316
0.41973
0.09288
0.2095
0.088982
0.60028
-0.37586
-0.14866
0.047864
-0.39157
-0.80148
-0.27295
0.34378
0.19574
-0.069533
0.54818
-0.52565
-0.28315
0.093529
-0.36411
0.76489
0.59025
-0.11733
0.082865
-0.20742
0.28929
-0.2275
-0.17779
0.070385
-0.71472
-0.48082
-0.11571
0.61761
-0.17213
0.27898
0.44114
-0.51365
-0.12312
0.043849
-0.051836
0.58158
0.49363
-0.44325
0.12637
-0.37951
-0.079604
-0.012933
-0.23703
0.037906
-0.89338
0.18375
-0.15845
0.40245
-0.53416
0.6109
0.19106
-0.37179
-0.071426
-0.046074
0.33433
0.49313
0.26236
-0.5808
0.35824
-0.31481
-0.14121
-0.013633
-0.31264
-0.0072628
-0.75004
0.65175
-0.20444
0.0065167
-0.83932
0.82522
-0.043036
-0.15561
-0.03992
-0.1022
0.56227
0.40195
0.04609
-0.41008
0.51317
-0.14051
-0.030747
-0.18006
-0.29045
0.028024
-0.34311
0.50956
-0.25193
-0.24415
-0.92694
0.80899
-0.12095
-0.037534
-0.046519
-0.13702
0.50519
0.20561
-0.088837
-0.12158
0.48178
-0.00075131
0.040389
-0.20067
-0.22909
0.011449
-0.075932
0.17627
-0.21359
-0.17814
-0.62866
0.57031
-0.18843
-0.07565
-0.073833
-0.19071
0.28074
0.0011475
-0.21078
0.074865
0.27482
0.025135
0.090044
-0.15265
-0.14981
0.49745
0.11849
-0.011385
0.23918
0.031712
-0.026518
-0.046673
-0.2031
0.37546
-0.30871
-0.21847
-0.14752
-0.38143
-0.24997
0.013942
-0.34186
-0.22201
0.18624
-0.69093
-0.19617
0.716
0.13444
-0.069239
0.33052
0.052606
0.027538
-0.045486
-0.39742
0.54475
-0.4177
-0.31316
-0.2656
-0.59159
-0.33491
-0.024791
-0.55161
-0.37273
0.21173
-0.43014
-0.29918
0.63246
0.096567
-0.15821
0.14785
0.17942
0.087702
-0.054604
-0.46692
0.60358
-0.41175
-0.27467
-0.23756
-0.56226
-0.4222
-0.05823
-0.64729
-0.39621
-0.025135
0.37019
-0.38126
0.39968
0.081642
-0.21321
-0.03784
0.17366
0.09944
-0.10215
-0.47185
0.63754
-0.31361
-0.11358
-0.14472
-0.2946
-0.54581
-0.097783
-0.41142
-0.19277
-0.52648
1.0921
-0.39509
0.023793
0.09096
-0.16475
-0.20041
-0.061321
0.1536
-0.12482
-0.37849
0.56223
-0.25035
-0.013175
-0.10686
0.11619
-0.5992
-0.10694
0.060722
0.34891
-0.91585
0.95731
-0.30656
-0.28012
0.038699
-0.02181
-0.39253
-0.52623
0.27757
-0.20935
-0.237
0.41002
-0.32698
-0.057015
-0.24083
0.48321
-0.60601
-0.072073
0.517
0.86001
-0.70491
0.34773
-0.044263
-0.38085
-0.035897
0.033321
-0.47517
-0.88749
0.40152
-0.35185
-0.12514
0.18572
-0.4979
-0.077213
-0.40663
0.75053
-0.5323
0.049793
0.60303
0.8889
-0.0037769
-0.112
0.15686
-0.2866
-0.10494
-0.2488
-0.43377
-0.71045
0.50353
-0.50845
0.16905
-0.11551
-0.6608
0.045497
-0.4487
0.93276
-0.29827
0.19136
0.37566
0.41914
0.59039
-0.29672
0.099462
-0.099162
-0.31483
-0.67577
-0.34684
-0.17143
0.55565
-0.56047
0.49515
-0.43095
-0.69675
0.15155
-0.28212
0.82676
-0.0081724
0.17536
0.10976
-0.088546
0.60097
-0.30297
-0.037338
-0.014559
-0.67979
-0.71059
-0.16424
0.43596
0.3624
-0.37191
0.68192
-0.60199
-0.53708
0.11334
0.0087985
0.60903
0.19701
-0.12974
-0.14417
-0.33275
0.16725
-0.17702
-0.17647
0.027296
-0.89806
-0.21849
-0.059877
0.58998
-0.05261
-0.033189
0.58256
-0.57139
-0.38308
0.054199
0.30736
0.5147
0.30862
-0.52769
-0.21917
-0.33729
-0.15999
-0.023702
-0.27751
-0.031382
-0.81256
0.44261
-0.10572
0.2563
-0.46158
0.43088
0.2396
-0.3492
-0.343
-0.095827
0.65323
0.48318
0.24029
-0.63199
-0.13321
-0.19401
-0.16272
-0.037333
-0.35232
-0.051739
-0.41788
0.69876
-0.17176
-0.12636
-0.79333
0.85564
-0.05077
-0.12872
-0.32499
-0.14434
0.85107
0.40313
0.1303
-0.30258
-0.0026374
-0.027401
-0.071034
-0.16819
-0.29732
0.017219
-0.022885
0.37166
-0.24455
-0.23829
-0.90607
0.97088
-0.12755
-0.083825
-0.26561
-0.11952
0.71814
0.2466
0.034308
0.066926
0.15114
0.12675
-0.0071015
-0.13774
-0.26291
0.0088394
0.13004
0.049493
-0.19738
-0.09738
-0.63037
0.72061
-0.18752
-0.093549
-0.1946
-0.14419
0.36232
0.095202
-0.045186
0.21912
0.17577
0.10615
0.063429
-0.098327
-0.13458
0.58178
0.051794
-0.0053743
0.51657
-0.03232
0.00040297
-0.030146
-0.19969
0.1637
-0.20173
-0.35748
-0.14769
-0.39897
-0.18012
-0.00060412
-0.32727
-0.15539
0.16562
-0.60233
-0.25049
0.79399
0.071154
-0.075994
0.89038
0.014711
0.018427
0.019714
-0.30454
0.24026
-0.36969
-0.47249
-0.13378
-0.60768
-0.16931
-0.035936
-0.55539
-0.24547
0.11584
-0.37515
-0.37948
0.64076
0.058674
-0.15429
0.92015
0.066854
0.046835
-0.017864
-0.33965
0.32261
-0.44718
-0.42244
-0.11217
-0.525
-0.20081
-0.052328
-0.67697
-0.30593
-0.10501
0.35144
-0.48401
0.23655
0.039578
-0.18475
0.79973
0.067316
0.063937
-0.14058
-0.37165
0.45564
-0.42726
-0.16604
-0.12005
-0.13008
-0.26794
-0.076517
-0.53451
-0.12534
-0.56388
0.96855
-0.45926
-0.26444
0.090378
-0.15394
0.61352
-0.11791
0.089793
-0.1779
-0.32598
0.50603
-0.39947
0.10625
-0.16873
0.29612
-0.41486
-0.046752
-0.10681
0.25862
-0.8949
0.832
-0.25379
-0.55837
0.079935
-0.0016502
0.34714
-0.49274
0.19806
-0.26849
-0.3127
0.43472
-0.52292
0.13499
-0.27337
0.58975
-0.49905
0.027274
0.39671
0.64137
-0.60555
0.20899
0.032449
-0.56567
-0.068098
0.020759
0.073375
-0.71796
0.37652
-0.41674
-0.2916
0.23913
-0.71444
0.093953
-0.32376
0.68945
-0.52878
0.14442
0.58729
0.61861
0.11703
-0.19553
0.23827
-0.39723
-0.26031
-0.33501
-0.052287
-0.49102
0.60702
-0.50881
0.023019
-0.085284
-0.79935
0.12777
-0.14487
0.63141
-0.42253
0.27304
0.33503
0.20012
0.70996
-0.31245
0.22556
-0.1453
-0.50517
-0.70994
-0.089992
0.031661
0.73022
-0.6046
0.45772
-0.435
-0.82666
0.16442
0.19778
0.38428
-0.20982
0.23621
-0.020372
-0.23685
0.62293
-0.2293
0.099859
-0.045963
-0.77919
-0.58437
0.0023665
0.54346
0.62296
-0.55539
0.74099
-0.59906
-0.77922
0.12712
0.47487
0.17012
-0.032113
-0.13779
-0.31058
-0.46831
0.061856
-0.11488
-0.06674
-0.019344
-0.80367
0.012326
0.035865
0.55181
0.17563
-0.27358
0.66301
-0.56187
-0.76013
0.082899
0.6299
0.18384
0.07876
-0.6195
-0.5372
-0.33872
-0.23927
-0.0039718
-0.22886
-0.096804
-0.44457
0.63405
-0.020638
0.2176
-0.33312
0.22982
0.34058
-0.36706
-0.70085
-0.03866
0.77168
0.26986
0.11613
-0.70282
-0.54176
-0.10957
-0.20878
0.024768
-0.359
-0.15426
0.095897
0.61561
-0.10268
-0.15357
-0.78617
0.79173
0.018901
-0.18814
-0.61223
-0.072731
0.83392
0.26513
0.12368
-0.28584
-0.43886
0.047788
-0.1439
-0.064413
-0.28476
-0.067251
0.41211
0.16341
-0.17765
-0.25195
-0.93164
1.0307
-0.089381
-0.15131
-0.47559
-0.074095
0.6342
0.19696
0.11993
0.17671
-0.25483
0.1129
-0.10732
-0.076269
-0.15471
-0.087459
0.32131
-0.090662
-0.1754
-0.15685
-0.64689
0.81253
-0.14402
-0.13266
-0.29898
-0.12667
0.30009
0.10112
0.032773
0.28196
-0.048022
0.076364
-0.040715
-0.060209
-0.13827
0.76617
-0.10311
-0.023306
0.60724
-0.17756
0.06889
-0.058301
-0.2254
-0.0054586
-0.088935
-0.49711
-0.061768
-0.36933
-0.13339
0.014895
-0.24218
-0.15226
0.12059
-0.53416
-0.28757
0.99343
-0.073358
-0.041591
1.0543
-0.14899
0.058974
-0.0081975
-0.2031
0.0248
-0.19609
-0.63384
-0.064637
-0.45759
-0.034242
0.073048
-0.39364
-0.13454
0.081224
-0.31273
-0.4154
0.6897
-0.059143
-0.090999
1.2745
-0.095034
0.081502
-0.031794
-0.21072
0.13769
-0.31388
-0.57805
-0.17023
-0.26719
0.015507
0.030935
-0.56107
-0.17853
-0.15128
0.31593
-0.47865
0.15478
-0.039522
-0.075976
1.2877
-0.093883
0.054176
-0.1105
-0.30651
0.33893
-0.37276
-0.26113
-0.26489
0.15188
0.080692
-0.041292
-0.63394
-0.040815
-0.55796
0.81458
-0.45377
-0.40646
0.030232
-0.0086179
1.121
-0.21573
0.0095752
-0.11717
-0.386
0.43495
-0.39244
0.18507
-0.28573
0.52741
-0.013355
0.012765
-0.32564
0.2999
-0.80361
0.63413
-0.2784
-0.74635
-0.028202
0.087995
0.76958
-0.39569
0.075875
-0.1772
-0.42971
0.41378
-0.54101
0.37618
-0.32028
0.63088
-0.25658
0.10349
0.1911
0.53792
-0.49318
0.10641
-0.0071662
-0.70965
-0.19813
0.0024196
0.43178
-0.46166
0.31984
-0.32923
-0.44297
0.26341
-0.65879
0.34882
-0.21926
0.39949
-0.4806
0.18647
0.50513
0.37865
0.22201
-0.23488
0.21528
-0.44572
-0.44517
-0.43619
0.16669
-0.27964
0.63486
-0.41152
-0.19225
-0.025622
-0.61795
0.23743
0.1084
0.12575
-0.56784
0.22979
0.40093
0.0047446
0.73879
-0.32689
0.21576
-0.15039
-0.58215
-0.77694
0.05195
0.16998
0.86039
-0.52743
0.34663
-0.37712
-0.61192
0.16783
0.51407
-0.085107
-0.45175
0.12734
0.051574
-0.31
0.58638
-0.25925
0.10264
-0.060426
-0.6372
-0.50368
0.034781
0.55089
0.8101
-0.61638
0.70881
-0.50469
-0.72195
0.15635
0.66152
-0.14142
-0.26798
-0.26997
-0.25811
-0.40565
-0.0075761
-0.12371
-0.038282
-0.073938
-0.4008
0.22688
0.034764
0.50184
0.36492
-0.43558
0.71828
-0.48723
-0.81276
0.11559
0.63013
-0.032572
-0.083024
-0.67168
-0.55814
-0.28909
-0.28408
-0.051665
-0.18551
-0.11823
0.19459
0.72338
0.076844
0.23937
-0.1632
0.024238
0.49897
-0.43514
-0.8055
0.046019
0.64791
0.10171
-0.00015348
-0.6516
-0.63298
-0.11022
-0.23145
-0.019746
-0.28636
-0.19622
0.66108
0.44481
-0.017824
-0.12302
-0.67814
0.57409
0.19015
-0.31326
-0.66768
-0.015966
0.64811
0.098907
-0.028715
-0.19829
-0.5278
0.028039
-0.10278
-0.065209
-0.27632
-0.14933
0.74759
-0.067427
-0.11639
-0.31441
-0.94145
0.90281
0.0022116
-0.17415
-0.46819
-0.074309
0.51473
0.056864
-0.026275
0.32345
-0.35739
0.029787
-0.033411
-0.10109
-0.1061
-0.067477
0.51108
-0.20846
-0.12856
-0.23497
-0.71829
0.76242
-0.077202
-0.078636
-0.28239
-0.11668
0.29763
0.0084124
-0.082405
0.43739
-0.11977
0.020449
0.024354
-0.1076
-0.11398
0.8959
-0.2216
-0.075195
0.46844
-0.28087
-0.00045781
-0.11522
-0.2071
-0.09396
-0.023583
-0.61006
-0.095134
-0.32609
-0.092415
0.066612
-0.16983
-0.074334
0.028233
-0.43075
-0.20554
1.1836
-0.27582
-0.038352
0.81532
-0.31865
0.022443
-0.083145
-0.13571
-0.094957
-0.0045949
-0.87267
-0.12748
-0.252
0.019281
0.13019
-0.31268
0.025748
0.044453
-0.24304
-0.30807
0.7296
-0.28134
-0.062023
1.0091
-0.2804
0.043261
-0.032394
-0.17561
-0.0067254
0.0059391
-0.77691
-0.27116
0.032495
0.11821
0.0059731
-0.51142
-0.0088027
-0.17312
0.24439
-0.3459
0.072489
-0.24174
-0.02514
1.0256
-0.2426
0.01382
-0.022622
-0.30135
0.16323
-0.011981
-0.38125
-0.37144
0.38487
0.26476
-0.087742
-0.68668
0.086107
-0.57988
0.63484
-0.35549
-0.50549
-0.21017
0.11756
0.9525
-0.32095
-0.032614
-0.019134
-0.39076
0.28069
-0.024442
0.25477
-0.39667
0.59293
0.27947
-0.043159
-0.48928
0.32365
-0.7754
0.50107
-0.31366
-0.8256
-0.2424
0.19582
0.74435
-0.38717
0.0057429
-0.054853
-0.48274
0.35507
-0.067451
0.64504
-0.33639
0.50554
0.039867
0.077636
-0.060559
0.41058
-0.39809
0.069646
-0.18206
-0.80215
-0.39787
-0.01672
0.4374
-0.37215
0.18651
-0.17349
-0.56178
0.28052
-0.10614
0.60126
-0.084541
0.12349
-0.28999
0.12203
0.27602
0.21796
0.30018
-0.2342
-0.029922
-0.51428
-0.55013
-0.50251
0.19217
-0.15175
0.47131
-0.29494
-0.37398
0.066435
-0.067214
0.31349
0.27578
-0.17282
-0.53213
0.11789
0.36725
-0.065317
0.73349
-0.30379
-0.021144
-0.19642
-0.54324
-0.78333
0.11797
0.19193
0.7785
-0.5127
0.14434
-0.24432
-0.085206
0.080401
0.59539
-0.27202
-0.56798
-0.066038
0.22782
-0.27816
0.47347
-0.21285
-0.12143
-0.050438
-0.34796
-0.40827
0.094818
0.475
0.80338
-0.6608
0.64215
-0.45898
-0.25099
0.043101
0.55709
-0.17333
-0.43118
-0.46871
-0.030954
-0.33925
-0.036119
-0.11172
-0.23088
-0.046234
0.14748
0.36303
0.092039
0.40692
0.42971
-0.6171
0.79867
-0.51632
-0.43887
0.04029
0.36244
-0.021856
-0.23768
-0.79482
-0.34099
-0.28909
-0.29318
-0.071917
-0.31315
-0.048062
0.78465
0.7813
0.11567
0.17449
-0.039818
-0.23842
0.67798
-0.45955
-0.53149
0.019297
0.32071
0.062169
-0.1598
-0.57407
-0.48901
-0.14387
-0.22984
-0.031069
-0.33139
-0.075487
1.0084
0.38781
0.012296
-0.070815
-0.46761
0.29629
0.46071
-0.32735
-0.42913
-0.022709
0.36205
0.033481
-0.2368
0.10023
-0.4628
-0.039099
-0.056566
-0.010284
-0.22923
-0.14561
0.82127
-0.13859
-0.077163
-0.28766
-0.7771
0.67464
0.26239
-0.22295
-0.26365
-0.071784
0.40691
0.025599
-0.21799
0.68401
-0.30698
-0.045339
0.035012
-0.05395
-0.056868
-0.075394
0.46894
-0.2806
-0.029357
-0.23922
-0.66276
0.66727
0.08524
-0.083982
-0.1498
-0.11355
0.3076
-0.05016
-0.1414
0.68633
-0.089819
-0.034643
0.058801
-0.14666
0.096369
0.96947
-0.28046
-5.6959e-05
0.17402
-0.26034
-0.081555
-0.14487
-0.13518
-0.061329
0.10661
-0.7495
-0.060284
-0.15139
-0.059009
-0.00065367
-0.10124
0.088576
0.014953
-0.36495
0.12988
1.2707
-0.43016
0.044783
0.39507
-0.34929
-0.080198
-0.14274
-0.17784
-0.04937
0.24783
-1.0906
-0.10917
0.014765
-0.049106
-0.016195
-0.23651
0.18127
0.016667
-0.2073
0.10097
0.73135
-0.48932
0.017964
0.47327
-0.29487
-0.062692
-0.072135
-0.20215
-0.023193
0.38281
-0.94999
-0.26016
0.31015
0.014419
-0.096287
-0.46069
0.12161
-0.24802
0.14138
0.079074
0.052761
-0.43237
0.029173
0.527
-0.21084
-0.093992
-0.00029292
-0.24331
0.13148
0.46403
-0.34918
-0.44706
0.53101
0.2424
-0.12294
-0.70987
0.17785
-0.62121
0.42043
-0.016141
-0.43703
-0.38445
0.16426
0.5856
-0.25387
-0.088878
-0.037558
-0.29264
0.26837
0.53642
0.45176
-0.52446
0.48567
0.40156
-0.060724
-0.6248
0.26415
-0.74148
0.35233
-0.2161
-0.76008
-0.43879
0.17026
0.50975
-0.32131
-0.033042
-0.083776
-0.46611
0.34773
0.6407
0.91907
-0.29214
0.21026
0.24675
0.074228
-0.3138
0.24885
-0.33262
-0.019992
-0.34089
-0.80028
-0.57756
-0.14167
0.30686
-0.31254
0.079326
-0.12641
-0.59861
0.32909
0.65102
0.76825
0.13092
-0.11061
-0.082551
0.10918
-0.022675
0.16638
0.36251
-0.28403
-0.31083
-0.5322
-0.62256
-0.62064
0.12326
-0.088867
0.29672
-0.22218
-0.50683
0.16587
0.69646
0.34358
0.484
-0.19778
-0.32726
-0.020031
0.15398
-0.0033556
0.70599
-0.33012
-0.25869
-0.23256
-0.38294
-0.76276
0.075903
0.22939
0.60005
-0.43541
-0.11109
-0.15082
0.64899
0.0039172
0.63421
-0.15771
-0.4629
-0.30977
0.24692
-0.19201
0.42658
-0.19528
-0.37259
-0.055221
0.049489
-0.28573
0.073508
0.39165
0.71285
-0.68101
0.37533
-0.40905
0.46278
-0.11286
0.43188
-0.072598
-0.45619
-0.68216
0.16876
-0.30442
-0.045308
-0.049984
-0.47364
-0.019358
0.58012
0.42204
0.074559
0.26855
0.48011
-0.75808
0.69719
-0.55711
0.22066
-0.099014
0.14429
0.011159
-0.32281
-0.82304
-0.027511
-0.32336
-0.25872
0.01385
-0.45881
0.040331
0.95789
0.75123
0.083493
0.081006
0.080894
-0.45543
0.71578
-0.51546
0.026155
-0.10076
0.058315
0.04121
-0.28923
-0.35769
-0.17938
-0.22017
-0.23374
0.0069742
-0.40672
0.0369
0.90602
0.37162
0.014703
-0.062277
-0.31727
0.064968
0.62354
-0.3889
-0.021515
-0.092125
0.16081
0.021117
-0.33083
0.47961
-0.29194
-0.15438
-0.07973
0.0021507
-0.23283
-0.057281
0.57402
-0.15189
-0.01126
-0.24387
-0.60411
0.4499
0.47197
-0.27238
0.06417
-0.026175
0.23963
0.0040123
-0.24813
1.0411
-0.22885
-0.13263
0.047534
-0.041184
-0.10208
-0.077103
0.27595
-0.31346
0.057928
-0.20195
-0.53838
0.51675
0.22603
-0.17039
0.082979
-0.043851
0.21171
-0.073266
-0.13388
0.88766
-0.091445
-0.073601
0.04938
-0.10596
0.30021
0.95789
-0.33245
0.065
0.042813
-0.18897
-0.045898
-0.092768
-0.11439
-0.01467
0.21469
-0.78829
0.021932
-0.035195
-0.09686
-0.04094
-0.061235
0.10727
0.053469
-0.32436
0.56942
1.1243
-0.46293
0.059077
0.063085
-0.28356
-0.11707
-0.1404
-0.23761
-0.016875
0.41186
-1.1589
-0.031023
0.22238
-0.20241
-0.076907
-0.15681
0.15875
0.022312
-0.18173
0.62127
0.60565
-0.50422
0.022472
0.10734
-0.22229
-0.14635
-0.15374
-0.23044
-0.035498
0.565
-0.94461
-0.22009
0.44002
-0.15174
-0.085055
-0.38593
0.11842
-0.31563
0.11535
0.65056
-0.016793
-0.46598
0.087374
0.22393
-0.1198
-0.18206
-0.08867
-0.12644
0.032657
0.63046
-0.17145
-0.48684
0.53166
0.077206
-0.081496
-0.6888
0.13832
-0.67521
0.31012
0.48757
-0.42719
-0.43252
0.17306
0.33594
-0.142
-0.1908
-0.088915
-0.16231
0.17751
0.65927
0.73305
-0.50589
0.32398
0.26059
-0.031906
-0.78195
0.14023
-0.73277
0.21277
0.069672
-0.70831
-0.4793
0.1034
0.29254
-0.20384
-0.1117
-0.10571
-0.40338
0.2913
0.78377
1.136
-0.1758
-0.051298
0.21907
0.020054
-0.56235
0.15354
-0.337
-0.094644
-0.28674
-0.72968
-0.55664
-0.21973
0.14041
-0.23379
0.037896
-0.10063
-0.59535
0.33838
0.9104
0.85147
0.31183
-0.21539
-0.028646
0.026733
-0.22552
0.14392
0.3388
-0.34097
-0.41667
-0.50653
-0.43159
-0.63735
0.050476
-0.042511
0.19611
-0.10523
-0.60713
0.18456
1.0679
0.32528
0.64753
-0.14385
-0.20574
-0.1477
-0.012837
0.025023
0.65259
-0.37498
-0.39183
-0.24058
-0.026387
-0.69025
-0.017303
0.20188
0.4346
-0.23751
-0.36216
-0.087332
1.0878
-0.036383
0.65151
0.037997
-0.31584
-0.54409
0.15187
-0.10337
0.40332
-0.22366
-0.45437
-0.048231
0.51707
-0.18908
-0.051962
0.3187
0.62853
-0.52963
0.056374
-0.25943
0.93978
-0.18484
0.33678
0.16136
-0.31933
-0.81539
0.21138
-0.20204
0.02851
-0.047809
-0.54307
0.037635
0.80306
0.46992
-0.033147
0.28885
0.53531
-0.744
0.41603
-0.47924
0.66897
-0.21402
0.013393
0.14785
-0.22463
-0.69608
0.15253
-0.21893
-0.20244
0.016522
-0.5138
0.071278
0.72959
0.80345
-0.0099628
0.16318
0.18887
-0.60368
0.56327
-0.60367
0.42562
-0.13957
-0.10088
0.076638
-0.17988
-0.0033519
0.024707
-0.17358
-0.28247
-0.056934
-0.46029
0.018339
0.49461
0.44832
-0.034333
-0.034228
-0.23064
-0.20287
0.58724
-0.55258
0.33262
-0.042164
-0.063293
-0.0024888
-0.20204
0.89955
-0.15245
-0.19144
-0.16977
-0.12059
-0.32091
-0.032265
0.28385
-0.053454
-0.067851
-0.21614
-0.53049
0.1882
0.49957
-0.36286
0.32632
0.01756
0.088451
-0.046281
-0.16919
1.2945
-0.17397
-0.20561
-0.021349
-0.12511
-0.20569
-0.015779
0.063436
-0.25385
-0.04347
-0.1933
-0.50696
0.30125
0.22789
-0.2045
0.24456
0.011664
0.048109
-0.087166
-0.079068
0.94985
-0.049623
-0.13744
0.0183
-0.099864
0.48525
0.78448
-0.29038
-0.0075567
-0.02389
-0.17039
-0.087421
-0.053731
-0.13171
-0.075676
0.10983
-0.69973
0.0061077
-0.025223
-0.12404
-0.079264
-0.14884
0.085522
0.061233
-0.25159
0.99466
0.82351
-0.30282
-0.082022
-0.10976
-0.26135
-0.086204
-0.093087
-0.18237
-0.14861
0.26239
-1.0962
-0.02951
0.23027
-0.27435
-0.08515
-0.24499
0.1967
0.026687
-0.10549
1.3155
0.44365
-0.27838
-0.025924
-0.065322
-0.20825
-0.063012
-0.14279
-0.1008
-0.11709
0.40024
-0.84451
-0.22767
0.39076
-0.20331
-0.078654
-0.43573
0.17706
-0.26048
0.13847
1.3521
-0.10552
-0.30699
0.13373
0.085865
-0.14369
-0.12984
-0.12085
0.010671
-0.055114
0.44688
0.0030787
-0.43856
0.38986
-0.033639
-0.067323
-0.61104
0.078147
-0.5303
0.2857
0.9908
-0.52495
-0.33241
0.13386
0.1654
-0.13948
-0.22515
-0.084877
-0.056142
0.047182
0.40688
0.88935
-0.38251
0.11998
0.073099
-0.073516
-0.72442
0.0073734
-0.573
0.1642
0.46356
-0.72643
-0.29151
0.017488
0.11814
-0.18829
-0.19533
-0.056656
-0.31402
0.22063
0.43004
1.2747
-0.041286
-0.20963
0.084214
-0.065245
-0.61452
0.025554
-0.23274
-0.10055
0.063131
-0.60371
-0.20235
-0.26303
-0.0018885
-0.24748
-0.042353
-0.038627
-0.56401
0.33587
0.58355
0.9396
0.42237
-0.25426
-0.065881
-0.10181
-0.3162
0.06245
0.32008
-0.28405
-0.16683
-0.39491
0.052964
-0.59623
-0.040428
-0.080365
0.11755
-0.020656
-0.62842
0.22044
0.78521
0.33395
0.65007
-0.10466
-0.19973
-0.34302
-0.081605
0.0093407
0.59324
-0.3119
-0.29072
-0.23733
0.49347
-0.59456
-0.055333
0.13933
0.31333
-0.11816
-0.49131
-0.036733
0.90243
-0.047771
0.53485
0.14319
-0.25187
-0.70557
0.071189
-0.065635
0.41978
-0.17936
-0.39601
-0.11081
0.85571
-0.14923
-0.068602
0.33023
0.51838
-0.3887
-0.17014
-0.229
0.81919
-0.17188
0.20186
0.29919
-0.21834
-0.83855
0.10671
-0.10176
0.08013
-0.076438
-0.52951
3.2561e-05
0.81392
0.47709
-0.049546
0.39029
0.52987
-0.65793
0.22123
-0.39315
0.65246
-0.20108
-0.064255
0.20785
-0.16471
-0.4889
0.05011
-0.098358
-0.18373
-0.11752
-0.53301
0.055488
0.42865
0.79244
-0.081945
0.23187
0.28517
-0.7195
0.42831
-0.5711
0.52863
-0.11625
-0.16219
0.039947
-0.15589
0.33065
-0.040158
-0.13245
-0.25828
-0.16936
-0.56775
-0.011905
0.14855
0.49561
-0.16294
0.010177
-0.085226
-0.46734
0.50794
-0.59332
0.50588
-0.01537
-0.10257
-0.030284
-0.15428
1.1317
-0.18285
-0.23979
-0.20367
-0.18775
-0.46489
-0.086234
0.08408
0.062972
-0.20582
-0.18211
-0.36084
-0.020525
0.47334
-0.36982
0.41016
0.013081
0.027341
-0.068045
-0.11036
1.3356
-0.2009
-0.2682
-0.12195
-0.16255
-0.26569
-0.022481
-0.039567
-0.15473
-0.1702
-0.15226
-0.43214
0.15758
0.27172
-0.21719
0.2324
-0.0078142
-0.020565
-0.053578
-0.031407
0.89665
-0.071438
-0.16558
-0.10423
-0.084008
0.54515
0.58473
-0.22204
-0.072163
-0.099257
-0.14708
-0.057825
0.0097586
-0.11336
-0.095056
0.059156
-0.64564
-0.089311
0.027327
-0.105
-0.08334
-0.24172
0.097322
0.066685
-0.118
1.0481
0.58172
-0.16964
-0.097179
-0.1745
-0.23771
0.014609
-0.01641
-0.086113
-0.20371
0.13544
-0.91442
-0.12295
0.20689
-0.20072
-0.058924
-0.34968
0.20043
0.076989
-0.0078098
1.5073
0.25163
-0.11225
-0.013293
-0.16738
-0.20641
0.060091
-0.066732
0.0083067
-0.1803
0.14723
-0.61564
-0.26526
0.28603
-0.11666
-0.035426
-0.50074
0.12639
-0.18899
0.14486
1.6321
-0.20626
-0.14267
0.10344
-0.050033
-0.14599
-0.027288
-0.080012
0.046923
-0.1098
0.11324
0.12959
-0.31931
0.20199
-0.014496
-0.020031
-0.57668
-0.039523
-0.46471
0.2062
1.2762
-0.56379
-0.093299
0.042528
0.026757
-0.15902
-0.15528
-0.060084
-0.083344
-0.0017692
0.048682
0.83953
-0.25243
-0.049698
0.0093308
-0.082661
-0.58262
-0.13698
-0.4552
0.13923
0.74999
-0.6197
0.013217
-0.10789
-0.024474
-0.2367
-0.16614
-0.034392
-0.33373
0.13583
0.054777
1.1414
0.01507
-0.2333
-0.047273
-0.14662
-0.55412
-0.16084
-0.12756
-0.070418
0.41739
-0.43831
0.10664
-0.38491
-0.084642
-0.25237
-0.10211
-0.011439
-0.56017
0.20787
0.16659
0.84069
0.38436
-0.25525
-0.1592
-0.26503
-0.36302
-0.06593
0.30652
-0.21163
0.12251
-0.2705
0.4032
-0.56696
-0.067077
-0.083533
0.027813
-0.00072037
-0.63461
0.17969
0.31189
0.34346
0.57367
-0.086818
-0.22278
-0.48718
-0.082843
-0.056977
0.58469
-0.26631
-0.11598
-0.24092
0.7955
-0.46495
-0.1057
0.15168
0.19131
-0.095327
-0.52366
-0.031251
0.41723
0.027338
0.43551
0.11312
-0.2799
-0.74409
-0.0025043
-0.11146
0.48135
-0.21464
-0.25478
-0.20746
0.92456
-0.083098
-0.16277
0.35751
0.34979
-0.3407
-0.28018
-0.2562
0.43492
-0.080895
0.12139
0.1573
-0.20347
-0.75806
-0.052975
-0.12886
0.14835
-0.17535
-0.41732
-0.11722
0.62653
0.32592
-0.14698
0.37038
0.43142
-0.52764
0.061534
-0.32236
0.42741
-0.088068
-0.069861
0.01873
-0.2064
-0.29934
-0.093521
-0.14443
-0.055152
-0.19038
-0.44203
-0.034308
0.20178
0.52353
-0.19736
0.18643
0.25726
-0.60914
0.31032
-0.41649
0.4364
-0.057124
-0.12775
-0.048447
-0.25629
0.49372
-0.15848
-0.18333
-0.094786
-0.15185
-0.43903
-0.041113
-0.024588
0.39874
-0.24296
0.030485
-0.038611
-0.46531
0.38579
-0.45593
0.46105
0.052675
-0.072179
-0.01111
-0.2041
1.1049
-0.26279
-0.23997
-0.07488
-0.10513
-0.33606
-0.10026
-0.070042
0.12576
-0.27754
-0.03768
-0.2305
-0.0834
0.36763
-0.34216
0.27895
0.045469
0.023109
-0.018672
-0.12882
1.1106
-0.2407
-0.27045
-0.1315
-0.070178
-0.1655
-0.086899
-0.10343
-0.1065
-0.21881
-0.07095
-0.30137
0.11929
0.28863
-0.21831
0.086665
0.019724
0.022725
-0.044737
-0.1093
0.66784
-0.14922
-0.17037
-0.15329
-0.036756
0.3193
0.3798
-0.16464
-0.068178
-0.12655
-0.063124
-0.036875
0.018724
-0.16481
-0.030586
0.02638
-0.54494
-0.10142
-0.0098996
-0.048438
-0.045843
-0.14052
0.094665
0.054301
-0.050634
0.62402
0.35239
-0.13274
-0.018711
-0.16574
-0.19182
0.060215
-0.016382
-0.055999
-0.1278
0.038632
-0.68883
-0.23019
0.11501
-0.099644
-0.062374
-0.25675
0.1216
0.11361
0.030963
0.90024
0.084538
-0.054067
-0.0092534
-0.20054
-0.18061
0.095719
-0.038859
0.014665
-0.16305
-0.013301
-0.35932
-0.3025
0.16091
-0.066489
-0.0082059
-0.35347
0.0071007
-0.067808
0.11326
1.0161
-0.21989
-0.032377
0.025557
-0.15643
-0.083355
0.017213
-0.07657
-0.0053788
-0.14581
-0.1032
0.14794
-0.26538
0.070129
0.01589
-0.034765
-0.37859
-0.12111
-0.38185
0.13798
0.90916
-0.42822
0.036737
-0.025361
-0.057441
-0.050657
-0.014449
-0.053894
-0.089889
-0.039217
-0.17353
0.57774
-0.15698
-0.061864
-0.012405
-0.073154
-0.33029
-0.20327
-0.38025
0.10454
0.62333
-0.43088
0.094398
-0.13709
-0.045746
-0.15298
-0.041233
-0.018629
-0.29399
0.070991
-0.14887
0.68988
0.01854
-0.16813
-0.077928
-0.1305
-0.34763
-0.18019
-0.156
-0.025743
0.41371
-0.29418
0.13824
-0.31595
-0.10695
-0.12944
-0.090834
-0.030337
-0.48487
0.10005
-0.068965
0.51813
0.22937
-0.22695
-0.14632
-0.26407
-0.24698
-0.092583
0.14544
-0.14083
0.14281
-0.17492
0.34829
-0.44962
-0.011326
-0.015367
0.019245
-0.049686
-0.52123
0.090484
0.012418
0.22847
0.36947
-0.11291
-0.17038
-0.39087
-0.069458
-0.085293
0.38397
-0.18022
-0.064566
-0.17559
0.6133
-0.32612
-0.076566
0.10307
0.1812
-0.079251
-0.4037
-0.0495
0.047696
0.050266
0.30679
-0.055273
-0.18436
-0.51211
-0.063047
-0.12382
0.40747
-0.21085
-0.09116
-0.14116
0.64767
-0.030929
-0.1912
0.22303
0.25851
-0.19246
-0.22305
-0.2179
0.15207
0.026601
0.045334
-0.10196
-0.12788
-0.50067
-0.088545
-0.1403
0.20161
-0.21956
-0.16428
-0.079707
0.38084
0.16405
-0.19713
0.26067
0.29474
-0.31352
-0.0036401
-0.23712
0.27271
0.0069236
-0.11082
-0.1153
-0.13724
-0.16102
-0.048224
-0.14611
0.066945
-0.14629
-0.24197
-0.054204
0.04895
0.2408
-0.19089
0.14214
0.17653
-0.35302
0.18778
-0.27399
0.26308
-0.0093196
-0.16016
-0.045249
-0.21211
0.39063
-0.099296
-0.13831
0.081017
-0.081162
-0.27002
-0.13628
-0.11032
0.26735
-0.20417
0.027654
-0.05686
-0.30659
0.23983
-0.31741
0.22683
0.051522
-0.11801
-0.027809
-0.20074
0.76776
-0.1851
-0.19544
0.064367
-0.066655
-0.14557
-0.17672
-0.14358
0.11877
-0.18515
0.026495
-0.22708
-0.1068
0.20371
-0.30398
0.11074
0.057944
-0.046914
-0.074258
-0.14842
0.724
-0.17844
-0.24505
-0.015846
-0.056579
-0.027291
-0.13232
-0.11296
-0.065653
-0.15809
-0.0047237
-0.24186
0.015102
0.15783
-0.24155
0.028328
0.032297
-0.00043677
-0.13715
-0.14732
0.41932
-0.14767
-0.16763
-0.070121
-0.063556
-0.022017
0.0201
0.19078
0.37485
0.40264
0.26227
0.053087
-0.046894
-0.066359
-0.084154
-0.056813
0.042643
0.12888
0.037534
-0.053603
-0.078686
-0.0017842
0.18693
0.41532
0.52822
0.38131
0.1409
-0.021415
-0.078934
-0.07862
0.0064017
0.18061
0.28632
0.23055
0.11734
-0.12633
-0.092562
0.019887
0.16656
0.29611
0.22946
0.050426
-0.027844
-0.073077
-0.044402
0.067844
0.20782
0.25966
0.23613
0.17132
-0.11651
-0.13919
-0.11992
-0.10627
-0.059337
-0.075279
-0.10695
-0.10033
-0.097908
-0.081226
-0.024573
0.026774
0.046339
-0.0061808
-0.022885
-0.13895
-0.17423
-0.19989
-0.2287
-0.24518
-0.26491
-0.19326
-0.095105
-0.11234
-0.16808
-0.2126
-0.19811
-0.17674
-0.2123
-0.20169
-0.16778
-0.23124
-0.27737
-0.31988
-0.34638
-0.30911
-0.15984
0.0081214
0.0018373
-0.12952
-0.25293
-0.29559
-0.27558
-0.27309
-0.24203
-0.16118
-0.29381
-0.39554
-0.46421
-0.45292
-0.30923
-0.057526
0.1333
0.14688
0.020414
-0.15055
-0.28669
-0.342
-0.31682
-0.23254
-0.17017
-0.31269
-0.49277
-0.61848
-0.60602
-0.37197
-0.00030767
0.26329
0.28588
0.14609
-0.061063
-0.2545
-0.36026
-0.30273
-0.1637
-0.16934
-0.27045
-0.4829
-0.64203
-0.63743
-0.3893
-0.036081
0.2183
0.25094
0.11636
-0.075121
-0.2487
-0.32897
-0.2308
-0.061034
-0.099225
-0.13691
-0.24669
-0.38806
-0.44074
-0.37524
-0.26722
-0.10975
-0.050962
-0.13746
-0.28337
-0.36403
-0.35351
-0.22034
-0.036945
0.12337
0.2273
0.2545
0.15768
0.0029065
-0.26969
-0.47332
-0.48149
-0.42266
-0.45316
-0.53589
-0.55438
-0.45645
-0.31564
-0.13633
0.48578
0.8242
0.9872
0.94099
0.62575
0.092923
-0.33564
-0.51662
-0.55115
-0.60458
-0.67511
-0.68317
-0.57077
-0.45619
-0.28369
0.80312
1.4165
1.7694
1.7758
1.3671
0.72783
0.16024
-0.17447
-0.3487
-0.48933
-0.6294
-0.66422
-0.60276
-0.50978
-0.31867
0.76164
1.4582
1.9161
2.0183
1.6851
1.1436
0.59205
0.14213
-0.13217
-0.32193
-0.43764
-0.50436
-0.46814
-0.37102
-0.18647
0.39946
0.90667
1.2527
1.3833
1.2578
0.93346
0.593
0.23479
-0.059272
-0.16977
-0.22134
-0.29338
-0.26831
-0.18616
-0.08113
-0.0090228
0.10137
0.16344
0.049954
-0.11817
-0.20266
-0.18683
-0.11959
-0.08948
-0.085121
-0.13374
-0.1934
-0.18117
-0.13617
-0.1185
-0.045808
0.014358
0.041768
-0.03953
-0.15889
-0.24176
-0.25142
-0.21025
-0.2432
-0.24733
-0.253
-0.29424
-0.27662
-0.2273
-0.1592
-0.040045
0.024085
0.0033645
-0.050994
-0.092891
-0.16076
-0.19921
-0.22424
-0.28916
-0.34641
-0.28483
-0.27283
-0.30546
-0.26487
-0.16507
0.11122
0.20959
0.19492
0.19106
0.15857
0.036746
-0.063886
-0.069856
-0.093743
-0.19567
-0.21865
-0.22082
-0.2828
-0.25223
-0.16438
0.34651
0.53947
0.56463
0.52588
0.34998
0.13258
0.01902
0.056236
0.098034
-0.0015457
-0.057057
-0.071675
-0.12197
-0.13376
-0.087823
0.57028
0.85688
0.80595
0.60195
0.28882
-0.047098
-0.17722
-0.10635
0.014876
0.046948
0.045733
0.058769
0.0080988
-0.017093
0.00072318
0.69991
1.0318
0.8981
0.5232
0.023123
-0.39684
-0.53373
-0.39398
-0.15234
-0.015027
0.022844
0.022564
-0.033617
-0.058104
0.0062165
0.8866
1.2023
0.95489
0.39354
-0.27195
-0.71261
-0.75673
-0.52673
-0.19105
-0.016194
-0.011015
-0.098446
-0.16322
-0.12439
-0.024411
1.1448
1.4432
1.0338
0.26123
-0.48284
-0.907
-0.89127
-0.58993
-0.22838
-0.034704
-0.024868
-0.128
-0.2148
-0.1649
-0.061714
1.2801
1.6167
1.0702
0.18624
-0.59131
-1.0012
-0.96682
-0.63997
-0.28701
-0.063231
0.0028206
-0.025627
-0.081398
-0.092008
-0.073074
1.3461
1.6699
1.0492
0.13695
-0.5804
-0.96112
-0.93077
-0.62256
-0.29621
-0.03829
0.081236
0.093901
0.080633
0.013685
-0.044024
1.2588
1.5119
0.90192
0.068925
-0.58368
-0.90717
-0.83743
-0.5385
-0.24703
-0.038516
0.089045
0.1255
0.10514
0.019604
-0.032487
1.0312
1.1882
0.62812
-0.055935
-0.61726
-0.87389
-0.75254
-0.44794
-0.23387
-0.11132
-0.0037197
0.074641
0.042042
-0.038012
-0.068205
0.77037
0.82882
0.33942
-0.22137
-0.59241
-0.74764
-0.61745
-0.37994
-0.2368
-0.15541
-0.071869
-0.019335
-0.067203
-0.14676
-0.14965
0.50542
0.50832
0.15564
-0.23075
-0.45791
-0.49856
-0.39269
-0.27279
-0.1872
-0.13728
-0.066016
-0.051951
-0.08705
-0.12436
-0.13757
0.027054
0.074783
0.16238
0.25458
0.23692
0.16687
0.10473
0.043922
0.037256
0.11311
0.15659
0.070111
-0.12043
-0.30367
-0.36308
0.032318
0.10227
0.18661
0.24184
0.22173
0.145
0.078884
0.11374
0.19735
0.27787
0.26643
0.1159
-0.1364
-0.37478
-0.38381
0.056547
0.10268
0.15628
0.15527
0.1246
0.055344
0.02012
0.14673
0.30027
0.38099
0.28163
0.024893
-0.30787
-0.51672
-0.39103
0.1206
0.1705
0.1835
0.11085
0.020256
-0.040171
-0.045408
0.088031
0.23161
0.25435
0.044012
-0.36366
-0.67409
-0.64917
-0.34763
0.18696
0.2637
0.25234
0.14127
0.03524
-0.046689
-0.052339
0.030718
0.058635
-0.089952
-0.43643
-0.84371
-0.95729
-0.64214
-0.22401
0.23192
0.29421
0.24371
0.18621
0.090123
0.029251
0.0059991
0.015606
-0.13469
-0.46263
-0.86866
-1.1052
-0.93336
-0.46314
-0.020835
0.23059
0.24736
0.20669
0.16914
0.10734
0.067756
0.020781
-0.094054
-0.37594
-0.8148
-1.119
-1.0308
-0.55166
0.031318
0.31424
0.12487
0.14256
0.13558
0.11687
0.12096
0.089857
-0.084375
-0.32782
-0.64404
-0.99041
-0.99537
-0.53387
0.15606
0.58899
0.5472
-0.0074448
-0.022516
-0.065931
-0.082336
-0.0060372
-0.043378
-0.2878
-0.5743
-0.81532
-0.83911
-0.43575
0.26615
0.87002
0.95154
0.62821
-0.11647
-0.19657
-0.30323
-0.30966
-0.27152
-0.33507
-0.55921
-0.76195
-0.76272
-0.40016
0.27802
1.0083
1.2747
1.0498
0.59081
-0.25374
-0.38732
-0.47226
-0.47857
-0.46524
-0.55618
-0.70816
-0.75504
-0.44887
0.17877
0.83983
1.2253
1.1564
0.80611
0.41537
-0.35404
-0.4874
-0.51681
-0.52691
-0.5002
-0.56196
-0.6065
-0.42312
0.11006
0.74695
1.0606
0.95925
0.6682
0.41938
0.20809
-0.30777
-0.39125
-0.3851
-0.37358
-0.35981
-0.3424
-0.25843
0.11922
0.70179
1.134
1.0577
0.61246
0.24738
0.10973
0.034033
-0.24906
-0.23451
-0.16516
-0.12521
-0.065374
-0.021405
0.10984
0.48467
0.99201
1.1594
0.85719
0.32077
0.01438
-0.045304
-0.016531
-0.18055
-0.15239
-0.072863
-0.0039155
0.067594
0.079042
0.19373
0.48893
0.79568
0.80558
0.51676
0.13286
-0.033156
-0.041518
-0.018956
0.15765
0.12182
0.037044
-0.027497
-0.11791
-0.16727
-0.1745
-0.242
-0.39099
-0.53841
-0.43261
-0.049052
0.43174
0.65923
0.47907
0.16124
0.17953
0.084999
0.0062586
-0.050667
-0.087034
-0.1494
-0.28324
-0.51214
-0.78289
-0.65665
-0.040339
0.69993
0.90481
0.59136
0.16346
0.16944
0.06683
-0.021553
-0.044311
-0.043197
-0.065924
-0.23312
-0.5813
-0.93181
-0.78065
0.015441
0.83174
0.98743
0.61544
0.12902
0.093056
-0.03387
-0.11267
-0.11863
-0.025835
0.0097303
-0.17903
-0.61539
-1.0206
-0.83896
0.084784
0.89803
0.9814
0.58694
0.073004
0.0054037
-0.13168
-0.1994
-0.17093
-0.037677
0.046107
-0.18367
-0.67808
-1.0852
-0.78826
0.18765
0.89195
0.8838
0.50795
0.026623
-0.014202
-0.14274
-0.21407
-0.1804
-0.043833
0.036262
-0.21893
-0.76666
-1.062
-0.54373
0.42851
0.92871
0.73513
0.32943
0.030766
-0.016252
-0.12582
-0.16566
-0.13173
-0.034235
0.007275
-0.29545
-0.8754
-0.96558
-0.19355
0.72175
0.94587
0.52873
0.12298
0.025056
-0.041243
-0.10511
-0.12739
-0.099584
0.0096286
-0.024263
-0.44207
-0.96326
-0.82467
0.11317
0.90397
0.83874
0.28829
-0.0706
0.0044726
-0.043244
-0.072569
-0.079352
-0.018303
0.075556
-0.042691
-0.55002
-1.0075
-0.67881
0.36788
1.03
0.72671
0.10232
-0.16379
0.013099
-0.017926
-0.058183
-0.017006
0.11137
0.17008
-0.10435
-0.65204
-0.99807
-0.50662
0.58199
1.1046
0.62568
-0.054789
-0.20849
0.082507
0.042429
0.0066169
0.076366
0.2127
0.15024
-0.20081
-0.73162
-0.95683
-0.35394
0.65056
1.0543
0.55008
-0.069863
-0.23139
0.063116
0.068082
0.051146
0.1254
0.2103
0.08838
-0.2895
-0.76126
-0.8336
-0.19567
0.67109
0.9974
0.60041
0.064141
-0.14506
-0.016189
0.021107
0.054437
0.10452
0.11132
-0.022556
-0.3551
-0.72484
-0.65724
-0.078026
0.6389
0.95281
0.65963
0.2017
-0.049276
-0.030008
-0.011822
0.021066
0.044377
0.010488
-0.15301
-0.44174
-0.64727
-0.4912
-0.046308
0.46314
0.69275
0.52226
0.21293
0.028546
0.0017364
-0.0030222
0.0057765
0.022159
-0.018316
-0.18042
-0.39168
-0.48704
-0.3568
-0.065667
0.24742
0.44065
0.36295
0.18948
0.10464
-0.13542
-0.095067
-0.059244
-0.11921
-0.12891
-0.048226
0.038689
0.066118
0.097924
0.16572
0.26598
0.29002
0.18544
0.033522
-0.044676
-0.18133
-0.17124
-0.11632
-0.17203
-0.20448
-0.10428
0.043059
0.098926
0.098378
0.19907
0.37074
0.37436
0.18228
-0.055562
-0.15007
-0.2735
-0.39021
-0.40026
-0.40312
-0.3917
-0.2692
-0.070907
-0.019383
-0.035834
0.069303
0.20664
0.14493
-0.072697
-0.21585
-0.25523
-0.34462
-0.58799
-0.71921
-0.81128
-0.84847
-0.69944
-0.42004
-0.30357
-0.28233
-0.18313
-0.078036
-0.14494
-0.30623
-0.34016
-0.27664
-0.30409
-0.55232
-0.83216
-1.0829
-1.2011
-1.1415
-0.8964
-0.66797
-0.50862
-0.35877
-0.23109
-0.25078
-0.3257
-0.32885
-0.2569
-0.079511
-0.20197
-0.47717
-0.79043
-0.99375
-1.0907
-1.0061
-0.81701
-0.57785
-0.36095
-0.18131
-0.17064
-0.25109
-0.28005
-0.23134
0.34377
0.47174
0.335
0.087311
-0.15494
-0.40922
-0.5596
-0.54942
-0.40921
-0.22591
-0.077431
-0.096109
-0.22562
-0.27057
-0.20284
0.761
1.1623
1.2513
1.131
0.88294
0.51907
0.17079
-0.054769
-0.063382
-0.016641
0.029294
0.013242
-0.092538
-0.20074
-0.16227
0.83963
1.4067
1.6731
1.6565
1.4346
1.0755
0.64657
0.27143
0.13156
0.11648
0.12897
0.083846
0.011552
-0.06246
-0.04747
0.63865
1.0618
1.3108
1.3207
1.182
0.97405
0.67674
0.33719
0.17606
0.1624
0.16614
0.11158
0.041119
-0.00052079
0.014316
0.3199
0.53601
0.67658
0.75634
0.73394
0.66043
0.48824
0.24923
0.12109
0.098051
0.097993
0.078528
0.025406
0.014055
0.027035
0.11
0.1662
0.2245
0.38554
0.47696
0.40986
0.27981
0.10802
0.017771
-0.0033514
-0.0050377
-0.021288
-0.05885
-0.069343
-0.054948
0.0018793
-0.048359
-0.044846
0.10533
0.23409
0.17596
0.077617
-0.012441
-0.062109
-0.090811
-0.067678
-0.094705
-0.17701
-0.20146
-0.20086
-0.13333
-0.1774
-0.17382
-0.070535
0.037236
-0.0082963
-0.095509
-0.097587
-0.11523
-0.13998
-0.14411
-0.17826
-0.24712
-0.28129
-0.25528
-0.14886
-0.17122
-0.18011
-0.12219
-0.049744
-0.07337
-0.099106
-0.10807
-0.17708
-0.2218
-0.24157
-0.23441
-0.26947
-0.27734
-0.19633
0.19392
0.22872
0.14002
-0.011167
-0.19218
-0.40919
-0.65802
-0.75935
-0.53953
-0.018821
0.48647
0.6634
0.54623
0.33871
0.17511
0.28812
0.36487
0.32813
0.16701
-0.1205
-0.47224
-0.84407
-0.97347
-0.62891
0.13456
0.79529
0.99765
0.7739
0.44595
0.19536
0.27264
0.42712
0.44245
0.24395
-0.082601
-0.49229
-0.95415
-1.1162
-0.62585
0.35353
1.0956
1.1759
0.8008
0.36592
0.095796
0.18093
0.37551
0.45603
0.2768
-0.035844
-0.47734
-1.0304
-1.229
-0.60996
0.49628
1.2265
1.1397
0.59471
0.088345
-0.088023
0.15091
0.28657
0.38221
0.27637
-0.0043076
-0.52014
-1.1371
-1.3031
-0.58613
0.55269
1.1615
0.94165
0.32688
-0.14683
-0.22912
0.14215
0.18975
0.2857
0.22899
-0.045821
-0.61254
-1.204
-1.2426
-0.45415
0.57104
0.95633
0.63989
0.12439
-0.21027
-0.18838
0.086874
0.10804
0.18088
0.16332
-0.10199
-0.63555
-1.1022
-1.0202
-0.19064
0.68884
0.83196
0.42131
-0.0031256
-0.19738
-0.099403
0.017895
0.013298
0.069321
0.070226
-0.17393
-0.61952
-0.91617
-0.73152
0.0788
0.8184
0.85278
0.38909
-0.091513
-0.27521
-0.17148
-0.10432
-0.16295
-0.10594
-0.068995
-0.24233
-0.5421
-0.71139
-0.44621
0.27222
0.84521
0.83175
0.40496
-0.075057
-0.29693
-0.22476
-0.22913
-0.3167
-0.27784
-0.22415
-0.30444
-0.46732
-0.52776
-0.23687
0.34969
0.70587
0.65234
0.32216
-0.077889
-0.29009
-0.22906
-0.24202
-0.33519
-0.28006
-0.24275
-0.30802
-0.42584
-0.40688
-0.11743
0.33414
0.57931
0.47079
0.21873
-0.07728
-0.26616
-0.22588
-0.17604
-0.24407
-0.21602
-0.18269
-0.22779
-0.34899
-0.34617
-0.082255
0.32692
0.55579
0.46818
0.27924
0.027824
-0.17872
-0.1871
-0.15398
-0.25151
-0.23689
-0.15787
-0.17325
-0.32066
-0.35274
-0.065228
0.34419
0.57694
0.54518
0.35217
0.10676
-0.088
-0.11686
-0.15028
-0.24932
-0.22601
-0.14176
-0.16572
-0.30176
-0.31762
-0.053427
0.29188
0.53303
0.52157
0.32636
0.13539
-0.010496
-0.048502
-0.099802
-0.17554
-0.17481
-0.085211
-0.081243
-0.1772
-0.22863
-0.086918
0.17233
0.38711
0.37155
0.25238
0.12834
0.034831
0.0025803
-0.026358
0.025138
0.077605
0.12314
0.17649
0.21984
0.20656
0.048221
-0.08604
-0.15669
-0.19857
-0.2554
-0.3303
-0.41692
-0.31976
0.0056976
0.071375
0.092798
0.11711
0.20428
0.25494
0.22706
0.077002
-0.054498
-0.17361
-0.29113
-0.38598
-0.48384
-0.57456
-0.42379
0.021075
0.11592
0.12797
0.15003
0.22813
0.27459
0.23584
0.13239
0.035076
-0.12622
-0.35119
-0.5295
-0.65021
-0.71552
-0.54735
0.013934
0.11737
0.18526
0.22653
0.28167
0.2904
0.23555
0.17902
0.15866
0.00017303
-0.32731
-0.6225
-0.81585
-0.90712
-0.67598
-0.016216
0.10518
0.19667
0.24298
0.29331
0.27559
0.26713
0.31131
0.32293
0.14835
-0.25052
-0.68623
-0.97611
-1.0628
-0.74887
-0.023864
0.093855
0.17798
0.24998
0.31946
0.34223
0.4153
0.51385
0.51251
0.28607
-0.19708
-0.71314
-1.0468
-1.1544
-0.8039
-0.01858
0.10067
0.16161
0.20651
0.28042
0.37642
0.55644
0.75516
0.79293
0.51602
-0.018707
-0.59239
-1.0116
-1.173
-0.84638
0.027324
0.12315
0.12157
0.10779
0.15978
0.31161
0.58141
0.88675
1.0423
0.83107
0.26372
-0.39343
-0.93346
-1.144
-0.83289
0.073597
0.13375
0.11737
0.062036
0.067395
0.19932
0.472
0.83763
1.1321
1.0412
0.51813
-0.17202
-0.81778
-1.1095
-0.82178
0.031033
0.058579
0.077865
0.021341
-0.03895
0.059381
0.34397
0.71082
1.0354
1.0569
0.6509
0.023751
-0.64232
-0.99719
-0.78377
-0.086324
-0.075916
-0.018639
-0.054671
-0.13071
-0.049439
0.20948
0.55533
0.86978
0.94656
0.68103
0.15915
-0.44923
-0.86709
-0.73815
-0.11949
-0.13572
-0.11679
-0.17555
-0.2462
-0.17456
0.085878
0.37945
0.66472
0.84582
0.70821
0.29293
-0.29029
-0.73068
-0.68351
-0.080433
-0.097827
-0.10702
-0.20315
-0.28495
-0.19504
0.067329
0.30277
0.51247
0.71428
0.69169
0.39628
-0.1107
-0.51552
-0.50987
-0.052458
-0.0084912
0.064475
-0.017357
-0.15448
-0.15185
0.030042
0.19996
0.35375
0.55133
0.56181
0.32799
-0.030876
-0.32912
-0.33237
-0.023281
0.067222
0.1578
0.10182
-0.041209
-0.12274
-0.06064
0.06779
0.18929
0.36065
0.41384
0.21447
-0.040707
-0.21629
-0.22643
-0.10882
-0.20717
-0.28519
-0.27408
-0.18895
-0.14527
-0.12716
0.020008
0.23036
0.39532
0.4394
0.43109
0.41566
0.32475
0.15426
-0.20303
-0.3027
-0.40457
-0.38538
-0.26566
-0.22199
-0.20526
-0.019921
0.32378
0.62309
0.68919
0.62661
0.51113
0.39681
0.23412
-0.20953
-0.32653
-0.39831
-0.38929
-0.3289
-0.29961
-0.32844
-0.17217
0.23576
0.6345
0.81094
0.77783
0.59568
0.45429
0.33855
-0.096369
-0.22787
-0.28361
-0.29772
-0.30212
-0.34698
-0.44094
-0.38447
-0.0157
0.4557
0.83378
0.94292
0.78276
0.60192
0.40346
-0.0054705
-0.10399
-0.15194
-0.19651
-0.23536
-0.30521
-0.4738
-0.55622
-0.32994
0.19491
0.76213
1.0116
0.94695
0.77159
0.51008
-0.0036051
-0.05929
-0.058044
-0.1161
-0.14512
-0.22911
-0.44917
-0.6543
-0.58163
-0.15047
0.46951
0.8989
1.0638
0.99515
0.71557
0.019478
0.0071739
0.0014795
-0.095963
-0.15504
-0.23133
-0.44765
-0.68701
-0.77053
-0.52447
0.065182
0.70958
1.1652
1.2327
0.87548
-0.01072
0.0072945
0.016813
-0.075831
-0.16492
-0.23185
-0.41457
-0.61977
-0.77866
-0.72759
-0.28767
0.43023
1.1267
1.3354
0.95539
-0.024927
-0.01981
0.0011236
-0.045838
-0.09506
-0.15244
-0.3108
-0.49201
-0.68006
-0.79182
-0.52795
0.12024
0.88494
1.2362
0.96265
-0.060517
-0.07779
-0.023862
0.0089611
0.0089173
-0.03939
-0.17256
-0.35369
-0.59183
-0.82913
-0.76535
-0.22796
0.51683
0.95355
0.84898
-0.11274
-0.13326
-0.075606
-0.0012992
0.0038847
-0.022439
-0.11075
-0.24929
-0.45537
-0.76928
-0.89574
-0.53904
0.093878
0.60285
0.68932
-0.11038
-0.16486
-0.15762
-0.091829
-0.055631
-0.046951
-0.053099
-0.12946
-0.2844
-0.5726
-0.86517
-0.75531
-0.27388
0.2475
0.5103
-0.056281
-0.090233
-0.12672
-0.10845
-0.08959
-0.065969
0.00038541
0.0022658
-0.14318
-0.43319
-0.77333
-0.81066
-0.49327
-0.024005
0.3127
0.023591
0.027113
-0.039226
-0.047652
-0.044363
-0.039106
0.055915
0.073914
-0.089537
-0.37045
-0.62555
-0.68324
-0.48765
-0.13416
0.15348
0.013439
0.031758
0.026808
0.016659
-0.002187
-0.017043
0.042191
0.03927
-0.051655
-0.2179
-0.37511
-0.41594
-0.30786
-0.10825
0.027333
-0.36342
-0.51547
-0.4937
-0.30437
-0.031197
0.20752
0.37653
0.50066
0.4862
0.35675
0.23131
0.13141
0.02925
-0.045332
-0.060489
-0.43918
-0.67409
-0.72794
-0.57683
-0.22816
0.13727
0.41347
0.58378
0.59957
0.46008
0.29642
0.17525
0.092247
0.030515
0.0019911
-0.49267
-0.73203
-0.82425
-0.66847
-0.32876
0.029361
0.33153
0.51142
0.55039
0.44631
0.2819
0.17257
0.12529
0.10545
0.080743
-0.48041
-0.68169
-0.79276
-0.67812
-0.42599
-0.11057
0.226
0.4809
0.54131
0.45224
0.29272
0.15537
0.12497
0.10393
0.046244
-0.41144
-0.58557
-0.66795
-0.63104
-0.5086
-0.27218
0.1337
0.51316
0.67688
0.61104
0.41323
0.22577
0.10794
0.040747
-0.044033
-0.28846
-0.47994
-0.56939
-0.56261
-0.52069
-0.34682
0.016074
0.46248
0.7886
0.8122
0.58186
0.29619
0.090357
-0.030302
-0.10016
-0.22219
-0.39762
-0.51251
-0.49545
-0.44238
-0.39045
-0.18051
0.26787
0.76906
0.99297
0.76593
0.37842
0.077924
-0.085542
-0.13543
-0.23838
-0.34943
-0.42754
-0.43234
-0.40216
-0.44319
-0.41675
-0.035033
0.62838
1.0754
0.93099
0.5071
0.16192
-0.029363
-0.099621
-0.22885
-0.27083
-0.30314
-0.38495
-0.43645
-0.54681
-0.63547
-0.30983
0.40379
1.0176
1.0544
0.69376
0.36637
0.13282
0.0019644
-0.19546
-0.21675
-0.24697
-0.35549
-0.49074
-0.65253
-0.75125
-0.50389
0.14359
0.84246
1.0862
0.90881
0.62477
0.38665
0.17256
-0.13175
-0.20127
-0.23287
-0.27804
-0.4047
-0.62225
-0.83028
-0.69927
-0.14909
0.5332
0.93079
0.9947
0.85644
0.62785
0.31472
-0.11239
-0.19889
-0.20535
-0.15993
-0.20723
-0.46833
-0.76717
-0.79789
-0.41151
0.16028
0.62452
0.84538
0.8753
0.71766
0.37837
-0.10059
-0.16663
-0.13823
-0.054636
-0.081044
-0.34619
-0.70863
-0.83711
-0.60817
-0.12414
0.33588
0.63298
0.73152
0.6705
0.39262
-0.041217
-0.092719
-0.061132
0.0052156
-0.060561
-0.35781
-0.72386
-0.84185
-0.66989
-0.27665
0.12739
0.45621
0.57424
0.57481
0.36894
-0.017009
-0.035061
-0.045277
-0.045323
-0.12611
-0.32878
-0.59207
-0.66945
-0.53099
-0.2611
0.0035689
0.25757
0.384
0.40538
0.27283
0.57558
0.68475
0.47512
0.1599
-0.12592
-0.28254
-0.30858
-0.25742
-0.21157
-0.18906
-0.20985
-0.23642
-0.22332
-0.14396
-0.096328
0.81992
1.0098
0.76683
0.31618
-0.079528
-0.34221
-0.43733
-0.37166
-0.28552
-0.29685
-0.3539
-0.32747
-0.25713
-0.19005
-0.139
0.94831
1.2345
1.05
0.57999
0.10937
-0.22443
-0.3943
-0.43326
-0.38152
-0.42113
-0.50535
-0.45069
-0.30475
-0.17637
-0.10898
0.97751
1.3861
1.2819
0.83196
0.3016
-0.056277
-0.29857
-0.44881
-0.5114
-0.57468
-0.63847
-0.50115
-0.26866
-0.08466
-0.060931
0.88537
1.4007
1.3927
1.0248
0.55511
0.19129
-0.10119
-0.36573
-0.51975
-0.64641
-0.69157
-0.50986
-0.23088
-0.060045
-0.034118
0.65697
1.1746
1.291
1.0743
0.7918
0.49969
0.12985
-0.23362
-0.51644
-0.65984
-0.65055
-0.47846
-0.21691
-0.067851
-0.026302
0.37794
0.78162
0.98984
0.94242
0.82567
0.66396
0.30142
-0.15541
-0.5562
-0.71258
-0.64417
-0.45888
-0.24391
-0.09115
-0.02984
0.17953
0.41376
0.63153
0.76213
0.77275
0.67917
0.38495
-0.08816
-0.54284
-0.7028
-0.6264
-0.469
-0.2764
-0.14295
-0.070053
0.014367
0.11959
0.32025
0.55064
0.68032
0.62994
0.39862
-0.012238
-0.44184
-0.63854
-0.60978
-0.49516
-0.3205
-0.19521
-0.095067
-0.091703
-0.06451
0.1234
0.39955
0.54278
0.55761
0.42141
0.096214
-0.30464
-0.57024
-0.65287
-0.57782
-0.40619
-0.25502
-0.11041
-0.031499
-0.070851
0.028418
0.24275
0.38521
0.46242
0.44699
0.22498
-0.1266
-0.47213
-0.67861
-0.67854
-0.55808
-0.3696
-0.16129
-0.0033877
-0.043928
-0.00038916
0.13105
0.27872
0.41664
0.46276
0.28527
-0.039397
-0.34939
-0.59978
-0.71715
-0.67163
-0.48927
-0.23016
-0.083659
-0.10942
-0.095675
0.024892
0.19081
0.36721
0.44754
0.28504
0.016846
-0.24667
-0.48473
-0.66797
-0.66447
-0.49439
-0.23335
-0.1186
-0.19332
-0.20595
-0.12293
0.042987
0.25673
0.34004
0.22166
0.021548
-0.20406
-0.3956
-0.53727
-0.53502
-0.4274
-0.21473
-0.087929
-0.17838
-0.17314
-0.12041
-0.029169
0.10454
0.15094
0.10904
0.0026959
-0.14147
-0.25553
-0.34942
-0.37538
-0.30813
-0.18123
-0.037265
-0.079846
-0.1695
-0.19431
-0.16734
-0.14281
-0.12135
-0.093593
-0.047675
-0.034053
-0.062726
-0.066902
-0.023806
-0.015199
-0.040887
-0.016652
-0.081862
-0.15609
-0.18927
-0.17406
-0.17777
-0.18817
-0.16293
-0.085544
-0.027579
-0.042138
-0.10579
-0.11282
-0.13136
-0.13253
-0.012487
-0.10197
-0.11284
-0.12003
-0.12061
-0.13042
-0.14299
-0.16265
-0.121
-0.027858
-0.0033949
-0.057183
-0.10104
-0.12425
-0.10037
-0.079063
-0.11677
-0.046724
-0.024598
-0.051738
-0.064608
-0.073483
-0.094078
-0.10824
-0.058353
0.0039157
0.066718
0.055313
0.013069
0.027706
-0.18724
-0.22881
-0.13682
-0.053639
-0.050061
-0.048097
-0.061537
-0.10874
-0.18405
-0.16988
-0.042205
0.10746
0.16958
0.12522
0.072462
-0.28775
-0.3671
-0.28891
-0.16509
-0.11781
-0.15425
-0.2684
-0.38113
-0.43134
-0.35689
-0.20582
-0.095006
-0.022482
-0.014253
-0.018068
-0.27401
-0.42662
-0.43538
-0.34406
-0.30541
-0.38838
-0.61406
-0.75293
-0.7353
-0.59878
-0.47334
-0.40902
-0.36699
-0.28978
-0.18919
-0.2383
-0.42515
-0.52584
-0.54324
-0.56057
-0.6888
-0.87434
-1.0147
-0.98969
-0.86539
-0.80058
-0.78402
-0.71028
-0.54619
-0.33909
-0.1233
-0.27088
-0.38175
-0.46407
-0.54776
-0.66595
-0.79068
-0.8772
-0.86751
-0.87938
-0.94033
-0.97051
-0.85511
-0.60812
-0.33535
0.025552
0.056954
0.049725
0.023426
0.010852
-0.00080781
-0.02234
-0.027721
-0.097742
-0.28524
-0.4755
-0.59204
-0.51307
-0.26876
-0.1147
0.2413
0.40372
0.50846
0.57969
0.70532
0.82468
0.92618
1.029
0.96003
0.66361
0.3231
0.087971
0.039889
0.11444
0.12414
0.38202
0.55526
0.67656
0.75487
0.88476
1.0305
1.2046
1.4059
1.4407
1.1933
0.86294
0.63344
0.51065
0.42225
0.26198
0.23243
0.34413
0.4358
0.46667
0.511
0.59975
0.74394
0.97296
1.1305
1.0464
0.87717
0.77482
0.69666
0.54196
0.31091
0.094634
0.071075
0.094587
0.093738
0.065694
0.1299
0.26507
0.41234
0.56688
0.62094
0.62572
0.60315
0.54641
0.38582
0.17887
0.065971
-0.0060456
-0.014326
-0.043509
-0.12101
-0.070232
0.021009
0.095952
0.20396
0.28878
0.34896
0.3346
0.27561
0.18164
0.063332
-0.072003
-0.11004
-0.17067
-0.24198
-0.14066
0.0062543
0.020949
-0.023249
-0.027201
-0.050324
0.010369
0.17756
0.24746
0.17132
0.055475
-0.1409
-0.20785
-0.24849
-0.23573
-0.098867
-0.00075598
-0.026876
-0.023985
-0.0084996
0.0056332
0.052324
0.21824
0.34683
0.25677
0.079623
-0.1532
-0.25607
-0.27725
-0.20151
-0.090118
-0.038276
-0.049077
0.0076143
0.046352
0.024153
0.071828
0.20865
0.28212
0.20197
0.061799
-0.12289
-0.21662
-0.25662
-0.21368
-0.10804
-0.026168
-0.017663
0.043214
0.095071
0.067919
0.085204
0.13604
0.12223
0.053201
-0.0068626
-0.13103
-0.202
-0.20996
-0.20782
-0.12142
-0.033885
-0.0054806
0.085021
0.16492
0.14019
0.10152
0.0668
-0.023189
-0.10559
-0.092593
-0.15911
-0.24635
-0.21171
-0.1346
-0.099207
-0.087098
-0.039218
0.11512
0.20666
0.19406
0.10806
0.0047903
-0.10608
-0.18562
-0.16186
-0.25581
-0.39447
-0.32489
-0.10121
0.018978
0.0014177
0.028665
0.14397
0.24971
0.22982
0.10198
-0.014891
-0.10868
-0.19978
-0.19637
-0.3751
-0.61682
-0.56706
-0.18025
0.16045
0.27168
0.2565
0.26671
0.30128
0.27699
0.14264
0.015636
-0.080935
-0.16311
-0.15525
-0.54911
-0.86997
-0.82844
-0.32104
0.26639
0.56669
0.54089
0.35498
0.2634
0.23456
0.19844
0.09045
-0.024971
-0.082371
-0.080835
-0.69007
-1.1246
-1.1006
-0.42394
0.40779
0.87956
0.82653
0.47069
0.2174
0.12176
0.10548
0.055234
-0.026945
-0.035581
-0.041769
-0.82774
-1.3488
-1.2662
-0.37563
0.71789
1.2793
1.0722
0.53895
0.15261
-0.032649
-0.055659
-0.059931
-0.063808
-0.021809
-0.0095682
-0.95948
-1.4695
-1.2808
-0.21309
1.0488
1.5868
1.187
0.50863
0.040387
-0.15629
-0.18901
-0.15225
-0.0662
-0.025951
0.018069
-0.95138
-1.4315
-1.164
-0.049004
1.2627
1.712
1.2217
0.52906
0.078711
-0.15357
-0.20489
-0.12292
-0.038361
0.0073363
0.031111
-0.84432
-1.2196
-0.88817
0.11263
1.193
1.5531
1.1491
0.57237
0.16253
-0.080062
-0.11271
-0.012525
0.047014
0.092402
0.10426
-0.73124
-0.89055
-0.5392
0.14686
0.79216
1.0378
0.82722
0.44087
0.13238
0.0050621
-0.029017
0.0269
0.12247
0.1521
0.10628
0.1148
0.06975
0.038713
0.10181
0.1992
0.30776
0.33143
0.21935
-0.043868
-0.37244
-0.67634
-0.80768
-0.6542
-0.3836
-0.1439
0.073696
0.010805
0.0076723
0.14145
0.3292
0.48243
0.41083
0.14463
-0.27748
-0.77846
-1.1137
-1.0998
-0.78989
-0.44779
-0.14582
-0.049263
-0.10465
-0.077076
0.063492
0.32303
0.4614
0.29662
-0.059068
-0.52712
-1.0296
-1.2665
-1.058
-0.6179
-0.25875
0.010007
-0.12234
-0.19203
-0.19659
-0.068987
0.17808
0.27147
0.039018
-0.35241
-0.75569
-1.0675
-1.0531
-0.70213
-0.23016
0.062264
0.17564
-0.12044
-0.20132
-0.22557
-0.13359
0.039697
0.017893
-0.29585
-0.69818
-0.95797
-0.93874
-0.57558
-0.10826
0.28693
0.41693
0.30211
-0.12112
-0.19835
-0.21453
-0.15356
-0.080686
-0.17729
-0.50531
-0.81764
-0.85594
-0.53041
0.0092137
0.50799
0.78558
0.74534
0.43071
-0.12249
-0.14936
-0.1594
-0.16777
-0.18375
-0.33015
-0.54902
-0.61178
-0.37532
0.08898
0.56429
0.95113
1.1135
0.90844
0.50405
-0.10361
-0.090166
-0.11501
-0.19031
-0.30017
-0.43593
-0.46132
-0.20654
0.22342
0.63421
0.93732
1.1215
1.1119
0.87683
0.50767
-0.065001
-0.069498
-0.17165
-0.32074
-0.43826
-0.4905
-0.30337
0.20024
0.66899
0.8939
0.91884
0.89852
0.85751
0.73956
0.44995
-0.011749
-0.072028
-0.27486
-0.512
-0.62041
-0.52628
-0.10777
0.48179
0.82586
0.82009
0.60375
0.467
0.52412
0.53714
0.35838
0.044
-0.062115
-0.34403
-0.63095
-0.70348
-0.43386
0.17873
0.76216
0.90598
0.67168
0.32444
0.19677
0.28205
0.34786
0.26509
0.066333
-0.058215
-0.34103
-0.59261
-0.60402
-0.20891
0.44984
0.91503
0.90573
0.49952
0.11499
0.0057288
0.074706
0.13971
0.13807
0.011187
-0.11688
-0.32539
-0.53544
-0.46221
-0.010242
0.57862
0.87913
0.77102
0.35355
0.00093802
-0.081578
-0.0408
0.025879
0.078902
-0.1001
-0.23106
-0.38207
-0.47058
-0.3223
0.075863
0.54639
0.76618
0.63942
0.27048
-0.048261
-0.11327
-0.048872
0.041419
0.052267
-0.1671
-0.28084
-0.35392
-0.32105
-0.18686
0.087885
0.40441
0.52191
0.41392
0.14471
-0.065891
-0.11368
-0.035111
0.063955
0.044279
0.035587
0.02644
0.03796
-0.079383
-0.36079
-0.64179
-0.80779
-0.82494
-0.75024
-0.55862
-0.41931
-0.37969
-0.30454
-0.20952
-0.080595
0.024253
0.030536
0.022824
-0.19939
-0.63224
-1.0453
-1.2607
-1.2346
-1.0206
-0.76904
-0.58204
-0.47873
-0.45747
-0.33941
-0.1722
-0.014602
0.047068
-0.021057
-0.30238
-0.79892
-1.1811
-1.3489
-1.1842
-0.7877
-0.44311
-0.2727
-0.25354
-0.31599
-0.25662
-0.14167
-0.00029089
0.0063455
-0.088618
-0.36306
-0.74211
-1.0012
-0.98538
-0.58205
-0.042727
0.30265
0.30761
0.12238
-0.032476
-0.098765
-0.078098
-0.082903
-0.1336
-0.25838
-0.398
-0.54365
-0.56021
-0.23866
0.32745
0.78503
0.92278
0.7326
0.48511
0.27187
0.096795
-0.03041
-0.30319
-0.42003
-0.50511
-0.40701
-0.23594
0.083977
0.58234
1.053
1.2224
1.076
0.85058
0.68187
0.52043
0.31217
0.081057
-0.44988
-0.65106
-0.65693
-0.39151
0.080536
0.64867
1.0839
1.2408
1.1244
0.80066
0.61156
0.59877
0.54013
0.36277
0.11432
-0.49736
-0.69251
-0.57611
-0.18187
0.44335
0.90484
0.98731
0.83009
0.54299
0.321
0.30036
0.37843
0.3658
0.24032
0.065641
-0.46327
-0.52407
-0.27151
0.18887
0.70306
0.85282
0.62006
0.27384
0.017261
-0.010621
0.11284
0.21082
0.218
0.14455
0.013484
-0.3579
-0.26518
0.11722
0.5348
0.75883
0.64703
0.22865
-0.094952
-0.21745
-0.11647
0.048904
0.11052
0.12848
0.084126
-0.014937
-0.2296
-0.0012765
0.41127
0.69042
0.63447
0.31878
-0.054099
-0.23465
-0.16082
0.015511
0.13469
0.1243
0.10581
0.027252
-0.068124
-0.060712
0.24103
0.58743
0.64231
0.37065
-0.01671
-0.24263
-0.18796
0.071942
0.24842
0.2605
0.18355
0.086706
-0.0062105
-0.066682
-0.015541
0.32789
0.57845
0.45446
0.10589
-0.21084
-0.30632
-0.13147
0.16075
0.30248
0.22115
0.10436
0.0067848
-0.0077503
-0.0225
-0.0092239
0.25489
0.43036
0.24501
-0.042056
-0.2462
-0.28752
-0.11608
0.089818
0.164
0.10277
0.011506
-0.0205
0.017068
-0.024778
0.022503
0.13426
0.19351
0.079394
-0.090972
-0.23474
-0.24462
-0.094095
-0.0013533
-0.0022908
-0.045086
-0.04663
-0.02014
-0.030522
-0.099133
0.16727
0.41226
0.45076
0.32596
0.20344
0.16682
0.24593
0.28204
0.18491
-0.0048469
-0.31511
-0.58815
-0.70425
-0.73483
-0.49345
0.35231
0.78299
0.94552
0.84116
0.61293
0.44808
0.49577
0.59967
0.54685
0.28762
-0.17816
-0.7023
-0.99762
-1.0379
-0.72595
0.36983
0.83815
1.1516
1.1354
0.88599
0.71983
0.82862
1.0204
1.0135
0.69987
0.1947
-0.40057
-0.86762
-1.0428
-0.79036
0.17767
0.55131
0.82691
0.82281
0.65709
0.62756
0.8752
1.2393
1.4336
1.1914
0.64413
0.026743
-0.49231
-0.73859
-0.59096
-0.052447
0.07596
0.17632
0.10717
-0.019688
-0.0011415
0.31103
0.83092
1.24
1.2269
0.80747
0.28677
-0.13143
-0.36237
-0.3436
-0.25982
-0.34416
-0.42241
-0.52872
-0.64079
-0.63906
-0.39316
0.08729
0.60544
0.77796
0.66844
0.41865
0.13931
-0.079987
-0.1638
-0.34691
-0.43101
-0.502
-0.63361
-0.77519
-0.84772
-0.73845
-0.42727
0.012448
0.3196
0.42008
0.37993
0.24135
0.084556
-0.01175
-0.22617
-0.23818
-0.221
-0.28083
-0.4388
-0.62789
-0.72886
-0.59934
-0.30485
-0.021805
0.15351
0.23792
0.18238
0.09638
0.045114
-0.076169
-0.024185
0.085916
0.13165
0.0033394
-0.28355
-0.53509
-0.60793
-0.53611
-0.31474
-0.078426
0.039162
0.0225
-0.033489
-0.03215
-0.040268
0.046686
0.18706
0.35464
0.32484
0.018763
-0.34237
-0.58125
-0.67048
-0.52299
-0.31935
-0.23231
-0.23203
-0.22243
-0.15127
-0.083655
-0.033877
0.10196
0.35753
0.48844
0.24944
-0.1538
-0.47918
-0.62237
-0.54184
-0.38592
-0.35111
-0.32507
-0.25944
-0.14294
-0.10592
-0.1646
-0.090865
0.16899
0.34696
0.23993
-0.027241
-0.31249
-0.46033
-0.39447
-0.25508
-0.2165
-0.22511
-0.14595
-0.072754
-0.11896
-0.22028
-0.16798
0.014257
0.1264
0.073226
-0.058212
-0.2306
-0.32223
-0.25916
-0.1736
-0.16476
-0.16864
-0.078139
-0.019971
-0.0929
-0.1235
-0.087089
0.030017
0.043368
-0.02937
-0.13795
-0.22053
-0.26842
-0.21558
-0.19502
-0.2476
-0.2467
-0.12997
-0.03993
-0.03766
-0.08169
-0.05037
0.05905
0.035682
-0.070978
-0.12819
-0.15329
-0.19286
-0.16148
-0.14386
-0.22005
-0.28294
-0.21396
-0.12901
0.0076997
0.011146
0.045563
0.089718
0.1597
0.17327
0.096804
-0.032192
-0.15525
-0.1787
-0.2077
-0.26537
-0.24557
-0.069521
0.078717
0.068617
0.11989
0.17602
0.22585
0.24011
0.19823
0.090476
-0.080437
-0.24168
-0.2984
-0.34284
-0.3947
-0.3097
-0.060347
0.12215
0.14882
0.19204
0.22341
0.24241
0.20821
0.12198
0.032674
-0.10815
-0.2783
-0.36398
-0.41424
-0.43729
-0.29256
-0.0034549
0.15682
0.12781
0.13204
0.12583
0.15333
0.12877
0.066237
0.025532
-0.044544
-0.17776
-0.29146
-0.40193
-0.47201
-0.31414
-0.0056282
0.1654
0.10067
0.061355
0.020961
0.043412
0.038788
0.0034741
0.026226
0.072567
-0.00407
-0.20628
-0.48027
-0.64271
-0.40765
-0.02685
0.18595
0.11659
0.044611
-0.027742
-0.031987
-0.063133
-0.042496
0.083441
0.18543
0.16997
-0.11213
-0.56011
-0.77174
-0.44416
0.028541
0.22657
0.10254
0.032834
-0.025852
-0.065339
-0.11635
-0.022871
0.13021
0.2899
0.27231
-0.069032
-0.62283
-0.83305
-0.43223
0.12516
0.3445
0.11073
0.083793
0.045972
-0.015555
-0.038498
0.056709
0.20316
0.34509
0.28509
-0.16101
-0.77195
-0.9167
-0.38
0.24664
0.45881
0.12354
0.15865
0.087258
0.019262
0.061024
0.13144
0.19922
0.27724
0.13408
-0.35555
-0.96123
-0.95951
-0.19416
0.52419
0.6647
0.11565
0.14311
0.030807
-0.061487
0.025013
0.11021
0.13379
0.094501
-0.12001
-0.60488
-1.1126
-0.81997
0.23175
1.0352
0.98672
0.10103
0.076875
-0.037663
-0.082824
0.012276
0.10155
0.11022
-0.067551
-0.41223
-0.89596
-1.1297
-0.42448
0.8246
1.5042
1.2161
0.0073002
-0.044236
-0.085241
-0.044622
0.029349
0.080814
0.058404
-0.22274
-0.66771
-1.0829
-0.99315
0.065626
1.3366
1.7198
1.2029
-0.064301
-0.10453
-0.073399
-0.0040836
0.0012596
-0.045962
-0.14032
-0.44605
-0.85354
-1.0914
-0.71704
0.45071
1.5915
1.7153
1.0857
-0.019712
-0.04682
0.0024267
0.016119
-0.040465
-0.15279
-0.28276
-0.5923
-0.89412
-0.94306
-0.41977
0.60133
1.4502
1.4854
0.90274
0.013456
-0.013047
-0.0034456
-0.029521
-0.084147
-0.15092
-0.27583
-0.51765
-0.67799
-0.59931
-0.1354
0.5422
1.042
1.0205
0.6516
-0.012668
0.13615
0.34019
0.40716
0.21527
-0.085722
-0.25423
-0.28978
-0.27154
-0.18018
-0.009067
0.13586
0.19976
0.22439
0.17357
-0.083214
0.16318
0.52222
0.69193
0.55508
0.15286
-0.16343
-0.2806
-0.34918
-0.25425
0.053705
0.37921
0.47496
0.44573
0.31746
-0.22886
0.000915
0.48264
0.89624
0.96397
0.6426
0.20603
-0.10448
-0.28166
-0.19334
0.17711
0.5945
0.75688
0.72827
0.50354
-0.34361
-0.2205
0.27917
0.88957
1.1302
0.93481
0.51272
0.13812
-0.066117
-0.00095319
0.3335
0.75573
0.95317
0.93772
0.62194
-0.39136
-0.40558
-0.077672
0.56895
1.01
0.97709
0.69303
0.36886
0.1344
0.12441
0.36189
0.73474
0.93133
0.86826
0.53793
-0.41019
-0.56506
-0.50377
0.03286
0.67826
0.92863
0.79989
0.53094
0.23717
0.089396
0.17133
0.42629
0.59784
0.58739
0.32342
-0.39374
-0.67689
-0.804
-0.44396
0.24901
0.76644
0.81015
0.55075
0.14779
-0.17409
-0.25731
-0.13299
0.0687
0.1692
0.11218
-0.34743
-0.65536
-0.83959
-0.6707
-0.074098
0.57153
0.80423
0.55817
0.051968
-0.36678
-0.6245
-0.63475
-0.45437
-0.25111
-0.10087
-0.30096
-0.52446
-0.73938
-0.74823
-0.34575
0.31996
0.70487
0.58723
0.14273
-0.30915
-0.648
-0.75826
-0.62864
-0.39616
-0.16269
-0.2023
-0.40204
-0.63903
-0.79501
-0.61191
-0.04927
0.46696
0.54606
0.3159
0.0087783
-0.323
-0.53423
-0.50686
-0.32935
-0.13035
-0.079155
-0.31488
-0.58848
-0.83511
-0.83139
-0.44578
0.086428
0.33579
0.33823
0.26098
0.062998
-0.18845
-0.3175
-0.23641
-0.11414
-0.031831
-0.25151
-0.54931
-0.83325
-0.91083
-0.6838
-0.23617
0.081
0.22487
0.29287
0.18697
-0.0059232
-0.17942
-0.1571
-0.10639
-0.098517
-0.28445
-0.54588
-0.77222
-0.84405
-0.69475
-0.34559
-0.042624
0.13541
0.20149
0.10476
-0.043108
-0.15866
-0.16622
-0.13553
-0.19432
-0.39149
-0.5828
-0.66273
-0.66433
-0.57139
-0.34864
-0.092993
0.07513
0.089197
-0.0047701
-0.10172
-0.16857
-0.19323
-0.17517
-0.15169
-0.30932
-0.42637
-0.46069
-0.45332
-0.39807
-0.25736
-0.10137
0.025467
-0.011923
-0.053162
-0.066906
-0.11538
-0.1663
-0.16542
-0.055915
-0.305
-0.65719
-0.85582
-0.657
-0.088695
0.44417
0.71931
0.70361
0.42774
0.10874
-0.12436
-0.23921
-0.22007
-0.13356
-0.11829
-0.42376
-0.85913
-1.1143
-0.84225
-0.02665
0.75203
1.0743
0.92984
0.50323
0.042584
-0.28232
-0.33773
-0.20274
-0.073732
-0.19638
-0.5351
-0.95109
-1.1596
-0.73364
0.24577
1.0927
1.2513
0.90164
0.37557
-0.070673
-0.38002
-0.35857
-0.16079
-0.044101
-0.24556
-0.60604
-0.98719
-1.026
-0.38648
0.6974
1.3848
1.2228
0.65643
0.14163
-0.21136
-0.39602
-0.33063
-0.15586
-0.070898
-0.28777
-0.63108
-0.95999
-0.81671
0.061111
1.1399
1.5298
1.086
0.42478
-0.072998
-0.32737
-0.41025
-0.2877
-0.11216
-0.029723
-0.29202
-0.57397
-0.8098
-0.50779
0.42426
1.356
1.5268
0.93089
0.22788
-0.23675
-0.36512
-0.32638
-0.16422
0.022744
0.056089
-0.2861
-0.49223
-0.56479
-0.2358
0.54395
1.2456
1.2559
0.6278
-0.029535
-0.37372
-0.36013
-0.20076
-0.014608
0.13113
0.13619
-0.24129
-0.38308
-0.38685
-0.094698
0.50338
0.98044
0.85936
0.27093
-0.26717
-0.45688
-0.36656
-0.15765
0.0065004
0.14243
0.16122
-0.15565
-0.18246
-0.18764
0.071354
0.50613
0.77902
0.58904
0.07418
-0.31172
-0.43028
-0.34797
-0.12232
0.0083209
0.073745
0.052137
-0.019775
0.055998
0.073547
0.22304
0.4721
0.58012
0.39337
0.026379
-0.21782
-0.34131
-0.28952
-0.13292
-0.039219
-0.027713
-0.065777
0.097047
0.22103
0.23529
0.28687
0.38615
0.41894
0.2561
0.012175
-0.17062
-0.29547
-0.30925
-0.22641
-0.189
-0.17439
-0.098307
0.088666
0.19803
0.22714
0.23729
0.27223
0.29089
0.21129
0.049249
-0.097877
-0.2202
-0.23766
-0.2293
-0.25425
-0.25176
-0.13635
0.11562
0.20413
0.19399
0.085963
0.048972
0.085242
0.10297
0.035362
-0.06999
-0.14684
-0.14726
-0.17809
-0.2778
-0.30477
-0.21149
0.18866
0.28633
0.19217
-0.062057
-0.17678
-0.11339
-0.047973
-0.036584
-0.08371
-0.11894
-0.12654
-0.20387
-0.29534
-0.29001
-0.20275
0.15113
0.21062
0.09414
-0.13932
-0.24037
-0.13954
-0.054767
-0.05247
-0.086933
-0.0757
-0.076885
-0.14011
-0.17304
-0.14124
-0.090044
0.13484
0.13471
-0.048394
-0.25968
-0.46848
-0.57114
-0.26853
0.22187
0.48416
0.48433
0.32494
0.14476
0.10066
0.1421
0.12034
0.1464
0.2207
0.036084
-0.31972
-0.70237
-0.85329
-0.36618
0.36786
0.72737
0.6554
0.42162
0.24672
0.17499
0.1564
0.089061
0.12672
0.21708
-0.0003472
-0.4312
-0.87485
-0.98233
-0.35614
0.50193
0.84143
0.65946
0.37467
0.19864
0.094442
0.043568
0.020076
0.16675
0.20025
-0.025004
-0.52113
-1.0185
-1.0309
-0.26777
0.59406
0.83827
0.54651
0.20228
0.027084
0.00079358
0.0054464
0.039892
0.22115
0.23209
-0.0071743
-0.53679
-1.0916
-1.0552
-0.19056
0.65312
0.79529
0.43036
0.073304
-0.088993
-0.033928
0.07121
0.085267
0.23356
0.26004
-0.016146
-0.56195
-1.1034
-1.013
-0.083936
0.76019
0.8176
0.44339
0.072754
-0.11946
-0.086799
0.048911
0.10994
0.19531
0.17235
-0.091525
-0.59454
-1.0956
-0.91279
0.085753
0.86013
0.80341
0.37113
0.018636
-0.12245
-0.079042
-0.005853
0.082422
0.18261
0.12556
-0.15498
-0.62236
-1.0564
-0.81179
0.24269
0.98764
0.77054
0.19636
-0.19134
-0.2112
-0.11443
-0.038787
0.045335
0.18165
0.1159
-0.17666
-0.66147
-1.0214
-0.67329
0.38104
1.0526
0.7565
0.094051
-0.28444
-0.25097
-0.10098
0.0021082
0.070984
0.11383
0.063845
-0.22491
-0.67825
-0.95853
-0.54586
0.4568
1.0187
0.66672
0.074759
-0.21368
-0.20022
-0.056058
0.082004
0.14206
0.051591
-0.011849
-0.32803
-0.74483
-0.91371
-0.46
0.46514
0.95374
0.62093
0.097833
-0.19192
-0.23164
-0.10188
0.072856
0.13669
0.043431
-0.047239
-0.39228
-0.78012
-0.88968
-0.39491
0.43826
0.88617
0.60942
0.11441
-0.20446
-0.28208
-0.15622
-0.0014284
0.049337
0.065011
0.013888
-0.30828
-0.69946
-0.77833
-0.31658
0.43058
0.86139
0.65489
0.18101
-0.16817
-0.23412
-0.11585
-0.052194
-0.041149
0.08708
0.073074
-0.20263
-0.57734
-0.62932
-0.21923
0.45574
0.85401
0.68571
0.28288
-0.0056181
-0.07671
-0.041054
-0.053739
-0.077513
0.078995
0.055981
-0.1549
-0.41869
-0.47892
-0.14711
0.38821
0.65927
0.52973
0.26092
0.10379
0.066063
0.014579
-0.051801
-0.060532
-0.61609
-0.73455
-0.4223
0.10646
0.63191
0.78622
0.56247
0.1797
-0.097256
-0.14395
-0.087479
-0.044856
-0.040006
-0.043012
-0.039962
-0.86732
-1.055
-0.53251
0.38269
1.0209
1.0606
0.6352
0.15292
-0.12661
-0.15564
-0.089127
-0.034607
-0.039587
-0.06896
-0.10607
-1.0313
-1.178
-0.46326
0.62429
1.2044
1.0626
0.548
0.027617
-0.20154
-0.17415
-0.052729
-0.014779
-0.03687
-0.12521
-0.15148
-1.0333
-1.0978
-0.27748
0.85267
1.2972
0.89483
0.28064
-0.16938
-0.28808
-0.14597
0.023072
0.0319
-0.038042
-0.13868
-0.13363
-0.96144
-0.92802
0.025276
1.1574
1.3124
0.6618
0.055309
-0.29906
-0.3517
-0.14782
0.026193
0.0233
-0.097012
-0.18444
-0.12138
-0.92886
-0.72379
0.35848
1.3759
1.2944
0.53094
-0.05889
-0.33599
-0.37213
-0.21217
-0.047854
-0.033157
-0.16107
-0.23596
-0.15468
-0.80571
-0.52437
0.53643
1.422
1.2825
0.51181
-0.066696
-0.30584
-0.30346
-0.15325
-0.027365
-0.021619
-0.11852
-0.1449
-0.10567
-0.71874
-0.43532
0.55886
1.3598
1.1686
0.37974
-0.14332
-0.30439
-0.28405
-0.1303
-0.0015135
0.0063199
-0.039583
-0.053993
-0.07019
-0.686
-0.39779
0.48583
1.1336
0.9015
0.22477
-0.18457
-0.29817
-0.29041
-0.17448
-0.079697
-0.013973
-0.0084335
-0.021439
-0.052822
-0.53419
-0.32711
0.3851
0.85962
0.65746
0.14129
-0.19809
-0.30048
-0.24197
-0.14416
-0.090068
-0.010577
-0.0088563
-0.06189
-0.093968
-0.41775
-0.26011
0.29453
0.65602
0.4689
0.039143
-0.29234
-0.35514
-0.1899
-0.050675
-0.019318
-0.042268
-0.076187
-0.09092
-0.075688
-0.36574
-0.22703
0.18969
0.48141
0.31698
-0.029471
-0.33222
-0.38741
-0.22838
-0.045519
-0.0054269
-0.10152
-0.17743
-0.12266
-0.018292
-0.25998
-0.11156
0.17465
0.39321
0.274
-0.016281
-0.2839
-0.36642
-0.27668
-0.12758
-0.097733
-0.17092
-0.20016
-0.13992
-0.0048775
-0.15016
0.005414
0.20097
0.31752
0.22449
0.042245
-0.18446
-0.30691
-0.23075
-0.14807
-0.16032
-0.14146
-0.14489
-0.12866
-0.049276
-0.069394
0.072642
0.17996
0.20935
0.15472
0.033785
-0.108
-0.19121
-0.16688
-0.14272
-0.13736
-0.10572
-0.078966
-0.090633
-0.055121
-1.7884
-1.8136
-1.8375
-1.9635
-1.9082
-1.8524
-1.909
-1.8842
-2.0911
-2.0165
-1.8215
-1.9725
-1.7679
-1.8258
-1.8066
-1.8508
-1.7797
-2.0358
-1.8988
-1.9864
0.0027212
0.0017234
-0.0016929
-0.0013502
0.0029272
0.0054556
0.0020738
0.00091886
0.0026286
0.0031479
0.0057413
0.0073675
0.0032438
0.0022489
0.0013469
0.0023512
-0.0015884
-0.0056727
-0.0061483
-0.0035068
0.0011989
0.0014892
0.00073298
0.0026156
0.0027024
0.0062735
0.0068437
0.0048492
0.0048727
0.0012753
0.0065837
0.0023923
-0.0039528
-0.0072838
-0.0061725
-0.00070406
-0.000522
-3.235e-05
0.0003993
0.0002721
0.0012852
0.0028001
0.0035149
0.0041989
2.9662e-06
0.009993
0.0090489
0.0028669
-0.0016718
-0.0021787
0.0011771
-0.00022456
-0.00060445
-0.0023087
-0.0043097
-0.0056313
-0.0047648
-0.0016832
-0.0014404
-0.0012685
0.013164
0.014498
0.010907
0.0065339
0.0055588
0.0055054
0.0037931
0.00038588
-0.0029973
-0.0051927
-0.0086418
-0.0082445
-0.0081169
-0.0057481
-0.0024051
0.016101
0.018591
0.014969
0.007904
0.0051064
0.0058131
0.0043129
0.0010998
0.00026149
-0.00050431
-0.0032982
-0.0072421
-0.011052
-0.0091574
-0.0046066
0.015436
0.016251
0.012061
0.0043672
-0.00076124
-0.00092183
0.0015572
0.0035201
0.0053499
0.0051664
0.0033782
-0.0024621
-0.0092611
-0.01026
-0.0093198
0.011033
0.01235
0.0088546
0.0015
-0.0045019
-0.0019034
0.0032973
0.0054732
0.0069166
0.005569
0.0047703
0.00044005
-0.0074885
-0.011211
-0.012703
0.006437
0.0069991
0.0050077
-0.00024055
-0.0027977
-0.00068794
0.0038884
0.0066713
0.0080511
0.0048562
0.0022521
-0.0029828
-0.01145
-0.014861
-0.012522
0.0030543
0.0007178
-0.0017368
-0.0013333
-0.0017135
-0.00036513
0.0010454
0.0040304
0.0074114
0.0057797
0.00083273
-0.0057706
-0.014761
-0.019181
-0.013496
0.0036514
-0.0027094
-0.005591
-0.0056862
-0.0050518
-0.0043822
-0.0030148
-0.0027173
-0.00075805
-0.0015554
-0.0069168
-0.01007
-0.016756
-0.020813
-0.014462
0.0033136
-0.0025444
-0.0051272
-0.0060519
-0.006635
-0.0072388
-0.0077599
-0.0086914
-0.0095618
-0.011769
-0.014258
-0.015501
-0.019041
-0.018153
-0.011807
0.00054562
-0.0017786
-0.0023242
-0.0024225
-0.0032793
-0.0023491
-0.0026308
-0.0081354
-0.013779
-0.016009
-0.014411
-0.015651
-0.017835
-0.013193
-0.0089706
0.0023228
0.00026691
-0.0016317
-0.0026619
-0.0040958
-0.0016613
-0.00027512
-0.0057951
-0.01132
-0.01098
-0.010094
-0.011266
-0.011437
-0.0068993
-0.0051106
0.0045602
0.0035418
0.00045346
-0.0029761
-0.0029763
0.0016555
0.0021638
-0.0011678
-0.0031039
-0.0038401
-0.0051762
-0.0068232
-0.0071559
-0.0041318
-0.0031088
