0.98063
0.36984
-0.14453
-0.66269
0.086788
0.60042
1.0857
-0.54047
-0.26719
-0.16708
0.41151
-1.2931
0.24002
-0.45196
-0.72979
-0.011677
-0.0078757
-0.18702
0.89803
0.10747
-0.20045
-0.22796
0.00047533
0.75249
-0.16199
-0.078411
-0.036782
-0.93312
0.15036
0.011025
-0.83642
0.35095
0.54521
0.043262
-0.18562
-0.7641
0.30869
-0.36874
0.10448
0.0087631
1.1881
0.17033
-0.24826
-1.052
0.67666
0.55744
0.35039
-0.598
-0.39676
-0.024188
0.74135
-1.2105
-0.029315
-0.96108
-0.42337
0.073008
0.32573
-0.24421
0.89156
-0.0044417
-0.4058
-0.62009
0.2832
0.99908
-0.37143
-0.27639
-0.10622
-1.0171
0.017821
0.033768
-0.77758
0.2656
1.3045
-0.020224
-0.18572
-0.67024
0.47739
-1.0007
0.44026
0.26203
1.4317
-0.11474
-0.23412
-1.0504
1.1927
-0.056162
-0.96216
0.038609
-0.13176
0.016035
0.66696
0.072097
-0.25692
-0.92163
0.33921
0.20539
0.33133
-0.21409
0.17527
-0.17716
-0.4937
-0.86513
0.67444
0.69722
-0.55845
-0.61039
-0.17611
-0.7576
-0.25132
0.24141
-0.52083
0.00030496
1.5095
0.02221
-0.26112
-0.31065
0.49868
-1.5099
0.4178
0.43615
1.7927
-0.3781
-0.099506
-0.91777
0.81752
-0.48249
-1.1918
0.83757
0.30067
0.23521
0.26525
1.1098
-0.095711
0.16618
0.76871
-0.0077583
0.1989
-0.14451
-0.50748
-0.097241
-0.52369
-1.205
0.89408
0.65141
-0.43965
-0.57894
-0.072793
-0.61145
-0.58993
0.3156
-0.50522
-0.17621
0.61795
-0.010838
-0.41306
0.014237
0.33243
-1.1184
-0.2007
0.49399
1.7205
-0.33578
0.15919
-0.72635
-0.098532
-0.49886
-0.7392
0.89777
0.35922
0.40574
0.067074
0.94418
0.35429
1.0977
0.68921
-0.64545
0.09898
0.0046669
-0.39119
-0.045211
-0.5637
-1.1717
0.57374
0.65582
0.35921
0.064791
-0.0056413
-0.59426
-0.84012
0.1293
-0.69739
-0.2826
-0.67455
-0.3448
-0.12853
0.12784
-0.21084
-0.036931
-0.71084
0.49061
1.2861
-0.01794
0.70595
-0.49418
-0.78675
-0.32969
-0.49217
0.29095
0.13764
0.0058158
0.32473
0.38462
0.79912
0.7784
0.72801
-0.91204
-0.21897
0.20834
0.12819
-0.21416
-0.74138
-0.21285
0.0052649
0.5317
1.39
0.73527
-0.16424
-0.2618
-0.98944
0.074841
-0.67917
-0.35409
-1.156
-0.66776
0.68889
-0.034314
-0.61707
0.37752
-0.48478
0.014886
0.68056
0.13734
1.2189
-0.42073
-0.81544
-0.14433
-0.34798
-0.37921
-0.11502
-0.25511
0.64125
0.17139
0.87607
0.021256
0.91189
-0.1525
-0.44219
0.28836
0.24556
-0.57193
-0.88172
0.70824
-0.20302
0.3182
1.7092
0.55991
-0.35046
0.40133
-1.0077
0.23603
-0.50584
-0.3604
-0.64397
-0.62179
1.2444
-0.20071
-0.69091
-0.0032722
0.12458
-0.70066
0.18087
0.08748
1.0479
-0.53371
-0.42758
0.023324
-0.30309
-0.49694
-0.15035
-0.14541
0.64535
0.070739
0.41736
-0.18351
0.69265
0.81974
-0.369
0.20127
0.003034
-0.66802
-0.7339
0.71146
-0.080342
0.053185
1.104
-0.1154
-0.32711
0.61144
-0.7999
0.31189
-0.34587
-0.33552
0.023989
-0.26536
1.0229
-0.2387
-0.5744
-0.30475
0.38946
-0.78419
0.47778
0.43533
-0.16697
0.23501
-0.36292
0.91585
1.5696
-0.48703
-0.12227
-0.17871
0.20251
-1.5271
0.43813
-0.25921
-0.81307
-0.10429
-0.082321
-0.27052
0.9954
0.11861
0.30324
-0.36471
-0.16849
1.5094
0.10582
-0.1444
0.061228
-0.82505
0.48387
0.016234
-1.1713
0.29616
0.56204
0.060231
0.013959
-0.76312
0.053105
-0.71294
0.02488
0.090282
0.48993
0.34722
-0.32608
0.15291
0.11123
0.77111
1.0198
-0.2659
-0.54246
0.015863
0.60461
-1.2949
-0.022321
-1.0101
-0.23137
0.031458
0.092847
-0.3358
0.76821
-0.047229
0.11574
-0.64581
-0.085099
1.6553
-0.18573
-0.18511
0.079696
-0.82495
0.26191
-0.13923
-1.2501
0.3791
1.4538
0.11908
0.15466
-0.76709
-0.10811
-1.3622
0.44057
0.43478
0.576
0.13036
-0.41047
0.2752
1.0193
-0.15509
-0.57954
0.62877
-0.50776
0.27222
0.68636
0.476
-0.52154
-1.119
0.70422
0.20987
-0.071724
-0.29673
-0.27405
-0.31041
0.035906
-0.85836
0.43521
1.0073
-0.61316
-0.62302
0.08796
-0.6169
-0.083653
-0.090895
-0.99923
0.21935
1.9412
0.16569
-0.060322
-0.46606
-0.3089
-1.3076
0.58978
0.56633
0.78111
-0.19345
-0.36711
0.41412
1.2019
-0.7188
-1.2288
1.1457
-0.089278
0.55175
0.23916
1.2903
-0.10206
0.20616
1.0347
-0.098482
-0.20888
-0.17526
-0.87612
-0.29219
-0.16733
-1.0744
1.1177
0.62016
-0.72003
-0.93796
0.2066
-0.58186
-0.33581
-0.12528
-0.95407
0.011991
0.89712
-0.096324
-0.42291
-0.0061035
-0.57753
-0.2495
-0.045162
0.43628
0.838
-0.37598
-0.42544
0.70644
0.45134
-0.57223
-0.88622
0.8401
0.15959
0.48702
-0.17929
0.72763
0.78904
1.3611
0.88888
-0.76779
-0.15025
0.047667
-0.31331
-0.091583
-0.54789
-0.64222
1.344
0.5396
-0.1683
-0.15235
0.098125
-0.66714
-0.38497
-0.17984
-1.0733
-0.17092
-0.82655
-0.72751
-0.24718
0.20534
-0.8317
0.90804
-0.76996
0.24024
0.64147
-0.23283
-0.35614
0.7626
-0.58633
-0.3054
-0.66205
-0.014105
-0.0095984
-0.014108
-0.083022
0.054245
1.0728
0.91943
1.0207
-0.98757
-0.43382
0.29472
0.56414
-0.37338
-1.0128
0.42436
0.95214
0.35371
0.89999
0.92047
-0.32419
-0.098187
-0.38058
-0.17485
-1.0259
-0.24804
-1.4274
-0.94714
0.38491
0.033664
-0.77573
0.8949
-0.66988
-0.21746
0.30043
-0.073624
-0.0032075
0.46493
-0.97446
-0.20329
-0.5664
-0.66297
-0.25507
-0.15783
0.29968
-0.061481
0.57581
-0.017429
1.3741
0.14844
-0.59819
0.40228
0.59866
-1.0629
-1.3289
1.0889
0.50789
0.058167
1.7401
0.82401
-0.74683
1.0132
-0.35544
-0.079631
-0.74319
-0.25676
-0.68081
-0.30018
0.9916
-0.09348
-0.50956
0.17839
-0.0037735
-0.83179
0.053742
-0.025212
0.23621
-0.14034
-0.69149
-0.07247
-0.46167
-0.5791
-0.29359
-0.030647
0.55283
0.026544
-0.16433
-0.30096
1.1869
1.2172
-0.42429
0.29508
0.098957
-1.1585
-1.1582
0.79729
0.31641
-0.20828
1.582
0.024637
-0.75821
1.152
-0.27655
0.015117
-0.41571
-0.31147
0.21837
0.36085
0.91901
-0.10384
-0.1752
-0.32725
0.33359
-0.88425
-0.54927
-0.13399
-0.11929
0.96427
-0.70828
1.1784
1.402
-0.1812
0.35388
-0.57193
-0.24284
-1.443
0.54627
0.060436
-0.45814
-0.1121
-0.12792
-0.28461
0.73085
0.0068083
0.58761
-0.47812
-0.54591
1.5165
0.16186
-0.17636
0.11494
0.13976
0.36777
-0.10901
-0.53977
-0.1487
0.18819
0.012998
-0.045013
-0.53666
-0.4925
-1.0968
-0.38254
0.25061
-0.87467
-0.024792
-0.31173
1.2882
-0.66607
0.84763
1.2219
0.48408
-0.29898
-0.352
0.2109
-0.88082
0.023724
-0.71624
0.023258
0.048311
-0.35801
-0.34811
0.36198
-0.15908
0.61555
-0.67798
-0.80232
1.4973
0.012483
-0.048808
0.15918
0.40026
0.31944
-0.1144
-0.52856
0.28837
0.73004
0.10817
0.071529
-0.74231
-1.0328
-1.236
0.16777
0.55237
-0.99848
-0.015286
-0.39733
1.4486
0.16712
-0.27109
-0.010327
1.0511
-0.8199
0.22813
0.74891
0.79807
-0.54643
-1.0426
0.50365
0.2295
-0.81739
-0.29529
-0.69164
-0.30901
0.72282
-0.70675
-0.44327
0.51697
-0.25417
-0.46849
0.34715
0.37964
0.37032
-0.047466
-0.42332
0.48198
1.0594
0.035057
-0.052171
-0.70165
-1.356
-0.36319
0.82986
0.54672
-0.98487
-0.1299
-0.51241
1.4814
1.003
-0.73318
-0.77366
0.89537
-0.68012
0.70402
0.70414
1.0726
0.0030296
0.097786
0.45931
-0.014766
-0.78198
-0.15753
-0.99539
-0.1637
0.59501
-0.4619
0.36227
-0.082333
-0.70314
-0.99788
0.55052
-0.066571
0.74255
0.0075905
-0.38382
0.35776
0.45278
-0.46388
-0.25699
-0.46106
-1.2183
0.81402
0.40379
0.33185
-0.9115
-0.24896
-1.061
1.4844
1.0498
-0.47964
-0.7766
0.19139
-0.28071
0.54771
0.23103
0.21158
0.99598
1.2376
0.24758
-0.65093
-0.35109
0.065497
0.017941
-0.097767
0.21979
0.30932
1.1073
-0.056696
-0.94667
-0.28245
0.47139
-0.50763
1.0043
0.047466
-0.49261
0.13982
-0.64835
-1.0967
-0.24746
-0.13402
-0.66559
1.3015
-0.55731
0.071339
-0.77592
-0.19144
-1.6218
1.2666
0.11814
-0.26738
-0.59928
-0.59719
-0.072972
0.057652
-0.0063682
-0.27639
0.93001
0.89646
0.42568
-0.83269
-0.22992
0.29336
1.1442
-0.56595
-0.35724
0.98239
1.2886
-0.084784
-0.35842
0.94245
-0.11898
0.010788
1.0846
-0.0065818
-0.601
-0.032202
-1.066
-0.75104
-0.15133
-0.013537
0.012652
0.78802
-0.75733
-0.38602
-0.617
-0.20629
-1.5544
0.72128
-0.74456
-0.21659
-0.44341
-0.89392
-0.049409
-0.0958
0.20766
-0.063749
-0.12214
0.092143
0.76806
0.43887
-0.099452
0.40245
1.0105
-1.1286
-0.79905
0.96993
1.123
-0.30778
0.88696
0.96304
-0.85869
1.0746
1.0164
-0.088518
-0.44222
-0.19418
-0.3613
0.50185
-0.060052
0.065836
0.40649
-0.024412
-0.25578
-0.81143
-0.3653
-0.15792
-0.95138
0.03656
-0.8338
-0.12585
-0.30868
-0.57937
-0.078141
-0.028025
0.39074
0.19245
-0.81541
-0.21071
0.72003
1.3699
0.10978
0.31903
0.10216
-0.99626
-0.68952
0.50498
0.77042
-0.44364
1.4773
0.19516
-1.0248
1.147
0.69614
-0.1538
-0.19184
-0.40719
0.31059
1.0596
-0.11691
0.082441
0.5088
-0.42223
0.10831
-0.80893
-0.69758
-0.85011
-0.076921
0.48368
-0.59583
1.2801
0.74979
0.39663
0.93736
-0.87188
-0.61156
-1.1727
0.27527
0.16669
0.025452
0.14211
-0.13551
-0.25207
0.54891
-0.03305
0.34765
-0.69218
-0.59533
0.96907
0.0037651
-0.14403
-0.12624
0.70182
0.25743
0.034363
0.72223
-0.47961
-0.095119
0.041107
-0.23103
-0.19421
-0.86944
-0.99878
-0.85576
0.37632
-0.93267
-0.84587
-0.13143
0.53075
-0.99667
0.8147
0.94107
1.1216
0.28937
-0.67361
-0.35495
-0.42732
-0.12506
-0.52318
0.29388
0.21462
-0.68435
-0.31836
0.23699
-0.13653
0.43962
-0.84837
-1.0015
0.79246
0.01619
0.017608
-0.06244
1.0815
0.40866
0.30467
1.1449
0.263
-0.17701
0.0037647
-0.41806
-0.55882
-1.181
-0.42433
-0.025127
0.64045
-0.91974
-0.6038
-0.087724
0.42726
-0.6999
-0.36123
0.36765
1.0679
-0.68492
0.15099
0.53169
0.81257
-0.20108
-0.95118
0.16596
0.32223
-1.1072
-0.26373
-0.62012
-0.12628
0.6005
-0.49367
-1.0252
-0.037963
0.048069
-0.33889
0.17673
0.94917
0.705
0.46276
1.0117
0.95685
-0.13111
-0.29516
-0.51253
-0.9096
-0.96204
0.59756
1.1389
0.5719
-0.96144
-0.38587
-0.098858
0.20277
0.23076
-0.63247
-0.33579
0.28258
-0.99544
0.6334
1.1911
0.79389
0.57644
-0.028412
-0.15068
0.10097
-0.74055
-0.1389
-0.82343
-0.010599
0.78796
0.12194
-0.72261
-0.49892
-0.23398
-0.87601
0.6012
0.38119
1.1706
0.47435
0.84439
0.9052
-0.2029
-0.92276
-0.52531
-1.0867
-0.31545
1.0057
0.77899
0.42873
-1.0515
-0.20387
-0.4686
0.0089529
0.92294
-0.26088
-0.61381
-0.51199
-0.65823
0.37044
1.1125
0.012706
1.1966
1.0319
-0.30403
-0.50985
0.048193
0.057472
0.2045
-0.34734
0.96446
0.73541
-0.17583
-0.44997
-0.93372
-0.28895
0.76659
-0.15827
1.4245
0.32807
0.66742
0.43876
-0.58574
-1.116
-0.35005
-0.95168
0.55404
0.60209
-0.47589
0.13342
-0.94675
-0.13051
-0.97862
-0.1303
0.53901
-0.14114
-0.47941
-0.86668
-0.14455
-0.10355
0.8191
-0.14552
0.53095
0.92419
-0.33106
-0.67791
0.37248
0.28483
1.2229
-0.87327
0.96515
0.86187
0.47254
-0.37384
-1.1155
0.94063
0.2579
0.066378
1.3051
0.015764
0.35861
-0.025762
-0.7211
-0.078464
-0.27903
-0.61134
0.98469
-0.10043
-0.91635
-0.42928
-0.72545
-0.25307
-1.0323
-0.3105
-0.45899
-0.23922
-0.25836
-0.6804
0.20766
-0.17973
0.80611
0.28882
-0.7287
0.37231
-0.43564
0.53864
0.56764
0.41145
0.87685
-0.79001
0.78729
0.41126
0.95559
-0.36037
-0.19005
1.1549
-0.78694
0.72874
1.0158
-0.31838
0.22244
-0.26085
-0.19769
1.2016
-0.53019
-0.2634
0.95666
-0.48232
-0.46281
-0.81721
-0.49355
-0.17884
-0.66391
-0.44113
-0.86586
-0.23774
-0.18792
-0.29096
0.16247
-0.081165
0.71785
0.44709
-1.105
0.03334
-0.5496
1.354
0.64676
0.33526
-0.19094
-0.18916
0.55785
0.051128
0.82781
-0.34303
0.78983
0.39967
-1.1745
0.76104
0.62916
-0.3395
0.22066
-0.43588
0.38492
1.2286
-0.72113
-0.09626
0.69171
-0.4952
0.058032
-0.74297
-0.28953
-1.2253
0.023219
-0.33556
-0.15376
1.3706
0.17808
0.95069
1.2007
-0.99109
-0.83894
-0.98449
0.10125
0.2066
0.23785
0.1827
-0.35467
-0.23015
0.32185
-0.10424
-0.26901
-0.87258
-0.25691
0.12389
-0.11381
-0.071935
-0.18861
0.2731
0.58586
-0.23197
1.1617
-0.59211
0.031724
-0.067587
-0.13627
0.37566
-0.32317
-0.27604
-0.76829
0.39894
-0.19441
-1.4596
0.12448
-0.71022
-0.59677
0.78088
0.65456
1.3432
1.0315
-0.71202
-0.92063
-0.37131
-0.049329
-0.44412
0.40231
0.14339
-0.93114
-0.30513
0.060453
-0.084014
-0.2784
-0.86536
-0.63691
-0.079404
-0.19126
0.082878
-0.15041
0.46999
0.71717
-0.051182
1.4825
0.10329
-0.32937
-0.25073
-0.50192
0.33326
0.053033
0.42919
0.32813
0.56191
-0.074941
-1.2282
0.38367
-0.91738
-0.90776
-0.51018
0.80108
0.69997
0.012421
0.38251
-0.29741
0.52516
0.345
-0.88825
0.075734
0.13678
-0.99722
-0.25522
-0.46525
-0.041082
-0.13747
-0.093132
-0.96863
-0.36508
0.014055
-0.24858
0.010364
0.56226
0.67534
0.015687
1.0853
1.1992
-0.49636
-0.62028
-0.71798
-0.10726
0.5509
0.83049
1.4192
0.58512
-0.11771
-0.84647
0.74697
-0.99218
-0.42391
-0.69627
0.27517
-0.30418
-0.83044
0.86984
0.57929
0.58874
1.066
-0.045697
-0.25891
-0.10785
-0.18853
-0.13601
-0.44836
-0.12931
0.13006
0.60489
-1.1381
-0.51498
0.068765
-0.83287
0.52385
0.4063
0.40976
-0.13131
0.81657
1.439
-0.38158
-0.98239
-0.70594
-0.60992
0.9554
0.48424
0.6735
0.60774
-0.23199
-0.47131
0.94924
-1.0614
0.49286
-0.14514
-0.28856
-0.81598
-0.86191
0.23216
0.89915
0.14249
0.99873
0.91876
-0.34792
-0.69783
0.51278
0.056612
0.37595
-0.64838
0.675
0.76962
-1.0234
-0.53113
-0.51363
-0.48495
1.0094
0.21144
0.1215
-0.4002
0.7113
0.82677
-0.42673
-0.53192
-0.34111
-0.89305
1.1905
-0.20939
-0.70532
0.18841
-0.23522
-0.26274
0.93167
-0.87036
0.74576
0.056491
-0.37614
-0.69801
-0.3351
-0.33674
0.77612
0.10136
-0.093457
0.92568
-0.53016
-0.70954
0.59693
0.30943
0.95309
-0.71151
1.2852
0.50298
-0.46253
-0.37817
-1.1099
0.75258
0.7073
0.16842
-0.16688
-0.83478
0.47038
0.18652
-0.56078
0.91045
-0.01218
-0.84802
0.94038
-0.44989
-0.98757
-0.51207
-0.19053
-0.26427
0.82021
-0.50092
0.08513
-0.17665
-0.31854
-0.20741
0.20519
-0.30978
0.6317
0.45902
-1.0645
0.5032
-1.0251
0.59303
0.62473
0.44504
0.37946
0.19947
1.6335
0.038269
0.29725
-0.14494
-0.67509
1.3379
-0.58078
0.22836
-0.3711
-1.1965
0.31587
-0.075039
-0.33524
1.5145
-0.14008
-0.70951
0.43488
-0.22856
-0.40808
-0.92469
-0.23827
-0.15791
0.47513
-0.34401
-0.57769
-0.37206
-0.26446
0.027457
0.26735
-0.073838
0.51775
0.49853
-0.99555
0.13349
-1.2772
1.4189
0.66027
0.34789
-0.5459
0.92824
1.3218
-0.13588
0.47597
-0.052624
0.19407
0.74535
-1.2063
0.22579
-0.35141
-0.9678
0.21302
-0.23353
-0.021855
0.76537
-0.41599
-0.50881
0.15681
-0.062255
0.204
-0.76227
0.024021
-0.23087
0.12402
-0.53832
0.28745
1.5583
-0.31764
1.1112
1.0119
-1.1752
-0.68353
-0.88835
0.14758
0.072676
0.2215
-0.048136
-0.81001
-0.24695
-0.19962
-0.025362
-0.47664
-0.7396
0.17376
-0.67615
-0.026484
0.062002
0.0025668
-0.12278
0.54716
-0.6847
0.54399
-0.92097
0.15529
-0.070961
-0.10332
0.68727
0.86781
0.32383
-0.091866
0.32086
0.20964
-0.37248
0.26828
-0.86635
0.10942
0.78286
0.28
0.91782
1.4395
-0.70881
-1.0587
-0.42516
0.1481
-0.53081
0.33097
-0.20816
-1.1374
-0.32732
-0.52177
0.12606
-0.5139
-0.53331
-0.11463
-0.84486
-0.18108
0.18839
-0.010857
-0.11
0.45261
-0.73678
0.44765
-0.68758
-0.1539
-0.35307
-0.41466
1.158
1.2834
0.6975
0.92144
0.52494
0.21433
-0.41894
0.53944
-0.73646
-0.39395
-0.72736
0.91903
-0.069131
0.92297
0.81804
-1.0503
0.19928
0.48849
-0.95729
0.075493
-0.23931
-0.52879
-0.27212
-0.62279
0.05218
-0.41906
0.41341
-0.5253
-0.64596
-0.12261
-0.19866
-0.064615
0.15031
0.057798
-0.82246
0.0023123
0.22666
-0.29256
-0.64528
-0.70382
1.1577
1.192
0.44485
1.416
0.62444
0.18221
-0.43917
0.91076
-0.52732
-0.55662
-0.9263
0.79238
-0.76648
-0.30612
1.464
-0.54373
0.23644
0.65508
-0.20385
-0.15899
-0.41484
0.59156
-0.13378
-0.12633
-0.28646
-0.33347
0.92458
-0.78423
-0.53893
0.084721
-0.8788
0.34279
0.43418
-0.56552
-1.058
-0.0053848
0.96588
-0.037252
-0.56565
-0.56604
0.89031
0.87871
-0.15511
0.2453
0.6373
0.12166
-0.25722
1.2939
-0.52518
0.15534
-0.26657
0.16797
-0.72271
-0.95541
0.52663
-0.17392
0.084445
0.076165
0.69395
-0.20345
-0.90457
0.76826
0.070057
0.6303
-0.61488
-0.11563
0.71593
-0.96048
-0.58655
-0.25656
-0.87979
1.133
0.45258
-0.95672
-1.3155
0.29989
1.0824
0.019124
0.44103
0.17056
0.53488
0.51133
-0.43402
-0.97871
0.12967
0.098393
-0.090254
1.4808
-0.27075
0.87546
0.046833
-0.21884
-0.3579
-0.743
-0.38978
-0.29453
0.21114
-0.79827
0.68166
-0.4743
-0.72626
0.407
0.3042
0.61007
0.08586
0.298
0.36117
-0.79834
-0.37767
-0.77443
0.22202
0.96495
0.076176
-1.0436
-1.4537
0.26268
0.75443
-0.3114
1.5065
0.83264
0.10653
0.056903
-0.097299
-0.97241
-0.66744
0.10412
-0.12443
1.3589
0.16825
0.76158
-0.12438
-0.33699
0.093029
-0.18683
-0.49085
-0.42905
0.43838
-1.0361
0.26166
-1.0266
0.64849
0.43432
0.41221
-0.3383
1.4584
0.69827
0.00062571
-0.277
0.0060821
-0.59687
1.1631
-0.58126
-0.50113
-0.95958
-1.3306
0.049344
0.40506
-0.46286
1.2233
0.80972
-0.34813
-0.31879
0.40829
-0.35548
-1.0338
-0.067264
-0.079665
0.8496
0.18623
0.22642
-0.32727
-0.27818
0.16759
0.14108
-0.26265
-0.33772
0.39323
-0.57186
-0.079189
-1.1898
1.3631
0.51598
0.29195
-0.90337
1.7729
0.74083
-0.11012
-0.01933
0.15439
-0.018589
0.91115
-1.3313
-0.67269
-0.68907
-0.90319
-0.039703
0.024894
-0.36684
0.042841
0.33846
-0.52213
-0.38215
0.37607
0.20935
-0.83704
0.035571
1.3882
0.060879
-0.2751
0.43229
1.6769
-0.61547
0.62249
0.42876
-1.2026
-0.19573
-0.71913
-0.010983
-0.022275
0.0064767
-0.25207
-1.0714
-0.27648
-0.69688
0.33573
-0.086722
-0.46915
0.2418
-1.0552
0.1931
0.1015
0.23463
0.1078
-0.19607
-0.39149
-0.047372
-1.2163
-0.025601
0.057177
-0.39844
0.17977
0.93683
0.51861
0.337
0.40096
0.060015
1.7204
0.15455
-0.36396
0.39112
0.87158
-0.10257
0.041208
1.2023
-0.66026
-0.59416
-0.3551
-6.6634e-05
-0.52566
0.10589
-0.38676
-0.99887
-0.34497
-0.89065
0.46948
0.099532
-0.032142
0.079765
-1.0575
0.030164
0.22645
0.26528
0.087475
-0.36774
-0.34906
-0.17138
-1.5791
-0.2664
-0.13415
-0.71141
0.6747
0.95804
0.82295
1.1817
0.76804
-0.043204
1.4539
0.30623
-0.025647
-0.13713
-0.76389
0.66074
-0.78733
1.3474
1.0787
-1.0672
0.027226
0.072564
-0.89964
-0.044194
-0.35344
0.2077
-0.27411
-0.58221
0.091491
0.21868
0.65041
-0.16823
-0.62997
-0.063451
-0.17199
0.073603
0.10606
-0.6038
-0.28086
-0.20321
-1.2323
-0.19882
-0.39349
-0.90823
1.1045
0.38299
0.41542
1.0131
0.82295
-0.082593
0.71967
0.28783
0.22099
-0.69708
-1.0826
0.79837
-0.95763
0.37304
1.8537
-1.0087
-0.086436
-0.2464
-0.35598
-0.23561
-0.52599
1.2776
-0.12307
0.092958
-0.26297
-0.11291
0.75965
-0.33423
-0.5547
0.068118
-0.89188
0.34223
0.22961
-0.87284
-0.20642
0.15777
-0.30632
0.40713
-0.061303
-0.4717
1.4023
-0.16286
-0.18067
-0.22428
0.56454
-0.11898
0.28457
0.1298
0.20421
-0.44773
-0.46642
0.40244
-0.51203
-0.65928
0.73111
-0.807
-0.18646
-0.96576
0.3743
-0.31069
-0.9541
0.91899
0.048957
0.62538
-0.15784
-0.62838
0.40065
-0.57739
-0.70111
-0.11041
-1.1745
1.1686
0.17468
-0.87733
-0.14976
0.51112
0.55022
0.69432
0.82424
0.58466
1.5338
-0.379
-0.24867
-1.1042
-0.21497
-0.059453
0.065739
-0.0018018
0.2311
0.43003
-0.079489
0.12603
-0.11921
-0.97724
-0.49011
-0.89164
0.038931
-1.2717
0.36636
-0.48177
-0.5385
0.37779
0.23494
0.16777
0.82974
-0.78933
0.14666
-0.54168
-0.52786
-0.45559
-0.42513
1.0332
-0.37795
-0.64065
0.27748
0.42716
0.86087
0.24578
1.2295
1.5252
1.2122
-0.4912
0.13537
-0.89907
-0.87931
0.091221
-0.17112
0.068059
0.33435
0.9548
-0.14413
0.070477
0.22682
-0.66569
-0.73851
-0.9704
0.30551
-0.73979
0.020718
-0.80883
0.73116
0.55808
0.29613
-0.81893
1.9252
-0.55746
0.0084169
-0.29919
-0.11594
-0.4875
0.57356
-0.61788
-1.2071
-0.40833
0.78281
0.10135
0.71433
-0.30275
0.40556
1.5149
0.501
-0.52141
0.42656
-0.24196
-0.93613
0.017008
-0.15329
0.14884
0.22752
0.79947
-0.22003
-0.028228
0.22008
-0.2391
-0.46404
-0.66105
0.37116
-0.037932
-0.22759
-0.88907
1.1756
0.63659
0.18068
-1.0321
1.6941
-0.16653
-0.0057972
-0.15675
0.15852
-0.21424
0.66902
-1.4495
-1.3135
-0.25999
0.72034
-0.010292
0.26071
-0.3754
-0.54893
0.75712
-0.033072
-0.41899
0.25501
0.22041
-0.63915
-0.051413
1.5447
0.021935
-0.17731
0.27181
1.3155
-0.54799
0.058206
0.010639
-0.9574
0.1351
-0.40772
-0.05489
-0.096742
-0.22513
-0.21159
-0.72257
-0.23427
-0.68145
0.42803
0.16387
-0.17533
0.11713
-0.74958
0.2563
0.10896
0.31458
0.28697
-0.60979
0.27734
-0.092371
-0.81908
-0.14305
0.07207
-0.53791
-0.27699
0.29705
0.48971
0.25665
0.54597
-0.07827
2.0046
-0.12554
-0.048766
0.22765
0.68404
-0.24936
-0.56092
0.70482
-0.6214
-0.11561
-0.21154
-0.071986
-0.40098
-0.10522
-0.26057
-0.3736
-0.26891
-0.71994
0.40936
0.47841
0.25642
0.037223
-0.68944
0.13413
0.16243
0.29793
0.15036
-0.71121
0.60137
-0.086487
-1.3666
-0.37879
-0.02856
-0.91639
-0.22643
0.10859
0.83393
0.77915
0.79714
-0.098642
1.7039
-0.15425
0.21014
-0.17163
-0.59882
0.28734
-0.87636
1.2598
0.73293
-0.53735
-0.03978
-0.089352
-0.6354
-0.070614
-0.20748
0.64554
-0.21491
-0.28983
-0.015417
0.67823
0.45604
0.016905
-0.36477
0.076205
-0.17848
0.16762
-0.090161
-0.55021
0.87611
0.18984
-1.4372
-0.25937
-0.23784
-0.97793
-0.008332
-0.287
0.51422
0.52721
0.71353
-0.08252
0.90019
-0.36636
0.32605
-0.77134
-0.86276
0.49695
-0.65057
0.87081
1.5233
-0.61186
-0.19285
-0.45815
-0.21852
-0.20392
-0.47634
1.2198
-0.099026
0.18624
-0.16057
0.27378
0.2855
0.039051
-0.39819
0.1142
-0.67276
0.37902
-0.1764
-0.38828
1.1657
0.5424
-1.005
0.46385
0.077574
-0.40741
0.50821
-0.47371
-0.013902
-0.35243
0.36474
-0.095643
0.3024
-0.68366
0.33736
-0.89462
-0.37883
0.3176
-0.2847
0.0048654
0.63068
-0.46674
-0.32811
-0.98562
0.34116
-0.27203
-0.77807
0.78596
0.032193
0.38517
0.13802
-0.4594
-0.04165
-0.11625
-0.5317
0.086524
-0.89896
0.95122
-0.23007
-0.19699
1.3339
0.60153
-0.27103
0.86923
0.54634
0.47179
0.97025
-0.37766
-0.13854
-0.80422
-0.34423
-0.10674
0.068621
-1.003
0.14173
-0.32522
-0.10165
0.16547
-0.058136
-0.59631
-0.47056
-0.59266
-0.11179
-0.86058
0.3214
-0.24486
-0.2197
0.36853
0.13156
-0.046512
0.76275
-0.89151
-0.13711
-0.10534
-0.48648
-0.045777
-0.50908
0.82842
-0.55419
-0.040107
1.8052
0.36728
0.33079
0.48483
0.39341
1.1964
1.1052
-0.33596
0.030244
-0.5537
-0.78855
0.036043
-0.089377
-0.95849
0.019278
0.36303
-0.10168
0.28158
0.14831
-0.55561
-0.72477
-0.67786
0.15949
-0.21675
0.010264
-0.42022
0.72434
0.57945
0.15289
-0.6545
1.1655
-0.79565
-0.061127
0.030996
-0.21178
-0.24161
0.16005
-0.41892
-1.073
0.050617
2.0929
0.1382
0.38751
-0.072064
-0.27562
1.2192
0.79208
-0.31192
0.03868
-0.072455
-0.61515
0.020922
-0.12536
-0.5464
-0.06954
0.58907
-0.11005
0.17234
0.12875
-0.27943
-0.46632
-0.44216
0.16896
0.31313
-0.18756
-0.56204
0.86902
0.64643
0.082016
-0.67027
0.75161
-0.40132
0.075048
-0.023086
0.070679
-0.22335
0.3762
-1.1623
-1.0993
0.051029
1.5181
0.10117
0.11517
-0.34027
-0.68072
0.51341
0.2909
-0.25981
-0.10377
0.19397
-0.3038
1.065
1.2855
1.4726
1.7315
1.7237
1.3044
0.67685
0.26305
0.47448
0.55406
0.63603
0.84111
0.88812
0.70788
0.33491
0.095448
-0.57963
-0.94839
-1.0014
-0.91069
-0.87567
-0.76435
-0.58234
-0.33056
-0.68313
-0.9894
-0.99699
-1.033
-1.0799
-0.95789
-0.76903
-0.56178
-0.24793
-0.18559
-0.14318
-0.18805
-0.29458
-0.24708
-0.19866
-0.23088
0.0070166
0.12317
0.17176
0.18357
0.10316
0.039536
0.085569
-0.0060133
0.022425
0.01031
-0.069502
-0.041791
-0.031057
-0.031172
0.079264
0.034659
-0.053408
-0.061681
-0.15826
-0.14766
-0.10718
-0.077575
0.028845
0.070737
0.39984
0.23732
-0.10266
-0.41142
-0.38821
-0.089593
0.078069
0.049035
0.32346
0.35336
0.14006
-0.19576
-0.3632
-0.19498
-0.041777
-0.028926
-0.23369
-0.046782
-0.044326
-0.14732
-0.25008
-0.20199
-0.1999
-0.15843
-0.85188
-0.84034
-0.60438
-0.45155
-0.20659
-0.14336
-0.27012
-0.22711
-1.1663
-1.468
-1.2308
-0.91083
-0.49378
-0.25159
-0.29982
-0.28379
-0.28133
-0.39722
-0.38271
-0.39761
-0.23016
-0.11344
-0.19201
-0.18018
1.4532
1.8062
1.527
0.82362
0.38419
0.10169
-0.10204
-0.14062
1.6271
2.0377
1.7568
0.98685
0.40563
0.082503
-0.14327
-0.14941
-0.066947
-0.22524
-0.22981
-0.080085
0.17219
0.70173
1.1897
1.0618
-0.15647
-0.34258
-0.41549
-0.40262
-0.44998
-0.34383
-0.06595
0.16745
-0.15899
-0.36889
-0.41232
-0.5521
-1.0336
-1.5719
-1.5477
-0.95595
-0.11664
-0.19015
-0.07555
-0.095235
-0.47372
-0.94924
-1.0227
-0.74089
0.010237
0.16794
0.41858
0.76576
0.95723
1.0005
0.84038
0.38773
0.12426
0.27444
0.55988
0.98689
1.3358
1.5028
1.3571
0.84412
0.016045
0.072954
0.23474
0.33304
0.14298
-0.031512
0.018751
0.19224
-0.034906
-0.081137
-0.1566
-0.35918
-0.64199
-0.99654
-0.99272
-0.49044
-0.6856
-0.95856
-0.98666
-0.91416
-0.67162
-0.448
-0.4196
-0.44404
0.16733
0.12136
0.2638
0.46728
0.7425
0.80959
0.46794
-0.030541
0.98526
1.2939
1.415
1.4458
1.4006
1.2365
0.72321
0.086526
0.48482
0.58635
0.44977
0.2196
0.019749
-0.13235
-0.34546
-0.45226
-0.38858
-0.73629
-0.95633
-1.0296
-1.0452
-0.84934
-0.55816
-0.40949
-0.58075
-0.84993
-0.78246
-0.57119
-0.4798
-0.2098
0.16235
0.13118
-0.23264
-0.2792
-0.055183
0.14786
0.22343
0.27096
0.36519
0.20002
-0.21297
-0.039709
0.1708
0.31519
0.31166
0.13574
0.059084
-0.10288
0.045166
0.58384
1.1649
0.74485
-0.2234
-0.81032
-0.80403
-0.46106
-0.36537
0.026071
0.993
1.2075
0.44948
-0.57267
-0.95519
-0.73557
-0.66112
-0.68469
0.12006
1.0227
1.038
0.090354
-0.70951
-0.83647
-0.52166
-0.99718
-0.69755
0.269
0.96993
0.52489
-0.48106
-0.93198
-0.055036
-0.57385
-0.90977
-0.40008
0.6218
0.8397
0.057866
-0.64874
0.35683
0.1174
-0.44861
-0.61449
0.19247
0.96259
0.82664
0.27443
0.3965
0.35416
-0.1777
-0.75385
-0.46012
0.38269
1.0127
0.88839
0.19508
0.27266
-0.12998
-0.74548
-0.81108
-0.3181
0.36695
0.63349
0.75684
0.60517
-0.038849
-0.50574
-0.51232
-0.34572
-0.22513
-0.08527
1.0558
0.86767
-0.14849
-0.78769
-0.65577
-0.33952
-0.24911
-0.078214
1.2812
1.0414
-0.21402
-0.82574
-0.56354
-0.25422
-0.22825
-0.11774
1.3382
1.0312
-0.26371
-0.74718
-0.37064
-0.188
-0.29237
-0.26585
1.4065
0.88782
-0.53165
-0.80413
-0.20105
0.0098722
-0.19931
-0.31664
1.6015
0.89774
-0.77727
-1.0563
-0.33126
0.029983
-0.070754
-0.28749
1.75
1.0258
-0.67781
-1.1614
-0.48199
-0.10128
-0.11405
-0.20543
1.4582
0.86169
-0.54595
-0.9725
-0.40479
-0.094587
-0.152
-0.099323
1.1621
0.30033
-0.94227
-1.224
-0.81429
-0.56777
-0.37312
-0.25803
1.6534
1.0569
-0.55449
-1.2415
-0.90036
-0.67261
-0.59232
-0.40608
1.425
1.3162
0.067133
-0.85316
-0.88773
-0.64239
-0.43838
-0.248
0.81268
1.0368
0.47883
-0.32413
-0.71084
-0.59567
-0.28658
-0.21049
0.30431
0.7876
0.8828
0.35167
-0.20678
-0.45444
-0.37985
-0.3237
-0.22314
0.39387
0.95687
0.81795
0.26487
-0.17544
-0.32475
-0.31793
-0.60256
-0.053257
0.6718
0.78175
0.42782
0.13068
0.047173
-0.064628
-0.60994
-0.24793
0.27452
0.50372
0.35925
0.19838
0.24938
0.098076
-0.41628
-0.51578
0.07165
0.85308
0.94206
0.37205
-0.3181
-0.54386
-0.52345
-0.32361
0.58386
1.1786
0.83905
-0.0097181
-0.61912
-0.61513
-0.22429
0.44404
1.0657
0.99059
0.18239
-0.68267
-0.92619
-0.59821
0.41807
1.252
1.2083
0.41278
-0.55527
-0.93248
-0.72541
-0.26938
0.99961
1.412
0.78895
-0.31259
-0.85957
-0.72611
-0.23325
0.11272
1.0552
1.0109
-0.041177
-0.81863
-0.77372
-0.39883
0.053424
0.24246
0.63539
0.087356
-0.81556
-1.009
-0.54624
-0.11529
0.16909
0.21646
0.034993
-0.62685
-0.97147
-0.69253
-0.25433
0.011809
0.15652
0.14931
-0.23202
-0.37198
-0.068398
0.28086
0.30478
0.10258
-0.16175
-0.1553
-0.0809
-0.50557
-0.45035
-0.055572
0.1003
-0.1126
-0.30939
-0.22188
0.40008
-0.28628
-0.81166
-0.67789
-0.34702
-0.14728
-0.067084
-0.051731
0.97963
0.29105
-0.72624
-1.0747
-0.73955
-0.083992
0.28557
0.19003
1.2723
1.1112
0.064945
-0.8855
-0.95164
-0.33385
0.24435
0.23041
1.1032
1.4892
0.97889
-0.29533
-1.0532
-0.85141
-0.22184
0.10842
0.52812
1.2377
1.361
0.39824
-0.69714
-1.0339
-0.67919
-0.25722
0.071361
0.80791
1.2884
0.84166
0.0041958
-0.57776
-0.55063
-0.31921
-0.17151
-0.051593
0.021081
0.29651
0.43544
0.00020385
-0.29768
-0.22222
-0.25367
-0.004727
0.26734
0.52917
0.53577
0.050539
-0.12588
-0.093778
-0.54867
-0.29765
0.2383
0.68666
0.59718
0.11313
-0.034455
-0.0214
-0.89044
-0.72539
0.11499
0.69284
0.42017
-0.081858
-0.17629
-0.094813
-1.0464
-0.79139
0.38604
0.92997
0.28426
-0.33575
-0.35613
-0.15218
-1.188
-0.74839
0.84618
1.4876
0.58609
-0.39986
-0.52476
-0.28025
-1.1913
-0.6709
1.1574
1.8537
0.80454
-0.46165
-0.71469
-0.44929
-0.98729
-0.65802
0.83651
1.577
0.68647
-0.40046
-0.63463
-0.39796
0.40627
0.88278
0.73681
0.19408
0.035705
0.34619
0.63135
0.58397
0.013345
0.68079
0.7986
0.28363
-0.21186
0.0040805
0.44405
0.67103
-0.36939
0.21003
0.81761
0.76565
0.28895
0.032953
0.29663
0.53616
-0.65252
-0.4278
0.52951
1.2252
1.1688
0.90519
0.83305
0.74308
-0.83393
-1.0087
-0.37265
0.60404
0.99042
0.85231
0.66006
0.5353
-0.69012
-1.1417
-1.0566
-0.55666
-0.23842
-0.37167
-0.43896
-0.28056
-0.21635
-0.66927
-1.0325
-0.99869
-0.83178
-0.97587
-1.0081
-0.5993
0.13993
-0.2728
-0.66999
-0.65057
-0.43296
-0.57338
-0.68141
-0.42888
-1.3397
-1.2273
0.13079
1.148
0.93912
0.33603
0.19616
0.10333
-1.5685
-1.292
0.48066
1.3321
0.7303
0.071536
0.029799
0.12588
-1.4652
-0.91914
0.7653
1.1268
0.24354
-0.20224
0.053933
0.28593
-1.2056
-0.56239
0.75016
0.83868
0.088583
-0.083223
0.35463
0.48049
-1.0541
-0.5329
0.47629
0.58635
0.22206
0.15595
0.48621
0.51561
-0.94955
-0.50588
0.1699
0.19726
0.13195
0.25228
0.43787
0.4231
-0.77621
-0.42349
0.015368
-0.091091
-0.10967
0.10077
0.33806
0.35627
-0.43089
-0.30976
-0.043231
-0.20155
-0.32599
-0.098443
0.17744
0.25435
0.18624
-0.02776
-0.28616
-0.050464
0.42753
0.80052
0.83417
0.41931
0.45119
-0.017182
-0.53044
-0.057448
0.80728
1.0273
0.57309
-0.19517
0.51002
0.037458
-0.51141
0.05227
1.002
0.91377
-0.11979
-0.81045
0.32315
-0.040871
-0.18067
0.56244
1.1624
0.51636
-0.75322
-1.1167
0.14134
-0.0043991
0.35851
1.0706
1.0007
-0.14726
-1.078
-1.0084
0.14203
0.10544
0.48401
0.73223
0.067462
-0.82135
-1.0552
-0.62119
0.061438
-0.029316
0.042442
-0.1496
-0.92552
-1.2111
-0.74926
-0.060079
-0.058852
-0.1153
-0.13127
-0.44599
-0.97852
-0.88303
-0.26285
0.27889
-0.49426
-0.99679
-0.91557
0.18644
1.0726
0.82899
0.15647
-0.097466
-0.28452
-1.1001
-1.2318
0.21289
1.4093
0.96163
0.092209
-0.18825
0.019425
-0.83233
-1.199
0.15543
1.3298
0.92142
0.16067
-0.047348
0.14759
-0.5949
-1.0618
0.055286
1.134
0.93144
0.3769
0.15694
0.15961
-0.53615
-1.0072
-0.094085
0.97
0.91588
0.50757
0.2327
0.099028
-0.55425
-1.0708
-0.3093
0.72955
0.67434
0.2531
0.046423
0.025491
-0.57895
-1.0464
-0.39359
0.46091
0.43404
0.024285
-0.15068
-0.096396
-0.49204
-0.76175
-0.29229
0.29383
0.33356
-0.0010045
-0.15476
-0.80657
-0.39425
0.42365
0.78022
0.75597
0.83248
0.97844
0.6954
-0.84169
-0.24961
0.70361
0.9803
0.89102
1.0715
1.393
1.1872
-0.37782
0.042175
0.47451
0.43189
0.25403
0.47256
0.77111
0.66225
0.088354
0.32721
0.15322
-0.13445
-0.24244
-0.31555
-0.49412
-0.5747
0.21552
0.3901
0.097708
-0.20101
-0.31117
-0.56495
-1.11
-1.2859
0.22617
0.32329
0.072468
-0.16924
-0.24384
-0.50497
-1.0318
-1.2165
0.079864
0.099095
-0.066911
-0.2555
-0.32722
-0.48842
-0.85127
-0.87078
-0.17111
-0.12654
-0.17912
-0.2781
-0.31716
-0.36648
-0.4649
-0.44803
0.038439
0.04716
0.11872
-0.042271
-0.63154
-0.98506
-0.1059
0.97763
-0.16575
-0.044082
0.11012
-0.14136
-0.84064
-1.0407
0.23871
1.2741
-0.10829
0.13614
0.27518
-0.032209
-0.79023
-0.85396
0.56876
1.3919
0.17294
0.24899
0.27881
-0.0058752
-0.63508
-0.6846
0.7301
1.4395
0.23236
0.13942
0.028018
-0.23868
-0.80185
-0.73242
0.79095
1.5479
-0.043496
-0.25642
-0.3019
-0.48611
-1.0128
-0.74854
0.74048
1.4662
-0.31165
-0.4749
-0.41854
-0.5655
-0.97997
-0.54339
0.74788
1.2342
-0.21659
-0.23601
-0.2374
-0.5345
-0.74746
-0.20838
0.71964
0.98198
-0.050024
0.32248
0.3575
0.09166
-0.045875
-0.29286
-0.45663
-0.401
-0.063066
0.085801
-0.082786
-0.27836
-0.24605
-0.41153
-0.55025
-0.4327
-0.10364
-0.41111
-0.82587
-0.8206
-0.41138
-0.23326
-0.077515
0.093866
-0.11765
-0.68315
-1.0843
-0.7673
-0.012353
0.35885
0.60672
0.64704
-0.34818
-0.9705
-0.97275
-0.132
0.59069
0.6775
0.67545
0.73504
-0.8787
-1.2061
-0.4999
0.67359
0.90311
0.46957
0.4434
0.59395
-1.0835
-0.96924
0.2306
1.2894
0.9946
0.4265
0.53222
0.66524
-0.74333
-0.37035
0.6953
1.2187
0.77771
0.41608
0.62794
0.72157
-0.17015
-0.21622
-0.19861
-0.14476
-0.0037091
0.20349
0.28351
0.20301
-0.25608
-0.31631
-0.28524
-0.16504
0.049779
0.28826
0.386
0.29764
-0.27355
-0.32996
-0.27779
-0.14376
0.067318
0.28714
0.38618
0.31668
-0.2399
-0.29145
-0.23695
-0.12249
0.064204
0.28127
0.39552
0.32948
-0.21991
-0.27572
-0.22794
-0.12014
0.067315
0.302
0.42525
0.33675
-0.23749
-0.30312
-0.24827
-0.12614
0.069105
0.28919
0.39192
0.28992
-0.26119
-0.33626
-0.2574
-0.11175
0.054757
0.22346
0.28041
0.17728
-0.22563
-0.26978
-0.19947
-0.089539
0.035717
0.1297
0.13999
0.076366
0.95085
0.95915
0.24978
-0.56317
-0.47287
0.1342
0.31505
0.098111
0.98822
0.77901
-0.22331
-0.848
-0.30225
0.65438
0.71576
0.13658
0.74683
0.33561
-0.70701
-0.98672
0.037593
1.1467
0.99897
0.042147
0.53955
0.20474
-0.62777
-0.83489
0.1922
1.2068
0.77432
-0.17656
0.31092
-0.0070605
-0.53563
-0.48307
0.45701
0.9637
0.26132
-0.50675
-0.16802
-0.51435
-0.65069
-0.075021
0.70204
0.5825
-0.39702
-0.85061
-0.62774
-0.87579
-0.61589
0.15807
0.6649
0.1627
-0.79032
-1.0198
-0.633
-0.73791
-0.38248
0.14325
0.36348
0.022264
-0.56715
-0.73308
0.14316
-0.019164
-0.17921
-0.10706
0.003852
-0.15015
-0.52041
-0.64619
0.11927
-0.12033
-0.39294
-0.32643
-0.17584
-0.45226
-1.07
-1.1633
-0.022196
-0.24611
-0.39048
-0.22911
-0.1713
-0.65075
-1.1879
-1.0156
0.0092085
-0.1922
-0.1415
0.028411
-0.35861
-0.94914
-0.87156
-0.18782
-0.03477
-0.10783
-0.053679
-0.13845
-0.67251
-0.72692
0.24654
0.99252
0.042589
0.13554
0.0035404
-0.38626
-0.61823
0.1904
1.5617
1.8902
0.35958
0.4738
0.10899
-0.33558
-0.1851
0.91008
1.9305
1.7904
0.39127
0.36763
-0.035634
-0.20265
0.14925
0.8835
1.2416
0.8935
-0.17371
-0.40599
-0.48037
-0.48255
-0.51803
-0.72681
-0.89746
-0.64193
0.25324
0.15652
0.069173
-0.15587
-0.53471
-0.98912
-1.323
-1.0706
0.49877
0.62062
0.74927
0.59002
0.23941
-0.34706
-0.81383
-0.71784
0.31291
0.42449
0.62953
0.84359
0.93518
0.96847
0.77937
0.5145
-0.27909
-0.28933
-0.11751
0.12508
0.68065
1.3277
1.6102
1.3365
-0.48381
-0.53565
-0.42875
-0.39862
-0.21745
0.25943
0.64811
0.73877
-0.077697
0.087268
0.2091
-0.11188
-0.65113
-0.8022
-0.59386
-0.18655
0.12644
0.43507
0.59562
0.22494
-0.45259
-0.80373
-0.7604
-0.44421
-0.20144
-0.58336
-0.89985
-1.245
-1.1676
-0.17703
0.74153
0.71515
-0.35465
-0.67963
-0.93035
-1.111
-0.66818
0.53263
1.1436
0.82464
-0.50114
-0.75944
-0.83192
-0.54689
0.32905
1.082
1.0329
0.57134
-0.7465
-0.93095
-0.68134
0.11777
0.80249
0.94326
0.41733
0.086129
-0.90622
-0.9099
-0.17572
0.67043
0.84511
0.46416
0.037673
-0.15955
-0.74407
-0.55942
0.43157
1.0164
0.70091
0.27646
0.012556
-0.084153
-0.42597
-0.035225
0.71851
0.88246
0.38486
0.098487
0.067872
0.031287
-0.17647
0.22576
0.53013
0.31005
-0.065896
-0.04771
0.08712
0.10092
-0.16951
0.23445
0.76649
0.98452
0.74676
0.1846
-0.049372
0.04258
-0.24034
-0.18132
0.356
1.0976
1.344
0.96824
0.55939
0.37167
-0.5507
-0.88575
-0.52488
0.37337
1.1203
1.3285
1.1799
0.8167
-0.63666
-1.0955
-1.0912
-0.74233
-0.14082
0.58929
1.0195
0.91699
-0.29309
-0.67949
-0.95397
-1.1426
-1.0657
-0.44157
0.32496
0.55073
0.13556
-0.16373
-0.498
-0.80304
-1.0499
-0.86514
-0.26162
0.10684
0.16013
-0.048339
-0.23699
-0.38724
-0.57465
-0.57493
-0.28184
-0.076038
0.088216
-0.016976
-0.027251
-0.047352
-0.15388
-0.1676
-0.059163
-0.0038471
0.92615
1.1377
0.82988
0.65708
0.72446
0.61332
0.33063
0.078235
1.5479
1.7044
1.0168
0.61907
0.58924
0.4578
0.055256
-0.24436
1.5843
1.5547
0.66653
0.029697
-0.061654
-0.12501
-0.36864
-0.44744
1.0448
0.91308
0.10974
-0.50621
-0.55667
-0.47077
-0.41877
-0.33614
0.25371
-0.0022538
-0.34629
-0.57778
-0.58743
-0.44405
-0.20102
-0.081334
-0.70601
-0.85672
-0.73833
-0.62146
-0.60089
-0.42084
-0.051986
0.19119
-1.1251
-1.1234
-0.74782
-0.64294
-0.7247
-0.54952
-0.19477
0.084672
-0.79525
-0.67303
-0.3391
-0.42579
-0.57451
-0.5047
-0.22628
0.01862
-0.10715
-0.4361
-0.60007
-0.4712
0.38775
1.386
1.7318
1.1723
0.089065
-0.24498
-0.63552
-0.74394
-0.21988
0.92658
1.7902
1.5735
0.18814
0.0045009
-0.30289
-0.74666
-1.0122
-0.32934
0.99308
1.4984
0.037329
-0.03267
-0.067787
-0.31643
-0.97393
-1.1379
-0.047202
0.94361
-0.080519
-0.18748
-0.021362
0.016744
-0.52557
-1.1322
-0.649
0.24359
-0.0065093
-0.18197
-0.1108
0.066094
-0.26779
-0.75995
-0.62783
-0.068453
0.21633
-0.0017633
-0.071219
0.078978
-0.091877
-0.43845
-0.47922
-0.14804
0.28548
0.11228
-0.014412
0.097482
0.091385
-0.14842
-0.29279
-0.14593
-0.19459
-0.27337
-0.54335
-0.54708
0.11369
0.75247
0.61025
0.068503
-0.23083
-0.21638
-0.66972
-0.97169
-0.18108
0.95106
0.85777
0.072895
-0.25671
-0.09651
-0.53486
-1.0758
-0.32567
1.0933
1.0969
0.23762
-0.25021
-0.049812
-0.3641
-0.95854
-0.35558
1.0727
1.298
0.52179
-0.16005
0.027267
-0.25731
-0.87498
-0.55591
0.74995
1.4629
0.92573
0.011156
0.11093
-0.21634
-0.87974
-0.91828
0.14879
1.2343
1.0785
0.079216
0.11649
-0.28518
-0.93047
-1.1266
-0.46649
0.5441
0.89935
0.07069
0.10064
-0.3197
-0.81733
-0.86643
-0.51489
0.013249
0.53056
0.017782
-0.01044
-0.068472
-0.0029591
0.012242
-0.20654
-0.39911
-0.3492
0.075999
0.11573
0.18654
0.28718
0.22496
-0.28856
-0.78658
-0.86333
0.11698
0.12529
0.3503
0.61865
0.53583
-0.13488
-0.97003
-1.1116
-0.059578
-0.10018
0.12328
0.65431
0.82441
0.28517
-0.88684
-1.2115
-0.086045
-0.071486
0.027332
0.54748
1.0609
0.73479
-0.64533
-1.2176
0.032144
0.044238
0.025063
0.38078
1.1474
0.93729
-0.65014
-1.3546
0.19932
0.22749
0.066793
0.31485
1.1219
0.97674
-0.6685
-1.4663
0.28735
0.32034
0.15188
0.41971
1.0219
0.8912
-0.41588
-1.1852
-0.91116
-1.0256
-0.77198
-0.62511
-0.60753
-0.22755
0.4612
0.59113
-0.76348
-0.83705
-0.6551
-0.58774
-0.70178
-0.11662
0.97941
1.1249
0.20129
0.47453
0.34734
-0.089703
-0.53767
-0.038395
1.0169
1.1362
0.71299
1.0791
0.92975
0.38955
-0.16727
0.072214
0.7547
0.77569
0.30309
0.4978
0.57039
0.40126
0.22051
0.20776
0.31104
0.22543
-0.10993
-0.067261
0.13201
0.38412
0.40441
0.096901
-0.43937
-0.7029
0.10952
0.12269
0.13907
0.21882
0.14862
-0.35745
-1.1747
-1.2975
0.28328
0.13987
-0.095431
-0.157
-0.21733
-0.5651
-1.074
-1.0654
0.21605
0.077134
-0.23936
-0.6053
-0.83621
-0.99126
-1.0239
-0.77382
0.52115
0.25706
-0.11095
-0.3316
-0.37157
-0.33859
-0.32872
-0.22044
0.36622
0.32474
0.36304
0.70817
1.0133
1.0784
0.99375
0.76765
0.30808
0.46983
0.79918
1.1962
1.433
1.2999
0.98517
0.67556
0.57864
0.78661
0.72921
0.43418
0.16452
-0.10825
-0.36616
-0.30615
0.54356
0.54219
0.090694
-0.60684
-0.9821
-1.0337
-0.9985
-0.70073
-0.17745
-0.33196
-0.59491
-0.87012
-0.8946
-0.63694
-0.44548
-0.24944
-0.5919
-0.77803
-0.64452
-0.4422
-0.2258
0.014443
0.086148
0.073983
-0.021426
-0.00081763
0.15446
0.23323
0.087123
0.08199
0.19687
0.30886
-0.062752
-0.10766
-0.10015
-0.12826
-0.16788
-0.15924
-0.083273
0.041458
-0.073636
-0.038204
0.0068599
0.020532
0.042776
0.0034692
-0.056315
-0.057334
0.046206
0.29886
0.45252
0.4617
0.32124
0.037803
-0.27152
-0.31362
-0.22689
-0.063882
0.069062
-0.11781
-0.46101
-0.84861
-1.1875
-1.014
-0.69449
-0.83714
-0.8538
-1.024
-1.2933
-1.3852
-1.2305
-0.8545
-0.34317
-0.43078
-0.30534
-0.18389
-0.094778
0.28682
0.75353
0.73596
0.29884
0.54001
0.8514
1.1368
1.3623
1.7676
1.9861
1.5351
-0.89568
-0.82558
-0.50524
-0.52106
-0.69403
-0.66261
-0.54852
-0.39929
-1.1693
-1.2216
-1.0288
-0.99514
-1.0982
-1.0462
-0.81367
-0.42747
-0.51869
-0.49568
-0.43006
-0.42353
-0.49068
-0.5606
-0.39823
-0.15781
0.67807
1.0603
1.057
0.88397
0.66979
0.3625
0.25141
0.15432
1.148
1.4298
1.1043
0.88124
0.76493
0.58005
0.4015
0.20333
0.49057
0.43515
-0.016008
-0.026173
0.36881
0.38202
0.11504
0.042121
-0.04967
-0.14916
-0.20879
0.15768
0.55645
0.47086
0.088267
0.00018553
-0.065767
-0.025671
0.21969
0.54181
0.69011
0.47576
0.19469
0.12812
0.36861
0.32726
0.0012604
-0.25471
-0.34602
-0.38879
-0.40463
-0.41551
0.26136
0.4423
0.24945
0.035452
-0.11389
-0.27216
-0.31537
-0.37851
-0.17629
0.38418
0.5599
0.38217
0.20125
-0.0093924
-0.22385
-0.46405
-0.47558
0.35429
1.0714
0.91917
0.41193
0.017664
-0.23838
-0.44735
-0.60958
0.06245
1.2198
1.4372
0.84035
0.23252
-0.081074
-0.2028
-0.95349
-0.79426
0.13781
0.97881
1.1624
0.8325
0.42178
0.072676
-1.2027
-1.6184
-1.2541
-0.26854
0.66693
0.92755
0.72896
0.29045
-0.72644
-1.382
-1.5429
-1.063
-0.19357
0.39049
0.467
0.21051
0.64224
1.3554
1.5549
0.67961
-0.69704
-1.2015
-0.62253
-0.0052786
0.66271
1.5073
1.9403
0.88469
-0.86089
-1.4186
-0.63112
0.17074
0.24621
0.78814
1.2006
0.54719
-0.71108
-1.1368
-0.42216
0.27738
-0.044062
-0.15193
-0.075253
-0.1862
-0.61231
-0.77374
-0.29619
0.29003
0.14741
-0.243
-0.46894
-0.40772
-0.39585
-0.55757
-0.3971
-0.07719
0.21409
0.0082101
-0.19497
-0.045932
0.044637
-0.33409
-0.55615
-0.42246
-0.049601
-0.2325
-0.13158
0.44475
0.72322
0.18729
-0.40441
-0.40725
-0.19439
-0.43085
-0.27364
0.50581
0.9107
0.53085
-0.098681
-0.29569
-0.024654
-0.0087394
0.0079309
-0.094186
-0.41338
-0.71967
-0.61835
-0.092543
0.063533
0.045735
0.053521
-0.22245
-0.80503
-0.9456
-0.25299
0.46338
0.074574
0.085654
0.013862
-0.55423
-1.2079
-0.73734
0.62055
1.1388
0.06114
-0.022952
-0.27809
-1.0185
-1.2661
-0.049008
1.3429
1.3054
-0.068146
-0.30341
-0.65672
-1.0847
-0.57282
1.013
1.5826
0.84256
-0.12633
-0.3734
-0.62134
-0.60106
0.47496
1.6066
1.2399
0.17565
-0.020492
-0.16381
-0.40042
-0.16053
0.8125
1.2692
0.39124
-0.41663
0.026853
-0.016876
-0.20522
0.041073
0.60987
0.48965
-0.18547
-0.48024
-0.16783
-0.1571
-0.24522
-0.4391
-0.18383
0.68926
1.2818
1.1091
0.030986
0.12861
-0.063536
-0.44843
-0.34206
0.36183
0.99511
0.9694
0.031813
0.067434
-0.078686
-0.37421
-0.30888
-0.072347
0.0010292
-0.04756
-0.20938
-0.4048
-0.53873
-0.60178
-0.3769
-0.20208
-0.49402
-0.64506
-0.21603
-0.53391
-0.69405
-0.69728
-0.31473
0.06939
-0.135
-0.3545
-0.15414
-0.4734
-0.69776
-0.56528
0.24241
0.91861
0.85822
0.45629
-0.36684
-0.74122
-0.95815
-0.53972
0.61737
1.6054
1.543
0.82227
-0.53988
-0.94232
-0.99201
-0.49789
0.51269
1.3102
1.2939
0.58212
-0.80012
-0.69945
-0.31721
0.10656
0.16323
-0.065371
-0.19956
-0.18263
-0.81356
-0.88334
-0.59323
-0.099147
0.1352
-0.060171
-0.11767
-0.085708
-0.50661
-0.81296
-0.77144
-0.51751
-0.1846
-0.082815
-0.059364
-0.027196
-0.23287
-0.57533
-0.95916
-1.1172
-0.89954
-0.561
-0.33417
-0.22674
0.43014
0.37622
-0.071732
-0.5507
-0.87515
-0.86489
-0.77828
-0.57017
0.72496
1.1757
1.2417
1.0331
0.64833
0.086171
-0.38933
-0.54786
0.23748
0.6868
1.0831
1.3954
1.5425
1.1969
0.55044
0.057078
-0.23281
-0.19792
0.036814
0.60099
1.111
1.1406
0.81018
0.37226
0.31813
0.41299
0.35751
0.19879
-0.25365
-0.68254
-0.73685
-0.62115
0.081125
-0.081252
-0.35805
-0.64524
-0.79855
-0.69178
-0.52127
-0.24474
-0.54155
-1.0214
-1.309
-1.197
-0.62493
0.13321
0.49131
0.59557
-0.95485
-1.2205
-0.98654
-0.39503
0.45873
0.99901
1.0154
0.67504
-0.25921
0.04578
0.49457
0.95369
1.1746
0.95309
0.51659
0.1409
0.95213
1.2824
1.1402
0.84259
0.47198
0.10869
-0.2563
-0.36688
0.98439
1.0058
0.3714
-0.20145
-0.42707
-0.51363
-0.56668
-0.39009
0.32444
0.17177
-0.25998
-0.42344
-0.35414
-0.30953
-0.26476
-0.14789
-0.3528
-0.90349
-1.5002
-1.1141
-0.081051
0.36742
0.067162
-0.28965
-0.73079
-1.3124
-1.3584
-0.26272
0.92474
0.94173
0.22856
-0.34903
-1.1593
-1.2982
-0.45225
0.81229
1.2842
0.82406
0.017895
-0.37934
-1.0347
-0.52432
0.57747
1.044
0.60855
-0.091427
-0.46002
-0.49742
-0.23269
0.42027
0.82317
0.52015
-0.13924
-0.42912
-0.24107
-0.079818
0.32526
0.73743
0.47205
-0.077572
-0.32203
-0.068733
0.31972
0.36922
0.49584
0.83618
0.41122
-0.093357
-0.17859
0.16319
0.39253
0.24539
0.55003
0.7857
0.51962
0.040121
-0.13321
0.1307
0.15694
-0.11736
0.15086
0.52837
0.48797
-0.22692
-0.78862
-0.48316
0.13516
0.31349
0.041764
0.51184
0.68262
-0.027541
-0.87865
-0.71444
-0.01713
0.33439
-0.42778
0.1351
0.92152
0.44481
-0.70186
-0.82494
-0.21372
0.18946
-0.78483
0.011583
1.2507
0.81645
-0.62987
-1.0044
-0.48439
0.0073478
-0.60246
0.44643
1.4695
0.69233
-0.75582
-1.0484
-0.42753
0.10748
0.090973
1.0203
1.4729
0.27163
-0.99213
-1.0081
-0.39256
0.18222
0.41997
1.2271
1.1199
-0.17975
-1.0889
-0.94499
-0.22236
0.20663
0.23367
0.80207
0.63164
-0.27315
-0.76911
-0.54487
-0.11363
0.10966
0.07496
0.338
0.45108
0.51634
0.52324
0.020524
-0.70163
-0.9259
0.14179
0.50858
0.65496
0.47298
0.22203
-0.25032
-0.87245
-0.98243
0.26447
0.58628
0.68276
0.40727
0.01288
-0.4492
-0.8836
-0.83057
0.5202
0.72581
0.72194
0.51252
0.10392
-0.48537
-0.92647
-0.8215
0.56578
0.66067
0.67367
0.64156
0.25091
-0.56495
-1.0555
-0.83935
0.42603
0.60009
0.71696
0.68318
0.15407
-0.76047
-1.1372
-0.90361
0.4628
0.80792
0.85696
0.58466
-0.17488
-0.91097
-1.0665
-0.79365
0.47829
0.79215
0.71479
0.35914
-0.28214
-0.80948
-0.73283
-0.44055
-5.1487
-4.964
-4.9427
-4.7706
-5.0627
-5.2746
-5.1802
-5.2893
-5.2119
-5.0845
-5.3755
-5.2612
-5.1263
-5.411
-5.165
-5.2895
-5.1878
-4.581
-5.1454
-5.2476
-5.0541
-5.2269
-5.207
-5.1307
-5.0474
-5.4145
-5.2098
-5.1566
-4.9321
-4.8924
-5.1252
-5.2396
-5.1401
-5.366
-4.8755
-5.105
-4.9319
-5.0791
-5.0309
-5.5681
0.014164
0.0068473
0.002182
0.0053185
0.0064542
0.0016294
-0.012535
-0.014748
0.0098138
0.0097397
0.0076195
0.0010166
0.00079192
0.00076251
-0.010788
-0.016809
0.014536
0.014934
0.0041952
-0.0079991
-0.0057237
-0.00091778
-0.010539
-0.021336
0.017735
0.014496
-0.0034377
-0.010992
-0.0096922
-0.0077302
-0.0099651
-0.013024
0.015677
0.011931
-0.0022305
-0.0087729
-0.0089908
-0.010069
-0.011247
-0.0038128
0.011537
0.0055255
0.0013342
0.0018334
-0.0034122
-0.0040941
-0.0060735
-0.0036282
0.0091213
0.0020726
0.0030175
0.010075
0.0056418
-0.00089083
-0.0034778
-0.0053543
0.016396
0.0024214
0.00078406
0.0053968
-0.0045208
-0.011161
-0.0087135
-0.0036214
