0.14366
0.16469
-0.030729
-0.39778
-0.31777
-0.0088048
-0.43129
-0.20062
-0.29411
0.065005
-0.31444
0.044648
-0.55634
-0.082848
-0.38154
0.17599
0.078573
0.14488
0.13636
0.01348
-0.17112
-0.012234
-0.074322
0.21352
0.13757
0.25338
0.1514
0.047976
-0.26561
-0.45351
-0.027762
-0.66543
-0.083072
-0.37905
0.048535
0.004481
0.2439
-0.36096
-0.014711
-0.45416
0.42962
-0.045395
0.33224
0.10714
-0.090054
0.035946
0.0060427
-0.088722
0.23191
0.23134
0.15178
0.18845
0.035153
-0.10011
-0.31593
0.016147
-0.74345
-0.051367
-0.36088
-0.089297
0.23808
0.12932
0.27504
-0.022036
-0.48289
0.35991
-0.13493
0.31329
-0.14567
-0.31201
0.24557
-0.047162
-0.11239
0.093058
0.15432
0.24041
0.19967
0.11446
0.057685
-0.1516
0.064995
-0.50939
-0.05062
-0.27747
-0.067958
0.11323
-0.057475
0.81918
0.19729
-0.35951
0.23786
-0.30524
0.3197
-0.20127
-0.53948
0.24347
0.067823
-0.1776
-0.042644
0.067699
0.18744
0.22349
-0.075169
0.10185
-0.12508
-0.12737
-0.028765
0.022795
-0.12696
-0.21488
-0.18096
0.13722
0.75769
0.46785
-0.31337
0.098149
-0.46459
0.050855
-0.052924
-0.59957
0.21821
0.1963
-0.18488
-0.10105
-0.05626
-0.07375
-0.012248
-0.071088
0.27055
-0.085714
-0.42565
0.39949
-0.11477
-0.020681
-0.18319
-0.51487
0.51425
0.29046
0.43369
-0.19467
-0.040891
-0.63347
-0.20637
0.093763
-0.40913
0.25379
0.21288
-0.21696
0.044653
-0.29328
-0.31587
-0.41432
0.071187
0.34894
0.1209
-0.59128
0.46355
-0.32796
-0.034444
0.020241
-0.48614
0.58436
0.0025615
0.62675
-0.0011283
-0.070508
-0.51453
-0.17243
0.097654
-0.12383
0.27308
0.06368
-0.19683
0.031967
-0.40544
-0.40455
-0.68838
0.13246
0.10212
0.26405
-0.5181
0.35313
-0.34937
-0.13958
0.15683
-0.35364
0.079912
0.10391
0.81407
0.036071
-0.12531
-0.11952
-0.16291
0.078147
0.16153
0.11595
-0.098286
-0.15045
-0.13467
-0.48833
-0.33491
-0.68812
0.31392
-0.03514
0.23652
-0.41986
0.096619
-0.2833
-0.2121
0.20624
-0.20572
-0.48799
0.19323
0.81282
0.052079
-0.1895
0.14892
-0.085939
-0.043728
0.41001
-0.028107
-0.16654
-0.21222
-0.11309
-0.42321
-0.19
-0.33458
0.21894
-0.18228
0.21095
-0.23994
-0.17155
-0.1659
-0.38509
0.093669
0.0021325
-0.70492
0.084333
0.68781
0.15985
-0.19446
0.13714
-0.25959
-0.069963
0.35266
-0.12736
-0.22849
-0.49906
-0.13396
-0.18033
-0.12392
0.10888
0.03758
-0.35679
-0.006619
-0.22719
-0.35052
0.015752
-0.41288
-0.21847
0.17764
-0.55291
-0.17003
0.44905
0.25775
-0.22711
0.069635
-0.48028
-0.17617
-0.040651
-0.1011
-0.12699
-0.59263
-0.15894
0.12474
-0.24918
0.36292
-0.038416
-0.41585
-0.31277
-0.24193
-0.42317
0.18636
-0.1343
-0.33263
0.43127
-0.30142
-0.37494
0.32551
0.23311
-0.35153
0.14543
-0.46219
-0.3123
-0.16009
-0.16507
0.10352
-0.28942
-0.074822
0.40183
-0.40747
0.40816
-0.14671
-0.30261
-0.52716
-0.090675
-0.33952
0.36909
0.13616
-0.25799
0.38265
0.085112
-0.36522
0.40004
0.21595
-0.31321
0.13733
-0.36022
-0.31318
-0.015936
-0.26098
0.27049
-0.016125
-0.023897
0.39361
-0.39567
0.2288
-0.30523
-0.070429
-0.6081
-0.063411
-0.057815
0.37103
0.14031
-0.31391
0.090568
0.36585
-0.36851
0.36981
0.19076
-0.1647
0.0084782
-0.41269
-0.33667
0.13592
-0.29437
0.22169
0.079405
0.014696
0.1815
-0.21637
-0.011907
-0.23693
0.036589
-0.4288
0.011528
0.1004
0.18343
0.10505
-0.27426
-0.010523
0.29418
-0.38618
0.06391
0.088383
-0.27806
-0.087606
-0.30246
-0.357
0.035721
-0.21855
0.056567
0.10604
0.024448
0.031384
0.097624
0.2591
-0.11983
-0.42366
-0.35159
-0.12966
-0.49098
-0.014223
-0.30393
0.15403
-0.28573
0.18061
-0.56426
0.0083593
-0.46303
0.34388
0.17771
0.2795
0.17218
-0.023008
-0.11517
-0.00083081
0.064292
0.39837
0.24195
0.085615
0.23479
-0.13696
-0.4043
-0.52758
-0.22242
-0.94735
-0.10702
-0.41725
0.046528
-0.0097803
0.45737
-0.43689
0.093596
-0.64071
0.52624
0.015133
0.57022
0.12894
-0.27015
-0.044251
-0.028541
-0.10724
0.43398
0.32334
0.052412
0.19369
0.051655
-0.19994
-0.42604
-0.1974
-1.1127
-0.11952
-0.31728
-0.14535
0.18737
0.37647
0.43931
0.021768
-0.6185
0.43358
-0.14683
0.77436
-0.1618
-0.46473
0.20905
-0.030261
-0.17401
0.14555
0.21739
0.12182
0.28467
0.19492
-0.0041541
-0.23087
-0.13394
-0.70119
0.029248
-0.088738
-0.14609
-0.031093
0.18014
1.1736
0.10858
-0.44844
0.27253
-0.30455
0.66165
-0.22147
-0.74938
0.34766
0.15145
-0.22971
-0.1875
0.00033678
-0.017011
0.5123
-0.093651
0.23145
-0.13381
-0.30824
0.16103
0.073311
-0.068095
-0.135
-0.21763
0.31537
1.0714
0.41024
-0.38083
0.12711
-0.43853
0.19402
-0.050178
-0.72803
0.3806
0.32759
-0.31217
-0.21984
-0.13603
-0.25518
0.36868
-0.1686
0.49187
0.067503
-0.64371
0.73474
-0.13828
-0.16119
-0.12917
-0.48405
0.74434
0.38852
0.46568
-0.26027
0.079473
-0.76947
-0.075831
0.088661
-0.44543
0.37487
0.37177
-0.45123
-0.0010179
-0.37163
-0.43322
-0.063173
0.10273
0.51799
0.37775
-0.91115
0.63656
-0.3823
-0.21739
0.03698
-0.58981
0.83575
-0.035135
0.7196
-0.004242
-0.0045178
-0.77598
-0.11261
0.045472
-0.056764
0.27176
0.21385
-0.47002
0.06724
-0.59216
-0.46856
-0.45103
0.41556
0.22935
0.5
-0.89454
0.26391
-0.40201
-0.4096
0.17982
-0.47411
0.28742
-0.054801
1.1147
0.07105
-0.14168
-0.20559
-0.12114
0.10809
0.38676
0.13484
0.013936
-0.33922
0.047343
-0.60405
-0.36925
-0.57455
0.63622
-0.058327
0.53727
-0.64806
-0.033478
-0.3247
-0.50918
0.20069
-0.049338
-0.46256
0.067141
1.1513
0.092923
-0.17251
0.22375
-0.0682
0.16509
0.64941
-0.091164
-0.20544
-0.45745
0.1274
-0.41957
-0.15556
-0.26652
0.54433
-0.28471
0.45309
-0.35403
-0.19849
-0.22726
-0.5722
0.174
0.27711
-0.91289
0.11327
1.039
0.25594
-0.099343
0.19333
-0.1375
0.057789
0.508
-0.23592
-0.22108
-0.80671
0.074268
-0.00049473
-0.13885
0.28022
0.26547
-0.53493
0.14007
-0.18907
-0.29417
-0.00863
-0.40864
-0.071168
0.58118
-0.6824
-0.24546
0.82168
0.42818
-0.14577
0.12828
-0.34919
-0.13672
0.14528
-0.24716
0.033596
-0.78003
-0.11161
0.37162
-0.45724
0.5987
-0.042722
-0.46527
-0.38092
-0.09216
-0.27831
0.2119
-0.092584
-0.2412
0.80166
-0.09304
-0.60502
0.53379
0.47482
-0.46171
0.24531
-0.45016
-0.31854
0.07047
-0.23064
0.33045
-0.49759
-0.18069
0.51758
-0.64561
0.50842
-0.39149
-0.30256
-0.69477
-0.10294
-0.2161
0.50252
0.28935
-0.31917
0.65416
0.34937
-0.57903
0.5485
0.46241
-0.46478
0.26318
-0.48226
-0.52056
0.072812
-0.26393
0.2766
-0.24946
-0.25706
0.40354
-0.4584
0.1624
-0.65684
-0.056944
-0.79203
-0.13964
-0.053361
0.54218
0.51958
-0.2768
0.33011
0.50677
-0.45899
0.5294
0.41884
-0.23377
0.18995
-0.45209
-0.63886
0.08932
-0.26744
0.01534
-0.14912
-0.16141
0.13859
-0.24538
-0.14666
-0.56065
-0.046422
-0.6317
-0.077714
0.24177
0.43937
0.4753
-0.051513
0.15081
0.35029
-0.39715
0.28298
0.19351
-0.26217
0.1887
-0.28874
-0.52375
0.0049704
-0.18625
-0.099871
-0.089143
0.017611
0.050445
-0.024441
0.38105
-0.10883
-0.33099
-0.32368
-0.31243
-0.60883
0.089692
-0.1048
0.27702
-0.1395
0.29944
-0.60007
-0.11187
-0.50707
0.572
0.19104
0.23849
0.3405
-0.12797
-0.17584
0.075602
-0.11878
0.38817
0.15252
-0.059133
0.26452
-0.12
-0.39696
-0.41092
-0.48755
-1.001
0.013747
-0.05804
0.13943
0.055836
0.50217
-0.48696
-0.15838
-0.58468
0.67565
0.23114
0.79056
0.29394
-0.50786
-0.22074
-0.067746
-0.28614
0.42051
0.21029
-0.068803
0.09472
0.083155
-0.41098
-0.2816
-0.5133
-1.0426
-0.033165
0.036403
-0.083834
0.23854
0.43266
0.35448
-0.20314
-0.54903
0.45723
0.1297
1.106
0.0003461
-0.69616
0.035058
-0.11008
-0.35291
0.2578
0.10849
-0.073275
0.21754
0.18227
-0.19588
-0.13145
-0.4733
-0.43703
0.060085
0.26397
-0.066993
0.14773
0.25419
1.0677
-0.13231
-0.45007
0.11433
-0.016389
0.86412
0.0098243
-0.81303
0.22156
0.031574
-0.36452
0.007409
-0.11227
-0.14806
0.58922
-0.066621
0.016105
0.0058691
-0.61752
0.49318
0.075402
0.053062
-0.00096293
0.029392
0.30033
0.99091
-0.0018374
-0.50865
-0.127
-0.31297
0.39955
0.15352
-0.63162
0.33759
0.18871
-0.41732
-0.069892
-0.33325
-0.24082
0.74478
-0.17893
0.37517
0.2227
-0.79872
0.93547
-0.063596
-0.37353
0.019424
-0.084263
0.73209
0.20135
0.013589
-0.58184
-0.21325
-0.67879
0.15835
0.16906
-0.20337
0.31538
0.20854
-0.51971
0.029326
-0.60454
-0.33912
0.38107
-0.013842
0.59956
0.55292
-0.8161
0.75784
-0.24261
-0.6288
0.12861
-0.27204
0.85944
-0.34472
0.24359
-0.40603
-0.29376
-0.75781
0.15727
-0.014966
0.26314
0.2222
0.20057
-0.5081
0.056236
-0.75977
-0.35213
-0.0387
0.33938
0.32075
0.84285
-0.51743
0.3144
-0.28453
-0.65328
0.19982
-0.21806
0.40216
-0.46995
0.5169
-0.13088
-0.30212
-0.17949
0.16893
-0.077887
0.55604
0.063078
0.042796
-0.43696
0.091738
-0.50913
-0.21308
-0.43737
0.64066
0.1334
0.88448
-0.18082
-0.024369
-0.27695
-0.73018
0.12855
0.026162
-0.23739
-0.25017
0.60692
0.12973
-0.25647
0.33359
0.07595
-0.002483
0.58887
-0.14285
-0.32009
-0.61855
0.27313
-0.097386
-0.049011
-0.39167
0.59668
-0.17372
0.65028
0.049529
-0.19548
-0.31325
-0.67999
0.11426
0.32453
-0.69077
0.03514
0.66129
0.32498
-0.10578
0.34145
-0.097761
-0.046684
0.34173
-0.23508
-0.3833
-0.76163
0.24636
0.38014
-0.017317
0.16359
0.33419
-0.42857
0.35792
0.24721
-0.35021
-0.24123
-0.3163
-0.015895
0.72866
-0.56784
-0.14287
0.74879
0.36405
-0.1582
0.17014
-0.21484
-0.16771
0.10594
-0.20521
0.10399
-0.47108
0.14403
0.72373
-0.39353
0.66518
-0.2305
-0.36794
-0.038412
0.2853
-0.2434
0.073468
-0.043094
-0.21434
0.85247
-0.11163
-0.51391
0.68915
0.38227
-0.34555
0.15482
-0.3507
-0.30442
0.019272
-0.17675
0.36557
-0.17012
0.026479
0.65393
-0.58467
0.57012
-0.75112
-0.10246
-0.33771
0.14424
-0.087567
0.51803
0.24783
-0.33379
0.67697
0.254
-0.66657
0.56108
0.3446
-0.35046
0.20442
-0.32955
-0.58904
-0.050888
-0.19835
0.046814
-0.11038
-0.17245
0.36361
-0.46436
0.073724
-0.97217
0.11877
-0.35426
-0.015624
-0.055045
0.73044
0.54928
-0.23102
0.55618
0.28583
-0.56895
0.50486
0.26563
-0.25461
0.34488
-0.15873
-0.6436
-0.060615
-0.16805
-0.23745
-0.10042
-0.28312
0.10181
-0.35221
-0.36115
-0.6891
0.0044402
-0.41421
-0.10801
0.1709
0.64883
0.46849
0.025235
0.31518
0.12561
-0.38815
0.20567
0.11308
-0.17411
0.36503
-0.078511
-0.39161
-0.056214
-0.018087
-0.32026
-0.092288
-0.23473
-0.069245
0.013643
0.29021
-0.16557
-0.29496
-0.15017
-0.45879
-0.64549
0.16576
0.1767
0.25679
0.02102
0.31931
-0.69411
-0.34518
-0.1758
0.59123
0.076856
0.029514
0.35575
-0.20446
-0.37596
0.022814
-0.42789
0.21478
0.15821
-0.21694
0.14427
-0.25654
-0.4258
-0.15209
-0.66992
-0.86598
0.21738
0.41431
0.037986
0.18251
0.33148
-0.61002
-0.4771
-0.27648
0.74128
0.073111
0.60585
0.24515
-0.53651
-0.3124
-0.022945
-0.51627
0.2415
0.13581
-0.26269
-0.1022
-0.1707
-0.63305
-0.10792
-0.63773
-0.57847
0.074663
0.67154
-0.082998
0.33849
0.1261
0.065234
-0.44073
-0.42058
0.59706
0.11129
0.90277
0.019899
-0.7674
0.026432
-0.081922
-0.49273
0.24965
-0.056532
-0.36769
0.012812
-0.13307
-0.57042
-0.14876
-0.44732
0.1179
0.062262
0.6349
-0.066396
0.27118
-0.12364
0.70165
-0.37924
-0.44224
0.11587
0.059228
0.82572
0.10056
-0.69855
0.1531
0.007831
-0.42382
0.11009
-0.19498
-0.48334
0.42725
-0.19743
-0.41942
-0.092698
-0.30868
0.85862
0.016304
0.24501
-0.011228
0.11654
-0.11802
0.63549
-0.21922
-0.59676
-0.28848
-0.26104
0.54074
0.27669
-0.31648
0.18399
0.027613
-0.35648
-0.011229
-0.44104
-0.53686
0.5752
-0.21753
0.05731
0.0062108
-0.25182
1.0644
-0.05505
-0.35374
-0.048241
0.081003
0.41072
0.064626
-0.36021
-0.81269
-0.47942
-0.58524
0.35406
0.18704
0.15361
0.18806
0.039547
-0.28578
-0.15323
-0.76974
-0.59083
0.26663
-0.071362
0.41666
0.29364
-0.1058
0.76323
-0.093973
-0.69885
0.095257
-0.011203
0.77491
-0.48169
-0.44145
-0.74271
-0.41401
-0.5996
0.25592
-0.016334
0.55256
0.21383
0.03103
-0.35652
-0.2059
-0.85639
-0.50953
-0.045211
0.18171
0.42902
0.82956
0.33402
0.41589
-0.15346
-0.71091
0.34036
0.047524
0.49474
-0.62073
-0.2062
-0.41041
-0.29904
-0.079066
0.30559
-0.077356
0.64684
0.19071
-0.18105
-0.53664
-0.012133
-0.48719
-0.25771
-0.36678
0.54777
0.28866
1.0747
0.58313
0.01137
-0.28395
-0.76059
0.35261
-0.057048
0.065386
-0.40031
-0.062404
0.017443
-0.34842
0.38099
0.095466
-0.1665
0.31117
-0.068025
-0.53268
-0.69184
0.27304
0.1232
-0.10115
-0.34158
0.64009
-0.0014896
0.88048
0.62844
-0.30805
-0.55334
-0.59642
0.25369
0.007347
-0.42663
0.002088
0.057035
0.2289
-0.36481
0.45576
-0.18703
-0.2825
0.0028913
-0.25433
-0.39806
-0.52553
0.39293
0.57855
-0.12693
0.011473
0.32732
-0.21295
0.63072
0.59964
-0.41719
-0.60938
-0.32034
-0.0086893
0.34894
-0.53089
0.13591
0.37386
0.29488
-0.24263
0.18367
-0.27467
-0.30346
-0.10851
-0.16121
0.19962
0.11837
0.32575
0.79661
-0.40117
0.54211
-0.35431
-0.13439
0.39166
0.45814
-0.29206
-0.18705
-0.23061
-0.28867
0.46853
-0.28026
-0.09967
0.47015
0.16479
-0.25675
-0.020818
-0.25106
-0.40408
-0.10316
-0.12407
0.45808
0.44903
0.16122
0.59472
-0.44458
0.4597
-0.9702
0.12919
0.24296
0.2572
-0.11072
0.4956
-0.10053
-0.29908
0.45669
-0.065528
-0.33544
0.37125
0.04962
-0.28931
0.032101
-0.13027
-0.56018
-0.14871
-0.17783
0.023977
0.34249
-0.098616
0.27397
-0.32427
-0.060341
-1.142
0.28283
0.094366
0.15756
-0.079819
0.84698
0.21279
-0.17195
0.51566
-0.00019849
-0.3227
0.26636
0.0068417
-0.3094
0.20551
-0.026262
-0.5611
-0.16937
-0.00063764
-0.35077
0.22365
-0.28363
0.043509
-0.38425
-0.43856
-0.71223
0.16423
-0.10581
-0.025568
-0.010263
0.68074
0.23132
0.026853
0.29678
0.055114
-0.25827
0.095981
0.057645
-0.1619
0.23868
-0.0010066
-0.39697
-0.14606
0.18041
-0.46805
0.034643
-0.35424
-0.15326
0.045512
0.10382
-0.26603
-0.12926
0.17502
-0.25887
-0.61035
0.16067
0.49312
0.12982
-0.17758
0.25332
-0.63199
-0.4667
0.11333
0.58634
0.0049954
-0.33497
0.18708
-0.20184
-0.37917
-0.062474
-0.41334
0.08022
0.19958
-0.25831
-0.0081404
-0.42914
-0.22471
0.24638
-0.38713
-0.55682
0.1636
0.91419
-0.016606
-0.075347
0.20375
-0.72198
-0.57752
0.026712
0.7813
-0.089558
-0.023149
0.12267
-0.4227
-0.33443
0.074762
-0.45662
0.20835
0.098982
-0.46639
-0.28857
-0.38496
-0.34524
0.097099
-0.16017
-0.092065
0.058207
1.2201
0.0012451
0.1185
-0.21468
-0.22396
-0.42224
-0.19027
0.69217
0.095068
0.42838
-0.025053
-0.67453
-0.030138
0.0088385
-0.47912
0.28772
-0.14334
-0.74503
-0.24516
-0.29552
-0.33336
-0.25517
0.19614
0.52449
0.0039263
1.0545
0.00019198
0.11718
-0.66454
0.4059
-0.27322
-0.34953
0.22638
0.12914
0.71419
-0.031293
-0.55166
0.064982
-0.060998
-0.39858
0.26902
-0.33548
-0.79138
0.13776
-0.28523
-0.36139
-0.33018
0.51579
0.9736
-0.045399
0.57667
-0.09904
0.10493
-0.52504
0.50254
-0.23385
-0.47761
-0.14927
-0.30901
0.55581
0.1131
-0.058479
0.037489
0.019163
-0.20339
0.14064
-0.57881
-0.87759
0.29804
-0.22645
-0.12461
-0.31817
0.64988
0.9609
-0.10986
-0.025504
-0.080498
0.20981
0.20534
0.14241
-0.43605
-0.58866
-0.3133
-0.63055
0.28545
0.15892
0.3908
0.0058244
-0.043653
-0.011841
-0.09286
-0.84497
-0.95879
0.11086
-0.065257
0.21641
-0.14962
0.76404
0.57849
-0.11022
-0.57499
0.11984
0.14277
0.72833
-0.27051
-0.6042
-0.63275
-0.21725
-0.60503
0.1156
0.10445
0.65171
0.021069
-0.15301
-0.19744
-0.1198
-0.82609
-0.77151
-0.111
0.18278
0.41585
0.35789
0.91726
0.1225
-0.20371
-0.65008
0.40756
0.1173
0.65513
-0.37225
-0.5689
-0.47045
-0.16249
-0.10248
0.11064
0.12128
0.58812
0.061778
-0.45943
-0.54087
0.18072
-0.35525
-0.56768
-0.27827
0.56578
0.25272
0.77926
0.89152
-0.23869
-0.39566
-0.60229
0.35609
-0.093096
0.355
-0.2787
-0.49429
-0.29114
-0.40121
0.40545
-0.055749
-0.042751
0.16831
-0.074307
-0.59454
-0.71291
0.388
0.29129
-0.4934
-0.2001
0.74207
0.028941
0.77832
0.73683
-0.38578
-0.7019
-0.48825
0.092371
-0.22597
-0.11024
-0.030234
-0.331
-0.10854
-0.58095
0.46859
-0.26895
-0.33974
-0.018382
-0.23577
-0.14322
-0.32952
0.4783
0.55751
-0.48453
0.043425
0.41282
-0.19007
0.6369
0.53059
-0.33363
-0.77273
-0.3785
-0.28354
-0.098582
-0.4241
0.12668
0.029583
-0.07763
-0.35458
0.14213
-0.28031
-0.45651
-0.037945
-0.20983
0.42884
0.51835
0.23715
0.49915
-0.59698
0.30342
-0.24575
0.042607
0.66639
0.324
-0.20324
-0.26491
-0.41803
-0.50971
0.095594
-0.39525
0.098842
0.19571
-0.0098172
-0.21378
-0.17622
-0.14249
-0.45018
-0.03919
-0.16685
0.44699
0.96593
-0.11571
0.30304
-0.3642
0.15115
-0.87352
0.39003
0.81246
0.088084
-0.098822
0.41043
-0.40004
-0.38436
0.24087
-0.25042
0.093523
0.23672
-0.018093
-0.25086
-0.14177
-0.10757
-0.41869
-0.071429
-0.21099
0.0087588
0.84034
-0.30617
0.11359
-0.091635
-0.24435
-1.109
0.33922
0.65627
-0.0077043
-0.16673
0.74571
-0.19797
-0.22303
0.43601
-0.11353
0.13515
0.12615
-0.0084924
-0.26169
0.049329
-0.07987
-0.42975
-0.1099
-0.015346
-0.37877
0.48028
-0.41625
-0.015848
-0.2962
-0.45212
-0.75901
0.24298
0.16975
-0.05921
-0.12407
0.57566
-0.10785
0.001419
0.26962
0.063494
0.09205
0.054017
0.11875
-0.16558
0.11837
0.067189
-0.44036
-0.14689
0.25443
-0.4139
0.13704
-0.37972
-0.081216
0.039589
0.13657
-0.10743
0.1554
0.37876
-0.026953
-0.58614
-0.053603
0.56597
0.10267
-0.4108
-0.018768
-0.37938
-0.36251
0.16537
0.83509
-0.15094
-0.44281
0.091575
-0.27579
-0.31828
-0.066501
-0.25777
0.33688
-0.0096616
-0.24899
0.050687
-0.31061
0.11298
0.56743
-0.031806
-0.24971
-0.16386
0.95605
-0.050043
-0.34378
-0.15687
-0.55627
-0.39552
0.194
0.92581
-0.068972
-0.44579
-0.059794
-0.5923
-0.37408
0.056848
-0.30928
0.43566
-0.17402
-0.50554
-0.30043
-0.28276
0.050431
0.31593
0.37439
0.33986
-0.074199
1.0731
-0.03143
-0.14503
-0.48241
-0.30048
-0.22612
0.1144
0.71234
0.14131
0.033849
-0.16728
-0.84896
-0.094326
-0.099195
-0.26367
0.47875
-0.26404
-0.70159
-0.38001
-0.25515
-0.050811
-0.22753
0.86019
0.7548
0.092589
0.97842
-0.036873
-0.11211
-0.82166
0.21895
-0.13209
-0.024807
0.21067
0.14857
0.48875
-0.1767
-0.6918
-0.0087782
-0.20077
-0.28008
0.57821
-0.3908
-0.56404
-0.068232
-0.22331
-0.22739
-0.45603
1.1301
0.77447
0.15196
0.75937
-0.19074
0.0081517
-0.65071
0.54392
-0.1806
0.055206
-0.076794
-0.30077
0.50243
-0.086755
-0.059596
-0.058539
-0.026128
-0.16299
0.41027
-0.76278
-0.53737
0.19292
-0.13871
-0.11389
-0.52371
1.1447
0.5023
0.020479
0.31391
-0.088314
0.066751
-0.017192
0.45028
-0.37718
0.1822
-0.1326
-0.67256
0.29169
0.10581
0.53354
-0.087092
-0.010007
0.0082122
0.16405
-0.92376
-0.71248
0.10119
-0.027726
0.2361
-0.55587
0.94727
0.16863
-0.09187
-0.22263
0.21833
-0.088606
0.40956
0.19971
-0.56162
0.16185
-0.097464
-0.61588
0.095781
0.079903
0.669
-0.1519
-0.1338
-0.2703
0.05116
-0.67665
-0.67643
0.046561
0.24951
0.37514
-0.31998
0.64085
-0.256
-0.20318
-0.40311
0.45326
-0.15439
0.46635
0.15856
-0.61702
-0.022933
-0.14423
-0.066741
-0.018582
-0.023975
0.42489
-0.15081
-0.41508
-0.63944
0.10365
-0.028707
-0.67196
0.01108
0.55224
0.20418
0.13036
0.508
-0.41918
-0.47823
-0.28709
0.15737
-0.18051
0.5113
0.23694
-0.70183
-0.15187
-0.33266
0.5522
-0.10545
-0.15697
0.097179
-0.093858
-0.41283
-0.59955
0.1823
0.55368
-0.7056
-0.037666
0.75602
0.005904
0.48809
0.37287
-0.37176
-0.70468
-0.15935
-0.21825
-0.30721
0.35661
0.22223
-0.4703
-0.17279
-0.47843
0.68772
-0.12866
-0.31181
0.13443
-0.058282
0.1238
0.0080742
0.19993
0.53466
-0.58093
0.15587
0.54244
-0.26586
0.68121
0.10833
-0.29346
-0.7054
-0.14491
-0.51449
-0.25193
-0.063673
0.16924
-0.12756
-0.15146
-0.35317
0.27216
-0.046424
-0.45536
0.2428
-0.08246
0.32667
0.92093
0.037128
0.33368
-0.38184
0.14107
-0.027718
-0.12847
0.8173
-0.10473
-0.11859
-0.21157
-0.26585
-0.60603
0.01398
-0.30347
0.2062
0.028348
-0.13428
-0.21485
-0.15991
-0.045948
-0.30931
0.19268
-0.15475
0.15841
1.3957
-0.30011
0.21007
-0.10886
-0.10229
-0.60906
0.15634
1.0369
-0.2234
-0.13058
0.45503
-0.31144
-0.42189
0.30176
-0.22101
0.42335
-0.065089
-0.060042
-0.20748
-0.26446
-0.087332
-0.13001
0.082519
-0.28739
-0.20362
1.0919
-0.53344
0.011661
0.096522
-0.374
-1.005
0.14545
0.91257
-0.2757
-0.27472
0.70328
-0.29823
-0.15358
0.52709
-0.10942
0.54347
-0.13186
0.092192
-0.16616
-0.089136
-0.15776
-0.14915
-0.036845
-0.253
-0.44613
0.48576
-0.59573
-0.08708
-0.068006
-0.49504
-0.87795
0.15817
0.34434
-0.1712
-0.14853
0.45915
-0.2187
0.13007
0.34965
-0.10613
0.48503
-0.12529
0.15051
-0.16365
0.05239
-0.067306
-0.2149
-0.15748
-0.012766
-0.36113
0.032184
-0.5224
0.08127
-0.11047
0.062803
0.1155
0.29695
0.31315
0.17023
-0.45324
-0.23967
0.32137
-0.11411
-0.2459
-0.21679
-0.27882
-0.19423
0.12418
0.93459
-0.25684
-0.44806
0.035074
-0.31426
-0.231
-0.00090648
-0.078407
0.41935
-0.20942
-0.2122
0.05505
-0.010834
0.2001
0.44663
0.17472
-0.029856
-0.18489
0.51335
-0.33177
-0.2646
-0.38335
-0.40222
-0.15585
0.16524
1.1542
-0.10981
-0.47213
-0.25113
-0.72757
-0.40436
-0.010359
-0.091857
0.50749
-0.38589
-0.23015
-0.093938
-0.041899
0.010719
0.28817
0.43162
0.56492
-0.07963
0.4899
-0.34896
-0.2271
-0.55189
-0.24277
-0.22895
0.30635
0.79075
0.050001
-0.14852
-0.40104
-1.0387
-0.21306
-0.22222
-0.069778
0.52167
-0.40415
-0.28103
-0.12892
-0.20068
-0.19699
-0.14653
0.71246
0.70878
0.08413
0.40706
-0.16052
-0.17687
-0.73347
-0.014595
-0.28809
0.51885
0.12259
0.092002
0.25851
-0.37719
-0.76857
-0.058121
-0.30168
-0.066214
0.46171
-0.46706
-0.13816
0.058902
-0.27485
-0.3212
-0.36782
0.78141
0.43002
0.27062
0.33974
-0.022638
-0.14963
-0.59757
0.26149
-0.26679
0.85086
-0.062528
-0.20547
0.51485
-0.27118
0.026727
-0.011232
-0.099528
0.041642
0.26353
-0.78552
-0.10748
0.22033
-0.20469
-0.13834
-0.48815
0.65498
0.04551
0.27097
0.0076105
0.14104
-0.16238
-0.25658
0.42552
-0.36766
1.0052
-0.023126
-0.57628
0.56571
-0.11849
0.7235
-0.012786
0.030896
0.076228
0.12891
-0.79717
-0.23106
0.20147
-0.04543
0.30764
-0.58568
0.2937
-0.25956
0.11246
-0.29474
0.36163
-0.29918
-0.034475
0.4098
-0.38765
0.80516
-0.016351
-0.63253
0.48118
-0.1632
0.70757
-0.1392
-0.039781
-0.35452
-0.07548
-0.30717
-0.42346
0.27779
0.23005
0.46571
-0.54886
-0.10546
-0.55712
-0.14699
-0.2479
0.42837
-0.40693
0.16328
0.47985
-0.52534
0.37068
-0.07085
-0.19297
0.21497
-0.32807
0.299
-0.29158
-0.19356
-0.73548
-0.27401
0.32031
-0.41439
0.23149
0.40178
0.40629
-0.3256
-0.22406
-0.43696
-0.53975
-0.042374
0.021251
-0.39623
0.52988
0.60971
-0.71525
0.15922
-0.20399
0.55255
-0.0083813
-0.37796
0.084862
-0.31821
-0.10086
-0.58367
-0.24928
0.59322
-0.43386
0.24916
0.49761
0.12564
0.11641
-0.16095
-0.1921
-0.74499
0.14471
-0.36276
-0.46884
0.58903
0.49592
-0.59129
0.082247
-0.37517
0.92393
0.016678
-0.33167
0.20505
-0.21816
0.2116
0.19943
-0.1
0.38954
-0.43926
0.30861
0.41862
-0.18849
0.53008
-0.41184
-0.2399
-0.70281
0.077162
-0.57916
-0.4006
0.27974
0.17965
-0.40957
-0.01079
-0.34912
0.59386
0.044706
-0.17535
0.34278
-0.15673
0.16206
0.96449
6.3843e-05
0.18191
-0.28338
0.092028
0.028867
-0.31254
0.64515
-0.60341
-0.21973
-0.18233
-0.15987
-0.62184
-0.15726
0.015183
0.10754
-0.38443
-0.13539
-0.20379
0.1183
0.082422
0.023023
0.42535
-0.30025
-0.11784
1.2054
-0.17543
0.15721
-0.10658
-0.40177
-0.39454
-0.20093
0.65788
-0.61502
-0.25748
0.462
-0.25241
-0.33284
0.11489
0.072772
0.36482
-0.4596
-0.12803
-0.21683
-0.11416
0.05156
0.10276
0.33225
-0.39502
-0.48615
0.89289
-0.4082
0.011689
0.037937
-0.61867
-0.78054
-0.11274
0.60236
-0.43655
-0.27527
0.63512
-0.28083
0.075154
0.2356
0.13341
0.54441
-0.44537
0.069527
-0.16656
-0.0070645
0.031791
0.16177
0.17283
-0.44191
-0.72302
0.42909
-0.48766
-0.02744
0.1056
-0.47269
-0.81858
-0.0055409
0.35784
-0.14422
-0.052571
0.33528
-0.1931
0.2557
0.21912
-0.025813
0.48357
-0.3943
0.20929
-0.21102
0.060053
-0.012395
0.18658
-0.009226
-0.27456
-0.49374
0.076075
-0.37495
0.18219
-0.19859
-0.13613
0.25197
0.18483
0.031278
0.19558
-0.34384
-0.33149
0.061268
-0.30474
-0.085249
-0.046086
-0.21488
0.01364
0.097493
0.75631
-0.22101
-0.50313
-0.29847
-0.29054
-0.31749
0.088819
0.11629
0.031736
-0.18749
-0.14856
-0.023995
0.23076
0.18432
0.082815
0.054642
0.097202
-0.18574
0.16761
-0.48205
-0.053624
-0.082846
-0.19731
0.07688
0.31373
1.0242
-0.1091
-0.49757
-0.48381
-0.73399
-0.60036
-0.089202
-0.020246
0.24194
-0.29862
0.16626
0.031901
0.16177
-0.11282
0.031761
-0.059024
0.56137
-0.05542
-0.017114
-0.35579
-0.18127
-0.19386
-0.050879
-0.049092
0.61823
0.67616
0.0047332
-0.3788
-0.52058
-0.92533
-0.41929
-0.37351
-0.069816
0.38997
-0.34155
0.29564
0.21558
-0.10129
-0.44739
-0.01703
-0.12654
0.60497
-0.027198
-0.28385
-0.15389
-0.32065
-0.32251
-0.053379
-0.24214
0.9064
-0.079153
0.076729
-0.096714
-0.47487
-0.60106
0.0062609
-0.44881
0.12248
0.29094
-0.50976
0.38749
0.49482
-0.22253
-0.56979
-0.17053
-0.091383
0.41288
0.12269
-0.26287
-0.029271
-0.31255
-0.37073
-0.012034
-0.24376
1.1281
-0.25254
-0.099231
0.4245
-0.40735
0.13978
0.20429
-0.21899
0.28335
0.15489
-0.75075
0.3759
0.46811
-0.17433
-0.32731
-0.32323
-0.10664
0.11746
0.2051
-0.40289
0.19236
-0.20844
-0.4281
0.10268
-0.094333
1.097
-0.12301
-0.47161
0.87517
-0.37511
0.79211
0.031536
-0.026787
0.15942
0.061599
-0.55967
0.20831
0.41697
-0.010051
0.19963
-0.43517
-0.14821
-0.30964
0.13582
-0.38349
0.42539
-0.33435
-0.43459
0.14641
-0.014241
0.78732
-0.03014
-0.58987
0.85907
-0.42393
0.7403
-0.17688
-0.039901
-0.17727
-0.14579
0.058428
0.060793
0.52428
0.11381
0.58374
-0.50916
-0.34277
-0.57901
-0.11882
-0.088574
0.41141
-0.52308
-0.22406
0.24953
-0.23801
0.46032
-0.095389
-0.25716
0.37316
-0.51025
0.37757
-0.40178
-0.039484
-0.59165
-0.36623
0.49054
0.0715
0.45649
0.0076661
0.5564
-0.50666
-0.5937
-0.33682
-0.59227
0.17266
-0.021727
-0.6026
0.13646
0.45955
-0.52435
0.13796
-0.29109
0.48527
0.015658
-0.57367
0.14008
-0.4809
0.15464
-0.52924
-0.34641
0.36002
-0.082945
0.42637
0.053619
0.22666
-0.21988
-0.60779
-0.088778
-0.87682
0.26993
-0.52076
-0.70005
0.337
0.34671
-0.55327
-0.10249
-0.49516
1.0566
-0.08376
-0.41727
0.19291
-0.3244
0.22136
0.10846
-0.19366
0.096404
-0.33313
0.42952
0.17504
-0.074518
0.074785
-0.67738
-0.11263
-0.69959
0.078459
-0.79815
-0.71205
0.33336
-0.13817
-0.45262
-0.12213
-0.39695
0.77749
-0.062511
0.0055567
0.19799
-0.17371
0.08213
0.72533
-0.094082
0.023054
-0.34453
-0.0058148
-0.017931
-0.26039
0.17712
-0.73508
-0.17253
-0.028255
-0.17094
-0.85196
-0.50697
0.2398
-0.37419
-0.35816
-0.17819
-0.1967
0.3729
-0.052731
0.22927
0.2567
-0.28569
-0.26629
0.81405
-0.089157
0.035581
-0.28572
-0.61785
-0.3779
-0.38696
0.10636
-0.68066
-0.24536
0.60087
-0.26815
-0.44391
-0.40983
0.23252
-0.079832
-0.19211
-0.17015
-0.18559
0.14168
0.064806
0.30012
0.3837
-0.43914
-0.70945
0.60581
-0.10439
-0.011271
-0.14372
-0.91
-0.62428
-0.35325
0.098519
-0.35744
-0.25303
0.64744
-0.31346
0.12416
-0.35265
0.26169
0.1741
-0.22425
0.046323
-0.022508
0.099856
0.21575
0.51888
0.22989
-0.37322
-0.83988
0.27895
-0.16744
0.081554
0.039392
-0.44474
-0.71268
-0.17851
0.010027
0.02157
-0.094686
0.27095
-0.20057
0.2603
-0.24657
0.14076
0.2268
-0.37855
0.077007
-0.072958
0.014276
0.093748
0.53261
0.012599
-0.29395
-0.55207
-0.0017178
-0.13129
0.21901
-0.14735
-0.21987
0.2513
-0.015606
-0.11061
-0.072637
-0.20834
-0.34221
-0.032996
-0.092992
-0.11159
0.069485
-0.11982
-0.068343
0.10481
0.68675
-0.10005
-0.49331
-0.49243
-0.48532
-0.41614
0.03784
0.291
-0.14677
-0.16242
0.17402
-0.097143
0.363
0.14616
-0.16597
-0.25486
0.21143
-0.27151
0.0078545
-0.13963
0.077365
0.27011
0.029321
-0.018669
0.35919
0.78185
-0.068062
-0.49261
-0.51991
-0.83186
-0.6356
-0.14292
0.10788
0.19294
-0.19476
0.5357
0.12012
0.2615
-0.080326
-0.1008
-0.43017
0.58
-0.097502
-0.21327
-0.096492
-0.059609
0.32373
0.22892
-0.092723
0.6114
0.37102
0.15093
-0.4229
-0.35089
-0.69443
-0.44544
-0.22668
-0.036539
0.41464
-0.29617
0.53059
0.32225
-0.022957
-0.5148
0.11911
-0.48486
0.52864
0.096848
-0.46656
-0.070229
-0.33842
0.046264
0.19506
-0.18541
0.7204
-0.1655
0.20656
-0.35695
-0.24061
-0.26024
0.0921
-0.26657
0.083811
0.56306
-0.57677
0.61065
0.52814
-0.18429
-0.72008
0.041725
-0.41434
0.43116
0.086387
-0.43301
-0.097833
-0.4429
-0.17055
0.028275
-0.14003
0.78172
-0.32303
-0.092946
0.14748
-0.38838
0.30994
0.29962
-0.16973
0.13922
0.51821
-0.75109
0.69885
0.47068
-0.11469
-0.61633
-0.21337
-0.36876
0.27866
-0.014832
-0.34903
0.073991
-0.31269
-0.42208
-0.12546
0.23827
0.5571
-0.30567
-0.59944
0.80182
-0.56197
0.67262
0.17117
0.002391
-0.029919
0.28663
-0.34594
0.61453
0.37052
0.10405
0.11177
-0.35843
-0.1664
-0.102
0.0017634
-0.15592
0.46127
-0.43085
-0.611
-0.26247
0.51207
0.24222
-0.22606
-0.63915
0.94955
-0.67551
0.62231
-0.092099
-0.085263
-0.16991
0.022759
0.38937
0.53277
0.41736
0.043971
0.76125
-0.50587
-0.096512
-0.33928
-0.13824
0.14671
0.48796
-0.61122
-0.60566
-0.14841
0.41693
0.053289
-0.21692
-0.22768
0.52557
-0.65264
0.34593
-0.35692
-0.10632
-0.31714
-0.24438
0.49768
0.40407
0.49102
-0.18577
0.7255
-0.65773
-0.1488
-0.31995
-0.55942
0.45237
0.098586
-0.67894
-0.32462
0.20733
0.026666
-0.22206
-0.36724
0.52863
0.12723
-0.53913
0.24809
-0.52389
0.072304
-0.29004
-0.28856
0.083557
0.16122
0.50527
0.042425
0.2864
-0.51862
-0.20311
-0.092843
-0.76601
0.44756
-0.46081
-0.84054
0.00031348
0.23892
0.01695
-0.4852
-0.39872
0.97713
-0.15555
-0.29245
0.25576
-0.27566
0.10708
0.034637
-0.20812
-0.099104
-0.087883
0.35778
0.20687
-0.067279
-0.2567
-0.26351
0.059988
-0.4295
0.14387
-0.79716
-1.0151
0.14761
-0.15238
0.085114
-0.46872
-0.22584
0.70045
-0.20389
0.24249
0.105
-0.084365
0.06439
0.4389
-0.25321
-0.019834
-0.062572
-0.20097
-0.023896
-0.22014
-0.10525
-0.26977
-0.0064414
0.29763
-0.057185
-0.91442
-0.96309
0.13697
-0.306
0.17929
-0.40346
-0.097785
0.3148
-0.11971
0.51115
-0.029208
-0.047702
-0.30223
0.54001
-0.15181
0.0088079
-0.10237
-0.79478
-0.38499
-0.35488
-0.10169
-0.14724
-0.11851
0.88825
-0.18389
-0.58831
-0.89563
0.224
-0.014891
0.28947
-0.30289
-0.098831
0.063623
0.017219
0.58331
0.044052
-0.2089
-0.69835
0.46433
0.134
-0.042258
-0.18244
-1.0692
-0.64353
-0.40318
-0.093108
0.067387
-0.20385
0.76991
-0.25663
-0.055812
-0.82322
0.28698
0.17871
0.23527
-0.046569
0.046777
-0.08692
0.20827
0.67276
-0.039611
-0.2227
-0.67402
0.23472
0.12826
0.13047
-0.18489
-0.63036
-0.64622
-0.23709
-0.21142
0.19936
-0.17668
0.31215
-0.22136
0.25845
-0.57671
0.12517
0.19575
0.02373
-0.059652
0.012176
-0.14365
0.11415
0.47913
-0.22953
-0.22893
-0.40485
-0.038712
0.052008
0.18538
0.013158
-0.31013
0.24642
-0.046079
-0.076159
-0.21311
0.02722
-0.2253
-0.10177
0.20088
-0.18073
0.042956
-0.045572
-0.055483
-0.10789
0.7801
-0.25718
-0.48538
-0.38082
-0.61528
-0.47657
-0.031651
0.39128
-0.11043
-0.15667
0.43673
-0.3244
0.39645
0.018179
-0.12911
-0.24221
0.4035
-0.26537
-0.14123
0.21106
0.1222
0.25918
0.17892
-0.021225
0.016539
0.8911
-0.1893
-0.55899
-0.30401
-0.76229
-0.60938
-0.18489
0.37576
0.13336
-0.2266
0.63676
-0.10873
0.36406
-0.14755
-0.027637
-0.20569
0.68825
-0.18644
-0.27413
0.20144
0.067767
0.30693
0.57934
-0.10904
0.21402
0.41687
0.24972
-0.66347
-0.11386
-0.42811
-0.43726
-0.046139
0.2137
0.45747
-0.38413
0.48933
0.10977
0.0052729
-0.52233
0.070143
-0.12115
0.4636
0.05051
-0.44357
0.070484
-0.10512
0.11111
0.6455
-0.20046
0.25628
0.069495
0.39345
-0.68507
-0.13639
-0.022077
0.050166
-0.017269
-0.048195
0.84158
-0.6531
0.48776
0.19167
-0.13461
-0.77751
-0.054213
-0.19017
0.16068
0.068379
-0.35536
-0.10901
-0.20086
-0.12924
0.28664
-0.13835
0.27531
-0.087046
-0.10193
-0.39997
-0.46045
0.33312
0.42363
-0.12312
-0.14911
1.0057
-0.64307
0.69879
0.15745
-0.13283
-0.68977
-0.18947
-0.30489
0.002348
-0.13855
-0.13492
-0.044311
-0.17086
-0.39684
-0.13917
0.15426
0.019335
-0.37885
-0.75395
0.13107
-0.677
0.44371
0.39614
-0.07507
-0.12147
0.77993
-0.045262
0.79068
0.13567
-0.01907
0.060322
-0.16319
-0.10578
-0.18048
-0.18529
0.028633
0.3946
-0.29846
-0.67086
-0.42019
0.46979
-0.31081
-0.55187
-0.74229
0.508
-0.6833
0.38033
0.13187
-0.17665
0.02623
0.32251
0.55907
0.7894
0.23307
-0.15639
0.8176
-0.28213
0.16359
-0.24371
-0.2494
0.20763
0.55694
-0.36317
-0.84363
-0.42349
0.5645
-0.51769
-0.45267
-0.18136
0.42932
-0.5265
0.17235
-0.076271
-0.22944
-0.014867
-0.04111
0.39621
0.61001
0.41156
-0.28153
0.85864
-0.64611
0.3512
-0.32113
-0.50942
0.55603
0.25042
-0.37506
-0.61615
-0.081467
0.44359
-0.7246
-0.36111
0.50627
0.17924
-0.29279
0.23867
-0.22847
-0.14481
-0.03387
-0.14131
-0.066383
0.25154
0.33571
0.058568
0.26527
-0.73636
0.28325
-0.13201
-0.5815
0.60933
-0.34402
-0.5384
-0.37955
0.096988
0.43722
-0.86449
-0.30893
0.75773
-0.051848
0.1057
0.33362
-0.3125
-0.21386
0.081128
-0.17743
-0.24521
0.059605
0.025425
0.25896
-0.073874
-0.59091
0.25999
0.10344
-0.19675
0.30109
-0.73823
-0.7475
-0.25864
-0.059795
0.5177
-0.77707
-0.19543
0.40046
-0.04848
0.5829
0.16566
-0.22127
-0.19829
0.14901
-0.34336
-0.16387
0.17729
-0.36781
0.15007
-0.17969
-0.2493
0.37942
0.070645
0.45141
0.0031906
-0.90728
-0.9731
-0.21162
-0.1177
0.61143
-0.63603
-0.035969
0.029622
0.15082
0.73426
-0.071041
-0.10714
-0.31029
0.22813
-0.3225
-0.055778
0.25508
-0.68663
-0.080349
-0.23156
-0.033425
0.50992
-0.041851
0.79337
-0.20816
-0.61417
-1.1017
0.14583
0.088158
0.53124
-0.4021
0.040384
-0.049968
0.14861
0.6972
-0.090527
-0.13534
-0.405
0.16867
-0.10756
0.055535
0.10231
-0.86769
-0.46851
-0.25279
0.010241
0.54612
-0.23733
0.60715
-0.40221
-0.059425
-1.0547
0.3452
0.19471
0.48997
-0.15831
0.12203
-0.074519
0.14199
0.53591
-0.17711
-0.14952
-0.24791
0.11742
-0.05733
0.25047
-0.16933
-0.62444
-0.58093
-0.12566
-0.12095
0.40638
-0.35383
0.27505
-0.40064
0.15792
-0.7315
0.1667
0.13349
0.28527
-0.15976
0.026625
-0.20979
0.15035
0.19786
-0.26948
-0.15532
-0.031656
-0.074549
0.008965
0.14743
0.093878
-0.226
0.27463
-0.038148
-0.13737
-0.20527
0.22792
-0.19476
-0.26502
0.43075
-0.11826
-0.058534
-0.1569
0.058449
-0.26125
0.79639
-0.17563
-0.18871
-0.2585
-0.43141
-0.60877
-0.10669
0.52485
-0.33996
-0.1716
0.29016
-0.22039
0.33001
-0.12225
-0.15216
-0.082267
0.36331
-0.26498
-0.30648
0.54103
0.13555
-0.00022036
0.10008
0.091028
-0.27925
0.91122
-0.1809
-0.38607
-0.12433
-0.51227
-0.71418
-0.28027
0.55083
-0.32325
-0.31676
0.44685
-0.063441
0.21514
-0.26688
-0.068173
0.1323
0.47333
-0.24806
-0.21315
0.42738
0.28677
0.0096125
0.67358
-0.060567
-0.11837
0.48445
0.14865
-0.74748
-0.021473
-0.29292
-0.32517
-0.086026
0.33997
0.178
-0.4967
0.40208
0.18635
-0.10984
-0.57896
-0.12124
0.1779
0.2963
-0.065034
-0.24333
0.21438
0.064837
0.021466
0.87821
-0.21818
-0.047477
0.14125
0.28222
-1.0182
-0.17124
0.01382
0.18894
0.00092574
-0.027823
0.74634
-0.59025
0.41672
0.15222
-0.23957
-0.8023
-0.23692
-0.11888
-0.023486
0.081076
-0.142
-0.044601
-0.045393
-0.18112
0.42598
-0.21881
-0.0056147
0.011956
-0.1251
-0.89374
-0.38543
0.28951
0.59804
-0.099855
-0.13656
1.016
-0.39957
0.61678
-0.068079
-0.078233
-0.64577
-0.20752
-0.32541
-0.25031
-0.0069107
0.084765
-0.041442
0.021227
-0.42592
-0.17081
-0.035288
-0.14738
-0.27091
-0.77884
-0.40023
-0.53265
0.35836
0.63071
-0.22188
0.048574
0.87263
0.21059
0.75268
-0.087845
-0.0088065
0.066699
-0.07183
-0.15147
-0.40177
-0.13114
0.17202
0.26962
0.017633
-0.58774
-0.55055
0.067254
-0.49502
-0.61955
-0.84967
-0.092305
-0.56975
0.10455
0.25168
-0.3153
0.27353
0.65685
0.48725
0.7691
0.04838
-0.17096
0.75988
-0.07961
0.022194
-0.24066
-0.29003
0.3128
0.41506
0.12879
-0.67347
-0.47698
0.17173
-0.68891
-0.60578
-0.30609
0.14787
-0.35332
-0.07565
0.13274
-0.36505
0.28278
0.3711
0.17569
0.6007
0.20974
-0.23194
0.80236
-0.39116
0.13257
-0.16228
-0.62333
0.56099
0.22472
0.13565
-0.63416
-0.23293
0.24347
-0.66764
-0.43907
0.23701
0.16741
-0.021224
0.06763
0.091439
-0.39799
0.13185
0.17963
-0.12379
0.28893
0.17363
0.065131
0.14941
-0.52555
0.21985
0.01597
-0.69782
0.44958
-0.3992
0.00017519
-0.67923
-0.10958
0.25227
-0.6685
-0.29697
0.51557
0.021669
0.47897
0.19604
-0.12643
-0.54214
0.039613
-0.043311
-0.24392
0.079248
-0.09183
0.25497
-0.10558
-0.45599
0.41291
0.039191
-0.25958
0.12047
-0.8491
-0.0869
-0.57562
-0.15153
0.23729
-0.62719
-0.2596
0.34029
0.073479
0.91266
0.061136
-0.25568
-0.41139
-0.09492
-0.31216
-0.2733
0.17708
-0.36694
0.22311
-0.086881
-0.14375
0.58243
0.06713
0.42569
-0.16101
-0.94329
-0.37463
-0.48278
-0.21595
0.16428
-0.52102
-0.055661
-0.044953
0.17305
0.87071
-0.096687
-0.13618
-0.0064521
-0.12786
-0.47754
-0.21853
0.33512
-0.49889
0.11485
-0.10407
0.18912
0.61822
0.0081721
0.74429
-0.35784
-0.61866
-0.63622
-0.11035
-0.22504
0.13124
-0.34344
0.057916
-0.041452
-0.0072912
0.58554
-0.1044
-0.14418
0.34195
-0.14693
-0.43248
0.029642
0.35915
-0.64495
-0.26583
-0.1765
0.15646
0.65712
-0.18102
0.48294
-0.46264
-0.047143
-0.77555
0.23482
-0.041918
0.18604
-0.2353
0.086575
0.021292
-0.14269
0.13982
-0.14522
-0.1254
0.43236
-0.0076976
-0.28986
0.31105
0.13877
-0.50341
-0.50218
-0.1623
0.06219
0.53147
-0.3122
0.25006
-0.42249
0.2063
-0.68479
0.21694
-0.0076099
0.0703
-0.18296
0.018971
-0.22617
-0.032251
-0.089476
-0.13394
-0.019011
0.32374
-0.18117
-0.13171
0.25623
0.027924
0.001838
0.40989
0.0010157
-0.284
-0.26541
0.22587
-0.22699
-0.29762
0.50389
-0.043063
-0.085201
-0.29708
-0.011929
-0.48158
0.65538
0.13693
-0.032884
-0.29545
-0.39552
-0.62841
-0.16017
0.45031
-0.62268
-0.17871
0.079154
0.045011
0.27316
-0.16775
-0.25918
-0.069526
0.12893
-0.22516
-0.31646
0.62328
0.16995
-0.20603
-0.12213
-0.074409
-0.49906
0.74217
0.07625
-0.25125
-0.047456
-0.46138
-0.75509
-0.34357
0.42562
-0.81712
-0.38412
0.18377
0.12785
0.10965
-0.33992
-0.20468
0.11163
-0.048725
-0.20094
-0.13689
0.55262
0.34869
-0.26615
0.4281
-0.20945
-0.28106
0.40999
0.19667
-0.68018
0.024293
-0.25697
0.00016733
-0.20316
0.30125
-0.46459
-0.49146
0.16185
0.28715
-0.084618
-0.51035
-0.31473
0.12428
-0.19495
-0.035873
-0.05577
0.41669
0.10243
-0.21702
0.62754
-0.30332
-0.065828
0.050446
0.21008
-1.105
-0.10262
0.086137
0.67382
-0.098028
-0.019607
0.038077
-0.36247
0.061076
0.19153
-0.20738
-0.69354
-0.37727
-0.096095
-0.21001
0.15697
0.063138
0.16691
-0.14957
-0.36761
0.30051
-0.25881
-0.081461
-0.045134
-0.18102
-1.0045
-0.12307
0.3702
1.1216
-0.18053
-0.16218
0.21132
-0.068846
0.10293
-0.12345
-0.073867
-0.4926
-0.33696
-0.31143
-0.28097
0.14425
0.15447
0.12232
0.026084
-0.51567
-0.34302
-0.30953
-0.20318
-0.2439
-0.76868
-0.4775
-0.24052
0.31713
1.0497
-0.28447
0.058908
0.29739
0.40764
0.3362
-0.2899
0.17601
0.26736
-0.18692
-0.32804
-0.34861
0.015885
0.2484
0.18503
0.22766
-0.3345
-0.5616
-0.42529
-0.44287
-0.51097
-0.85757
-0.17139
-0.37239
0.01839
0.56343
-0.40117
0.3921
0.45684
0.45143
0.49872
-0.3121
0.032496
0.80416
-0.13519
-0.26425
-0.21265
-0.26707
0.41627
0.20511
0.60191
-0.16305
-0.32362
-0.27626
-0.53411
-0.57572
-0.44012
-0.033996
-0.17164
-0.11512
0.19654
-0.5039
0.35513
0.45962
0.15941
0.48028
-0.17076
-0.12799
0.89835
-0.23913
-0.15675
-0.051798
-0.7086
0.55365
-0.003058
0.84222
-0.34651
-0.13414
-0.01693
-0.36196
-0.43088
-0.012912
-0.043972
0.28814
0.028347
0.1468
-0.59444
0.13952
0.2649
-0.042141
0.35078
0.015387
-0.080196
0.51153
-0.1392
0.1031
0.088772
-0.82628
0.26205
-0.59181
0.71127
-0.7128
-0.099985
-0.011951
-0.26929
-0.25127
0.30404
-0.10675
0.88725
0.099364
-0.04992
-0.56286
-0.04136
-0.045599
-0.15543
0.28658
-0.054413
0.034647
0.22937
-0.048535
0.32234
0.086048
-0.38983
-0.09568
-1.0202
0.46695
-0.77273
-0.14626
-0.15789
-0.29477
-0.093209
0.3442
0.012863
1.1221
-0.052768
-0.2427
-0.23558
-0.25269
-0.27337
-0.27928
0.33536
-0.3508
0.0022494
0.063833
0.082623
0.31858
-0.073078
0.3612
-0.25759
-0.94522
0.29412
-0.66326
-0.19729
-0.36605
-0.35003
-0.023733
0.10768
0.027745
0.86782
-0.071227
-0.22419
0.51461
-0.34889
-0.48626
-0.33769
0.40714
-0.53287
-0.074273
-0.071943
0.2682
0.28896
-0.14537
0.663
-0.40317
-0.43755
0.060864
-0.46381
-0.20819
-0.48996
-0.35496
-0.13183
0.050679
-0.15861
0.40165
0.10846
-0.22691
1.149
-0.29424
-0.43319
-0.22341
0.47977
-0.70242
-0.3129
-0.11786
0.28995
0.33582
-0.19622
0.32026
-0.36672
0.061278
-0.24457
-0.090924
-0.0802
-0.41027
-0.29005
-0.16769
0.12919
-0.26718
-0.11278
0.13552
-0.23926
1.0822
-0.16067
-0.23287
0.14035
0.26512
-0.49359
-0.48545
-0.15098
0.15482
0.21101
-0.16276
0.13918
-0.27704
0.28921
-0.37689
0.14591
-0.029618
-0.27227
-0.15151
-0.14147
-0.12298
-0.22033
-0.20139
0.10746
-0.11229
0.6501
-0.23608
-0.11748
0.17702
0.04408
0.17397
0.44994
-0.015588
-0.13451
-0.21417
0.357
-0.23702
-0.22397
0.47927
0.030071
-0.093824
-0.34452
-0.10469
-0.53195
0.39286
0.18684
-0.088058
-0.28439
-0.3734
-0.485
-0.16199
0.35786
-0.74443
-0.26076
-0.017915
0.22117
0.39213
-0.25139
-0.12911
-0.057307
0.17288
-0.17066
-0.23632
0.71952
0.0078167
-0.21905
-0.35056
-0.22572
-0.42958
0.48254
0.17333
-0.17558
-0.1227
-0.33998
-0.65361
-0.18779
0.41661
-1.0405
-0.43689
-0.074949
0.25884
0.20126
-0.31563
-0.19942
0.070041
-0.18069
-0.0046623
-0.10028
0.76317
0.062879
-0.35624
0.048193
-0.37987
-0.086554
0.34416
0.14085
-0.51965
-0.0399
-0.25233
0.074451
-0.23678
0.30659
-1.0698
-0.46215
-0.21466
0.23896
0.15247
-0.44115
-0.26053
0.09716
-0.3233
0.14807
0.037374
0.64922
-0.079266
-0.39417
0.31065
-0.31776
0.19319
0.07059
0.013381
-0.92152
0.0071085
0.0072875
0.90442
-0.21084
0.075735
-0.80134
-0.2475
-0.36446
0.17919
0.062614
-0.67645
-0.25968
-0.06243
-0.30688
0.18187
0.15817
0.36266
-0.19236
-0.37987
0.063174
-0.24623
0.12507
-0.13477
-0.31294
-0.84551
0.081966
0.20123
1.4327
-0.14372
-0.08312
-0.56396
0.12732
-0.25345
-0.10899
0.035552
-0.45299
-0.28277
-0.27413
-0.19691
0.043766
0.21873
0.056171
-0.14282
-0.28831
-0.52511
-0.46449
0.090929
-0.3473
-0.66293
-0.24633
-0.0059327
0.13341
1.3545
-0.20758
0.082523
-0.30056
0.60201
0.12172
-0.44492
0.25522
0.2682
-0.17871
-0.31848
-0.1384
-0.14094
0.25707
-0.15426
0.14381
-0.069903
-0.51745
-0.6967
0.073915
-0.38388
-0.77944
-0.040413
-0.20738
-0.025057
0.92502
-0.33239
0.23782
-0.023481
0.59344
0.39929
-0.62928
0.3465
0.68046
-0.16809
-0.27908
-0.10359
-0.4068
0.39523
-0.20488
0.49413
0.21075
-0.14401
-0.55181
0.14527
-0.36517
-0.49949
-0.12466
-0.12673
-0.043602
0.41315
-0.50667
0.246
0.21115
0.33401
0.42182
-0.3946
0.22344
0.82037
-0.27348
-0.24819
-0.055753
-0.72603
0.44067
-0.29033
0.76752
0.072655
-0.012035
-0.23713
0.079991
-0.38161
-0.17423
-0.30087
0.35843
-0.017907
0.19153
-0.63261
0.084216
0.18145
0.092922
0.44254
-0.010101
0.075239
0.72184
-0.14287
-0.14218
0.04944
-0.70474
0.16975
-0.58686
0.82093
-0.34152
-0.050311
-0.18353
0.039427
-0.2901
0.10541
-0.29808
1.0521
-0.049234
-0.054235
-0.5216
-0.11944
-0.096554
-0.096971
0.51271
-0.01772
-0.10485
0.54743
0.064826
-0.068552
0.09382
-0.26768
-0.15054
-0.87543
0.64657
-0.67063
-0.1809
-0.19746
-0.051198
-0.032717
0.15038
-0.056455
1.1307
-0.10245
-0.18243
0.029167
-0.36454
-0.24297
-0.13702
0.47337
-0.38287
-0.23398
0.16976
0.057291
-0.11157
-0.01272
0.28702
-0.3643
-0.63232
0.61867
-0.72671
-0.13897
-0.33207
-0.20997
0.039053
0.044863
1.198e-05
0.724
0.01782
-0.20956
1.0112
-0.39307
-0.32102
-0.16485
0.43456
-0.72761
-0.28169
-0.094652
-0.04848
-0.036902
-0.10169
0.41688
-0.43115
-0.0087525
0.46259
-0.53359
-0.069376
-0.52769
-0.35626
-0.20556
0.035308
-0.10233
0.2457
0.25622
-0.28225
1.6624
-0.35115
-0.23965
-0.1111
0.39954
-0.91284
-0.39743
-0.11786
0.032262
-0.043595
-0.057397
0.16862
-0.3523
0.36024
0.086276
-0.13784
-0.081911
-0.62417
-0.22823
-0.30881
0.14792
-0.22597
-0.12546
0.31532
-0.28549
1.3555
-0.22766
-0.12808
0.084358
0.15285
-0.60218
-0.54937
-0.14485
0.019977
-0.059645
-0.014049
0.087842
-0.22773
0.42994
-0.076135
0.16211
-0.10253
-0.38623
-0.10074
-0.33345
0.16035
-0.33069
-0.1747
0.15563
-0.14567
0.7298
-0.22525
-0.10987
0.12315
0.1664
0.21408
0.25971
-0.24065
-0.0070501
-0.14953
0.48866
-0.1816
-0.17559
0.42781
-0.017771
0.009563
-0.42982
-0.14053
-0.25106
0.13515
0.17255
-0.081692
-0.15663
-0.21246
-0.45832
-0.19715
0.37719
-0.71438
-0.26272
-0.051708
0.32867
0.36433
-0.38225
-0.10512
-0.017802
0.37632
-0.096262
-0.20621
0.72629
-0.11492
-0.014706
-0.54173
-0.14204
-0.11529
0.10366
0.20077
-0.16445
-0.085749
-0.057059
-0.58323
-0.084861
0.34701
-1.0508
-0.37846
-0.31675
0.30783
0.32491
-0.30204
-0.18621
0.11079
0.11301
0.032803
-0.12184
0.83122
-0.13193
-0.043558
-0.42223
-0.2363
0.2539
0.10915
0.01616
-0.26903
0.058003
-0.24208
-0.012793
-0.12691
0.21086
-1.1944
-0.43063
-0.45904
0.17404
0.29155
-0.48362
-0.20914
0.17884
-0.15356
0.097996
0.0081432
0.70754
-0.065885
-0.15371
-0.14874
-0.17934
0.36993
0.0011342
-0.24391
-0.48882
0.2045
-0.29049
0.78137
-0.1667
0.030198
-1.0539
-0.19779
-0.47722
0.15666
0.18876
-0.7096
-0.17938
0.076645
-0.23395
-0.0034681
0.20962
0.30938
-0.054074
-0.067804
-0.27193
-0.16151
0.2343
-0.17356
-0.4866
-0.47944
0.27477
-0.16732
1.1637
-0.096795
0.022208
-0.82594
0.25609
-0.22943
-0.042566
0.1314
-0.47912
-0.22508
-0.094543
-0.15118
-0.10534
0.31918
-0.18123
-0.1684
0.164
-0.67274
-0.41041
0.34159
-0.36765
-0.68733
-0.09012
0.15824
-0.092426
1.1301
-0.068889
0.13905
-0.55272
0.64899
0.24953
-0.50736
0.29566
0.11125
-0.1684
-0.21689
-0.1199
-0.25373
0.29416
-0.53569
-0.0043945
0.37101
-0.50475
-0.71294
0.56022
-0.29745
-0.81284
0.035174
-0.090549
-0.079439
0.9075
-0.030788
0.23411
-0.29126
0.57741
0.38309
-0.72053
0.4849
0.42717
-0.24284
-0.30334
-0.12022
-0.56327
0.40356
-0.56454
0.25325
0.45048
-0.12795
-0.62474
0.72133
-0.1688
-0.63511
-0.084866
-0.15431
-0.13493
0.55279
-0.22447
0.19322
-0.055471
0.33124
0.25187
-0.39287
0.55658
0.56707
-0.40783
-0.33658
-0.12458
-0.64543
0.51405
-0.51753
0.42119
0.4194
0.017517
-0.3004
0.4229
-0.26535
-0.2837
-0.26183
0.25994
-0.1843
0.12065
-0.37024
0.075688
0.038714
0.11461
0.15797
0.069705
0.37541
0.6276
-0.31162
-0.28155
0.035702
-0.44788
0.32757
-0.50069
0.4817
0.1933
0.038265
-0.12554
0.24064
-0.25913
0.062267
-0.18947
0.82582
-0.18563
-0.16377
-0.23703
-0.15737
-0.15022
-0.00059758
0.16372
0.06792
-0.011042
0.38523
-0.030934
-0.12356
0.14382
-0.11214
-0.076772
-0.56301
0.39872
-0.2265
-0.12111
0.044034
0.21866
-0.020482
0.044339
0.051633
0.86301
-0.10318
-0.18512
0.30134
-0.39347
-0.1266
0.021492
0.19601
-0.30964
-0.20576
-0.049534
-0.0024004
-0.056632
0.12418
0.21886
-0.36786
-0.2439
0.40545
-0.44295
-0.073873
0.11264
-0.04219
0.036351
-0.04357
0.19591
0.54294
0.018795
-0.12957
1.0768
-0.38592
-0.019686
0.025214
0.21596
-0.77622
-0.38198
-0.1546
-0.12176
-0.055249
0.017285
0.28792
-0.36079
0.32967
0.27735
-0.2849
-0.0033053
-0.068335
-0.29779
-0.058775
0.00019349
0.09034
0.24
0.092347
-0.17621
1.4941
-0.28682
0.00022063
0.060152
0.23681
-0.93475
-0.50689
-0.021788
-0.15086
-0.14475
0.12418
0.17468
-0.32024
0.57241
0.094041
-0.0091648
-0.091144
-0.38514
-0.23851
-0.20544
0.11892
-0.15254
0.069585
0.13976
-0.19268
1.1914
-0.1366
0.093523
0.12185
0.14694
-0.5128
-0.57837
0.029893
-0.10706
-0.17482
0.086828
0.16927
-0.25788
0.39992
0.04435
0.099119
-0.22219
-0.37319
-0.07794
-0.24296
0.23595
-0.2929
0.059944
0.0011088
-0.095583
0.68867
-0.10514
0.083203
0.1605
0.11579
0.087414
0.072896
-0.28929
-0.036096
-0.055061
0.21721
-0.08405
0.032032
0.17475
-0.06507
0.15285
-0.44999
-0.21565
-0.047707
0.14172
0.21327
-0.042419
-0.086288
-0.14006
-0.55063
-0.21177
-0.022323
-0.33631
-0.0016538
0.0061108
0.24117
0.22396
-0.33697
-0.11908
0.038032
0.20369
-0.073448
0.00064047
0.40778
-0.040518
0.13099
-0.56498
-0.14898
0.038818
-0.033259
0.16513
-0.16844
0.12066
0.054927
-0.54933
-0.027925
0.025418
-0.65989
-0.13667
-0.19305
0.2381
0.2869
-0.33699
-0.15453
0.10802
0.18577
-0.13501
-0.026465
0.64796
-0.010761
0.11759
-0.58465
-0.11784
0.32161
-0.029784
-0.10276
-0.097941
0.16922
-0.17096
-0.16457
0.043414
0.022713
-0.6996
-0.19913
-0.22211
0.078154
0.23489
-0.45372
-0.14151
0.19499
-0.09959
-0.17762
0.016787
0.54892
0.020002
0.12711
-0.37564
-0.054828
0.36397
-0.077038
-0.3288
-0.14916
0.18035
-0.26745
0.47362
-0.077133
-0.095088
-0.60479
0.022042
-0.21543
-0.018843
0.11913
-0.49106
-0.23464
0.15283
-0.23912
-0.11134
0.16561
0.094123
0.014576
0.15812
-0.39037
-0.018348
0.23106
-0.21442
-0.49494
-0.20934
0.1451
-0.21115
0.69703
-0.15828
-0.083218
-0.62142
0.30323
-0.061181
-0.099367
0.088138
-0.40493
-0.22948
0.069821
-0.086299
-0.08962
0.26169
-0.276
-0.10447
0.30212
-0.58542
-0.23011
0.26872
-0.3202
-0.59374
-0.083646
-0.036025
-0.11051
0.59378
-0.12246
0.03132
-0.58298
0.44991
0.23269
-0.48204
0.27089
-2.5044e-05
-0.22998
-0.12284
-0.0081445
-0.23415
0.30882
-0.48144
0.080326
0.4013
-0.40133
-0.44358
0.47453
-0.27067
-0.63331
-0.00027774
-0.22903
-0.19022
0.53899
0.00408
0.099103
-0.43815
0.37479
0.2888
-0.68554
0.44919
0.28818
-0.30828
-0.24007
0.061092
-0.46691
0.38646
-0.57871
0.097728
0.40512
-0.22424
-0.38573
0.53733
-0.1604
-0.48813
-0.10071
-0.18692
-0.32725
0.44651
-0.11612
0.025639
-0.16713
0.24937
0.20276
-0.40724
0.52675
0.37963
-0.41982
-0.26471
-0.03466
-0.40952
0.52999
-0.55425
0.16489
0.38147
-0.15151
-0.15043
0.32405
-0.15658
-0.22837
-0.20432
0.11841
-0.22173
0.067995
-0.2136
0.046338
-0.11459
0.11418
0.060863
-0.010036
0.31217
0.3674
-0.30393
-0.15436
-0.021937
-0.19513
0.40703
-0.46834
0.25541
0.27398
-0.02356
-0.06831
0.10344
-0.13452
0.095492
-0.11177
0.41366
-0.045912
-0.12964
-0.054464
-0.10221
-0.099565
0.026199
-0.045328
0.019524
0.030516
0.17054
-0.050821
-0.026406
-0.072232
0.0010391
-0.027529
-0.43758
0.21104
0.0015976
-0.052643
0.15325
0.022542
-0.034679
0.069355
0.07248
0.42006
0.083088
0.082532
0.26408
-0.33001
0.045593
0.075018
-0.050013
-0.17211
-0.059686
-0.11432
0.12309
0.058631
-0.10816
0.20143
-0.33667
-0.15988
0.20301
-0.087358
0.0080879
0.37431
0.051334
0.01265
-0.037735
0.19416
0.34959
0.011644
0.16333
0.56531
-0.29966
0.084338
0.072042
-0.039193
-0.53404
-0.22136
-0.08718
0.1099
0.028534
-0.0040081
0.26235
-0.29179
0.38634
0.1982
0.062481
0.086779
0.28006
-0.12993
-0.059396
0.067442
0.086293
0.28112
0.03783
0.048251
0.81775
-0.18084
0.098955
-0.060589
0.064997
-0.6096
-0.38605
0.018395
0.015111
-0.21876
0.20728
0.14596
-0.23083
0.39305
0.018393
0.041251
-0.023245
-0.058903
-0.19795
-0.21641
0.042357
-0.036351
0.24121
0.11203
-0.025485
0.83239
0.030464
0.13671
-0.077167
0.17733
-0.24508
-0.44682
0.070738
0.0573
-0.29402
0.11298
-0.0078057
-0.27871
-0.004167
-0.017813
-0.10992
-0.11656
-0.16257
-0.16919
-0.25661
0.027294
-0.15689
0.21604
-0.018733
-0.017212
0.56674
-0.027006
0.088534
0.0074007
0.34736
0.38215
0.21454
0.048242
-0.054358
-0.19704
-0.41688
-0.49331
-0.37737
-0.25085
-0.17291
-0.33064
-0.51042
-0.51816
-0.35185
0.17764
0.18935
0.18041
0.18556
0.053948
-0.17827
-0.37885
-0.45564
-0.39173
-0.25478
-0.2251
-0.44294
-0.62951
-0.5316
-0.35489
0.027599
-0.0047342
-0.063976
-0.09387
-0.24563
-0.42897
-0.40746
-0.33406
-0.23302
-0.078544
-0.12076
-0.42961
-0.5562
-0.49167
-0.42977
0.076769
-0.13576
-0.41063
-0.54586
-0.69818
-0.78164
-0.71831
-0.59616
-0.44137
-0.23724
-0.21666
-0.40585
-0.4835
-0.46922
-0.49255
0.061405
-0.28971
-0.69261
-0.85697
-0.92741
-0.99018
-1.0084
-0.92095
-0.75102
-0.59313
-0.51926
-0.46096
-0.36694
-0.28345
-0.31153
-0.019104
-0.32302
-0.65197
-0.80157
-0.7302
-0.73836
-0.86227
-0.89346
-0.80624
-0.76584
-0.71987
-0.45131
-0.10937
0.047889
0.055175
-0.017123
-0.18717
-0.27921
-0.31894
-0.22833
-0.25494
-0.46295
-0.58127
-0.61032
-0.6407
-0.6307
-0.3702
-0.037942
0.072222
0.15205
-0.082851
-0.085015
0.15798
0.29096
0.44003
0.45308
0.28749
0.13954
-0.038693
-0.21568
-0.35488
-0.35684
-0.16964
-0.093327
-0.080867
-0.069731
0.13288
0.52965
0.66615
0.71492
0.86066
0.94422
0.845
0.64202
0.33891
0.070906
-0.11154
-0.098671
-0.14532
-0.25238
0.11245
0.38505
0.72198
0.76876
0.7087
0.91794
1.181
1.1798
0.99505
0.61219
0.32103
0.31578
0.32679
0.13553
-0.11828
0.12943
0.28566
0.51636
0.5985
0.60792
0.77845
1.0716
1.1553
0.91839
0.47706
0.28212
0.49914
0.64926
0.55544
0.26898
0.016909
0.074756
0.13316
0.098228
0.15295
0.40537
0.64259
0.75934
0.61736
0.44796
0.44188
0.54478
0.65481
0.66585
0.47825
0.039994
0.017463
-0.12935
-0.32885
-0.33787
-0.062949
0.30366
0.55262
0.54188
0.53252
0.58782
0.54349
0.57145
0.58963
0.50768
0.16686
0.059406
-0.25056
-0.46446
-0.50079
-0.15356
0.3285
0.53693
0.39423
0.26567
0.22799
0.20647
0.26878
0.36359
0.39697
0.21089
0.1156
-0.12855
-0.20721
-0.1448
0.054973
0.28982
0.33889
0.17509
0.0022233
-0.091612
-0.14631
-0.04128
0.088549
0.14639
0.24718
0.24892
0.20371
0.2899
0.39297
0.13168
-0.4587
-0.87685
-0.82724
-0.27369
0.2848
0.60786
0.59065
0.21082
-0.033671
0.34484
0.42234
0.36324
0.53171
0.79898
0.70136
0.043464
-0.56352
-0.7817
-0.37708
0.3323
0.7704
0.71822
0.27853
-0.17929
0.44524
0.44065
0.20803
0.35494
0.83916
1.0226
0.55503
-0.097633
-0.49361
-0.37638
0.23013
0.78443
0.72509
0.14829
-0.28993
0.35959
0.23525
-0.088415
-0.032514
0.50851
0.81132
0.49719
-0.0031683
-0.38283
-0.42673
0.12822
0.67131
0.59947
0.0020826
-0.38073
0.091971
-0.01011
-0.27572
-0.23288
0.21115
0.47691
0.25346
-0.13125
-0.36952
-0.34384
0.098048
0.49575
0.32292
-0.24882
-0.5117
0.034535
0.021963
-0.1943
-0.25828
0.02062
0.32326
0.24608
0.02522
-0.051882
0.053734
0.26785
0.24157
-0.15359
-0.58803
-0.5943
0.062248
0.13251
0.079068
0.05056
0.26444
0.46787
0.40837
0.36278
0.38679
0.43684
0.52882
0.15774
-0.45757
-0.78118
-0.54261
-0.010312
0.058605
0.17178
0.44886
0.71835
0.73075
0.55545
0.57186
0.62417
0.64741
0.58494
0.071782
-0.66605
-0.99944
-0.56967
-0.13454
-0.094509
0.13708
0.53084
0.77241
0.62176
0.49211
0.58771
0.70567
0.72099
0.4875
-0.20192
-0.9525
-1.1944
-0.68559
-0.25337
-0.30295
-0.089769
0.28744
0.46831
0.27699
0.21258
0.3599
0.52716
0.58749
0.26334
-0.34267
-0.90008
-1.0294
-0.77527
-0.22739
-0.26724
-0.11719
0.20064
0.26394
-0.0071047
-0.074746
0.04404
0.29006
0.29984
-0.0070889
-0.4458
-0.74826
-0.81027
-0.69583
0.049536
0.12956
0.16028
0.35983
0.27307
-0.13091
-0.38158
-0.33146
-0.057137
0.13054
-0.014914
-0.40246
-0.7722
-0.87778
-0.6056
0.21963
0.40012
0.38129
0.51742
0.35669
-0.12611
-0.60858
-0.69966
-0.39814
-0.0068115
0.060159
-0.39538
-0.94586
-1.1028
-0.6456
0.20817
0.44546
0.37833
0.36985
0.24729
-0.1294
-0.66301
-0.88759
-0.62663
-0.17174
-0.042165
-0.46517
-0.99565
-1.1387
-0.7178
0.10859
0.36322
0.35658
0.22858
0.13592
-0.14076
-0.53954
-0.72532
-0.48198
-0.1288
-0.08123
-0.36486
-0.73869
-0.79394
-0.47928
0.02529
-0.009379
0.10515
0.13937
0.011145
-0.077973
0.12435
0.44702
0.52953
0.36302
0.14673
-0.077439
-0.28352
-0.47961
-0.38005
-0.028653
-0.00020668
0.095215
0.12054
-0.02098
-0.15563
0.075844
0.60461
0.85804
0.62973
0.27895
-0.11556
-0.52342
-0.81748
-0.70321
-0.18815
-0.10283
0.1056
0.14588
0.031279
-0.1126
0.018766
0.53134
0.8995
0.85682
0.37604
-0.33918
-0.92173
-1.1666
-0.88499
-0.26576
-0.29823
-0.18028
-0.11715
-0.12056
-0.12347
0.011016
0.39502
0.74245
0.86973
0.43705
-0.47831
-1.2299
-1.3679
-0.8952
-0.26418
-0.43305
-0.39489
-0.39167
-0.26803
-0.10896
0.10734
0.45055
0.78246
0.92538
0.5635
-0.32405
-1.1569
-1.4213
-0.92161
-0.13583
-0.27857
-0.25735
-0.3145
-0.33671
-0.21304
0.079237
0.49536
0.7768
0.96637
0.7399
0.041731
-0.83543
-1.357
-1.0693
0.14328
0.056985
-0.010561
-0.15623
-0.39506
-0.3529
0.011369
0.37763
0.51238
0.60799
0.66124
0.21278
-0.54085
-1.1431
-1.0326
0.30511
0.36393
0.21166
-0.10333
-0.33257
-0.2418
0.05822
0.20627
0.12583
0.17382
0.42729
0.22054
-0.41398
-0.9326
-0.91956
0.26349
0.45235
0.33104
0.014012
-0.20481
-0.086174
0.076127
-0.037064
-0.16483
0.036167
0.41701
0.24998
-0.37301
-0.87841
-0.89259
0.34018
0.50097
0.35027
0.03737
-0.15054
-0.084083
0.049909
-0.13693
-0.22194
0.092844
0.52936
0.45596
-0.11099
-0.61349
-0.63542
0.50696
0.58588
0.31147
-0.039413
-0.14613
-0.070945
-0.012229
-0.11937
-0.18489
0.10815
0.47919
0.384
0.053925
-0.33563
-0.42353
0.51249
0.55123
0.29878
-0.030773
-0.13689
0.023372
0.14004
0.064867
-0.10554
0.040246
0.26282
0.16283
-0.050338
-0.35108
-0.47025
0.50194
0.54483
0.3713
0.13878
0.067046
0.19877
0.4262
0.50476
0.2923
0.069105
-0.0040413
-0.1205
-0.28874
-0.57068
-0.62882
0.38324
0.50928
0.46633
0.3451
0.25604
0.26327
0.52739
0.76051
0.69843
0.40398
0.06895
-0.21378
-0.44654
-0.71759
-0.69958
0.15806
0.27036
0.34517
0.23195
0.087042
0.038036
0.3564
0.59028
0.62226
0.54659
0.26011
-0.10926
-0.35618
-0.51943
-0.50933
-0.21084
-0.29139
-0.23188
-0.035626
0.21703
0.4744
0.5233
0.32057
-0.023111
-0.25895
-0.29005
-0.36595
-0.27041
-0.085199
-0.019787
-0.37237
-0.38441
-0.28275
-0.044604
0.34717
0.66382
0.63285
0.40455
0.01081
-0.41265
-0.48896
-0.46023
-0.34363
-0.065156
0.090075
-0.39195
-0.43932
-0.45379
-0.37686
0.019917
0.52144
0.66916
0.56634
0.17022
-0.27857
-0.49659
-0.37018
-0.098678
0.11752
0.18426
-0.30364
-0.4095
-0.54794
-0.66719
-0.38531
0.24375
0.65963
0.71694
0.4176
-0.017242
-0.2821
-0.13878
0.2058
0.29636
0.16348
-0.11134
-0.24652
-0.46106
-0.61404
-0.38959
0.10528
0.6018
0.71235
0.41498
-0.018749
-0.13177
0.10223
0.36218
0.34419
0.23372
0.14222
0.0784
-0.1668
-0.37012
-0.40098
-0.077301
0.45629
0.74164
0.4718
-0.022295
-0.22445
-0.033775
0.11988
0.18756
0.24863
0.2739
0.24344
-0.039143
-0.35954
-0.51099
-0.23649
0.42643
0.93334
0.74443
0.16042
-0.21011
-0.31393
-0.29862
-0.13339
0.038429
0.23739
0.21296
-0.18528
-0.62357
-0.79066
-0.44623
0.35989
1.0297
0.91671
0.3648
-0.10852
-0.30811
-0.41646
-0.34747
-0.17946
0.16776
0.14207
-0.27381
-0.75708
-0.95681
-0.68796
0.22427
1.0905
1.0832
0.51804
-0.02886
-0.2498
-0.38588
-0.38533
-0.23482
0.11971
0.042619
-0.30237
-0.70635
-0.96748
-0.81339
0.11012
1.1078
1.1469
0.56763
0.023247
-0.21647
-0.4038
-0.4146
-0.20807
-0.010323
-0.12584
-0.35514
-0.70429
-0.95381
-0.82403
0.11435
1.1445
1.2043
0.59382
0.13849
-0.10143
-0.30899
-0.3249
-0.17121
-0.077235
-0.18886
-0.38472
-0.73561
-0.96188
-0.73975
0.25267
1.219
1.2965
0.83549
0.44256
0.093071
-0.13999
-0.20592
-0.21058
-0.15396
-0.28385
-0.38766
-0.66019
-0.89328
-0.64032
0.29428
1.0949
1.1887
0.97192
0.67021
0.24739
-0.05104
-0.13494
-0.21674
-0.26855
-0.36921
-0.43248
-0.65606
-0.82284
-0.53979
0.21188
0.82945
0.89064
0.7948
0.53436
0.17035
-0.038188
0.0041266
-0.0020416
-0.23803
-0.29759
-0.33369
-0.60359
-0.71004
-0.37646
0.099593
0.50367
0.49304
0.41835
0.3221
0.080409
-0.091815
0.052787
0.14701
-0.26807
-0.35872
-0.35442
-0.32717
-0.34127
-0.077241
0.28672
0.44652
0.35014
0.25325
0.089975
-0.24785
-0.57233
-0.61823
-0.47581
-0.38317
-0.57043
-0.53012
-0.32784
-0.18367
0.11554
0.46254
0.69099
0.68882
0.50242
0.1623
-0.30926
-0.65059
-0.83138
-0.70082
-0.30568
-0.50043
-0.42114
-0.27926
-0.09646
0.29307
0.71855
1.0989
1.1559
0.85788
0.411
-0.035931
-0.36151
-0.55855
-0.56327
0.016026
-0.073949
-0.19592
-0.27709
-0.23967
0.0032892
0.54274
1.159
1.4402
1.234
0.84377
0.53963
0.28513
0.096436
-0.057414
0.40618
0.51253
0.20845
-0.13334
-0.33271
-0.43106
-0.13702
0.61959
1.0812
1.0296
0.99848
1.05
1.0473
0.85676
0.45657
0.61224
0.75053
0.3823
-0.15572
-0.5427
-0.77024
-0.68788
-0.24124
0.31293
0.65615
0.91777
1.2361
1.3417
1.0848
0.6236
0.50071
0.61162
0.34724
-0.091382
-0.47447
-0.73771
-0.83309
-0.71098
-0.31395
0.27085
0.69133
0.91649
0.97423
0.81322
0.53938
0.12081
0.16212
0.11222
0.039181
-0.13959
-0.45214
-0.69031
-0.78258
-0.6434
-0.2342
0.17164
0.3019
0.30986
0.21594
0.17092
-0.10339
-0.1108
-0.028818
0.088774
0.055903
-0.19721
-0.43354
-0.58211
-0.72113
-0.6044
-0.33368
-0.1547
-0.047408
-0.1374
-0.14234
-0.14778
-0.17436
-0.045232
0.12018
0.017377
-0.1277
-0.14928
-0.29812
-0.65538
-0.77182
-0.49667
-0.16541
0.048258
-0.065359
-0.18017
-0.20067
-0.31015
-0.19208
-0.06425
-0.15134
-0.16656
-0.038875
-0.14681
-0.50699
-0.59221
-0.3262
0.070442
0.33034
0.27824
0.093068
-0.17223
-0.30101
-0.31556
-0.33307
-0.39932
-0.32503
-0.17051
-0.24905
-0.41565
-0.3807
-0.15814
0.17894
0.38298
0.4315
0.30422
-0.0056467
-0.11823
-0.26924
-0.36382
-0.37777
-0.25915
-0.1558
-0.27782
-0.35351
-0.23888
-0.080319
0.055688
-0.0034001
-0.066264
-0.022235
0.05426
-0.065342
-0.21153
-0.25471
-0.25402
-0.21567
-0.11087
-0.30096
-0.44151
-0.24792
-0.0042598
0.0035116
-0.11603
-0.23575
-0.11047
0.088745
-0.077942
-0.18059
-0.10904
-0.11254
-0.22884
-0.23992
-0.32482
-0.42607
-0.24362
0.045316
0.092458
-0.00069164
-0.07831
-0.0059871
0.0082329
-0.010889
-0.0062003
0.056722
-0.0031228
-0.36716
-0.63205
-0.6322
-0.56519
-0.50909
-0.35512
-0.075156
0.022444
-0.020251
0.041111
-0.11381
-0.24699
-0.29203
-0.28043
-0.4523
-0.83813
-1.0892
-1.0552
-0.73868
-0.50588
-0.34401
-0.11986
-0.087944
-0.019633
0.091762
-0.35512
-0.62259
-0.68963
-0.66754
-0.76866
-0.91318
-0.93322
-0.64524
-0.24877
0.14779
0.34635
0.31039
0.19219
0.11868
0.050957
-0.40452
-0.75312
-0.79475
-0.57327
-0.38474
-0.23529
0.060114
0.46153
0.80172
0.93554
0.87314
0.62419
0.42363
0.34471
0.13649
-0.11658
-0.36953
-0.23936
0.18478
0.64944
0.86906
1.0368
1.2244
1.2454
1.1123
0.85834
0.44554
0.16747
0.13328
0.050162
0.20059
0.15823
0.50195
1.04
1.3757
1.4186
1.1671
0.83872
0.63636
0.50518
0.2032
-0.19724
-0.39488
-0.30057
-0.13299
0.29249
0.3088
0.5667
0.91254
0.94571
0.73572
0.31852
-0.081751
-0.2632
-0.3107
-0.47555
-0.68086
-0.74042
-0.4465
-0.058141
0.23593
0.10996
-0.066799
-0.094935
-0.13908
-0.11613
-0.14533
-0.43229
-0.64304
-0.70829
-0.74941
-0.75251
-0.68844
-0.38009
0.001005
0.055428
-0.23358
-0.46872
-0.45369
-0.57594
-0.48341
-0.16764
-0.16532
-0.2564
-0.23272
-0.27122
-0.26417
-0.151
0.042566
0.16536
-0.18189
-0.24486
-0.22283
-0.19358
-0.41023
-0.42886
-0.10258
0.097456
0.26503
0.4248
0.46587
0.56028
0.60048
0.66379
0.55642
-0.19672
-0.013921
0.16911
0.19019
-0.12112
-0.31861
-0.16753
-0.027875
0.18148
0.46303
0.64293
0.74176
0.74096
0.7054
0.56991
-0.26932
-0.036744
0.26143
0.23704
-0.067188
-0.29086
-0.2866
-0.27937
-0.1904
0.10844
0.36253
0.38563
0.3251
0.36907
0.31851
-0.27711
-0.020706
0.18555
0.12318
-0.066603
-0.17583
-0.18938
-0.29414
-0.36708
-0.19179
-0.01735
0.062071
-0.0071713
-0.025759
-0.010702
-0.15054
0.033111
0.22839
0.17339
0.030998
-0.0066137
-0.17604
-0.3286
-0.38262
-0.32801
-0.19102
-0.079928
-0.085761
-0.13988
-0.096324
-0.021982
0.034207
0.1723
0.17712
0.10803
0.072237
-0.13704
-0.28315
-0.23192
-0.16503
-0.081567
-0.024995
0.042378
0.015909
-0.0049351
-0.52515
-0.81251
-0.97746
-0.72938
-0.0013434
0.6038
0.74189
0.56326
0.2091
-0.13719
-0.2337
-0.31907
-0.31444
-0.11658
0.022851
-0.72376
-1.186
-1.3623
-0.81963
0.31531
0.94027
0.96786
0.59041
0.036388
-0.26671
-0.27491
-0.25671
-0.21115
-0.041928
0.05135
-0.82931
-1.3675
-1.3626
-0.40455
0.85066
1.2411
1.0825
0.63967
0.0033055
-0.30378
-0.32632
-0.27351
-0.11521
0.052895
0.11197
-0.88886
-1.2671
-0.83057
0.34331
1.3162
1.4162
1.0668
0.49965
-0.088117
-0.3365
-0.41921
-0.34065
-0.10356
0.010233
0.03089
-0.91229
-0.86904
-0.1149
0.928
1.3401
1.2003
0.80025
0.15579
-0.3269
-0.44332
-0.4475
-0.28038
-0.078863
-0.085135
-0.1646
-0.7934
-0.49488
0.36707
1.0274
1.0884
0.76708
0.27398
-0.26368
-0.52432
-0.4159
-0.28665
-0.15159
-0.10319
-0.18194
-0.23071
-0.47699
-0.0065823
0.71925
0.98119
0.77624
0.3481
-0.2197
-0.56856
-0.53262
-0.28255
-0.123
-0.1488
-0.2432
-0.23656
-0.12823
-0.32127
0.26823
0.84872
0.89367
0.64004
0.19031
-0.28323
-0.51109
-0.38248
-0.13309
-0.048122
-0.16468
-0.25776
-0.20777
-0.16191
-0.16657
0.38007
0.83824
0.86308
0.60735
0.23593
-0.11255
-0.29763
-0.24596
-0.056594
-0.0099222
-0.092342
-0.11774
-0.13665
-0.2072
0.058231
0.52794
0.78174
0.69939
0.38194
0.13173
-0.10091
-0.285
-0.27322
-0.12575
0.058155
0.052704
-0.022065
-0.14941
-0.24775
0.23348
0.43707
0.47028
0.26474
0.049088
-0.050423
-0.18032
-0.27845
-0.18485
-0.022707
0.10593
0.078616
-0.064843
-0.27611
-0.32847
0.39429
0.26341
0.052535
-0.11494
-0.23761
-0.21448
-0.23373
-0.24457
-0.045655
0.094334
0.049801
-0.040631
-0.14031
-0.19596
-0.1117
0.49497
0.29947
-0.02117
-0.28934
-0.49216
-0.30874
-0.16895
-0.14728
-0.048459
0.054775
0.035742
-0.015256
-0.06109
-0.054996
0.023775
0.5159
0.47091
0.21779
-0.18919
-0.41588
-0.095141
0.1309
-0.0030577
-0.088609
0.022487
0.069884
0.083849
0.013553
0.077632
0.086998
0.2869
0.42125
0.32052
-0.10661
-0.27913
0.095225
0.30194
0.069691
-0.1145
-0.034865
0.0081157
-0.041192
-0.016249
0.18387
0.10607
-0.14693
-0.11728
-0.012148
0.0090492
-0.012372
-0.095825
-0.25311
-0.36319
-0.30213
-0.11656
-0.036151
0.10627
0.3911
0.61905
0.50631
0.009377
0.017184
0.042062
0.061152
-0.0094533
-0.17836
-0.37784
-0.45802
-0.38549
-0.27186
-0.15371
0.11131
0.58505
0.94664
0.75353
0.065558
0.06795
0.09044
0.12543
0.03301
-0.092846
-0.31124
-0.45164
-0.41967
-0.45602
-0.37338
0.03884
0.66536
1.0998
0.83234
0.18087
0.15536
0.059273
0.040604
0.044298
-0.0093231
-0.15101
-0.25364
-0.37249
-0.64753
-0.65144
-0.081162
0.69183
1.0936
0.80007
0.16773
0.12657
-0.049484
-0.080039
-0.01082
-0.088505
-0.1712
-0.258
-0.44196
-0.8017
-0.86345
-0.1501
0.79739
1.1119
0.79797
-0.072181
-0.079047
-0.17701
-0.082334
0.05839
-0.0013465
-0.11456
-0.33676
-0.60676
-0.92122
-0.98049
-0.19926
0.78992
1.0607
0.74131
-0.21148
-0.19344
-0.16557
-0.023161
0.16087
0.15914
0.063009
-0.21957
-0.60195
-0.99969
-1.0389
-0.16277
0.8015
0.95413
0.59759
-0.26196
-0.16028
-0.014388
0.053033
0.15047
0.14729
0.085537
-0.096363
-0.50303
-1.0175
-0.94315
0.07731
0.96492
0.9527
0.54209
-0.30625
-0.20259
0.078869
0.16686
0.11421
0.033522
-0.051086
-0.12875
-0.48199
-0.9702
-0.66345
0.48442
1.2376
1.0695
0.58384
-0.29004
-0.28976
-0.040694
0.0586
0.0049892
-0.069691
-0.15167
-0.22869
-0.55233
-0.89151
-0.38385
0.71134
1.2348
0.93351
0.45382
-0.19314
-0.26354
-0.10361
-0.035954
-0.01866
-0.029584
-0.13473
-0.33968
-0.72607
-0.95574
-0.31594
0.71414
1.0903
0.74739
0.32812
-0.15278
-0.15069
0.032551
0.13766
0.12827
0.080761
-0.1001
-0.38586
-0.81352
-1.0014
-0.29219
0.69402
0.90867
0.6071
0.25497
-0.17083
-0.11044
0.13689
0.31191
0.19675
-0.038506
-0.21413
-0.43803
-0.83795
-0.9233
-0.27579
0.49739
0.6278
0.41035
0.22094
-0.17686
-0.12478
0.083589
0.21803
0.029039
-0.18641
-0.30933
-0.5063
-0.73628
-0.63641
-0.14332
0.38813
0.46436
0.26158
0.16524
-0.094606
-0.11719
-0.015834
0.051643
-0.05708
-0.16594
-0.29621
-0.42608
-0.4926
-0.35885
-0.031128
0.3222
0.39409
0.20872
0.10365
-0.30673
-0.36508
-0.3852
-0.26193
-0.14611
-0.0050723
0.030841
-0.17665
-0.35422
-0.52005
-0.49732
-0.099096
0.17086
0.33074
0.3283
-0.32029
-0.29487
-0.23258
-0.12866
-0.10989
-0.18866
-0.31966
-0.49558
-0.60232
-0.72752
-0.6237
-0.066222
0.36282
0.64504
0.63789
-0.11117
0.023699
0.23703
0.31883
0.10729
-0.40088
-0.7768
-0.85759
-0.83493
-0.77609
-0.50174
-0.041176
0.36703
0.64528
0.61969
0.35851
0.63991
0.90626
0.88874
0.40062
-0.45634
-0.94497
-0.9388
-0.83939
-0.65124
-0.3872
-0.16936
0.099592
0.30582
0.32218
0.83953
1.233
1.4674
1.3234
0.79686
0.0014758
-0.57926
-0.75745
-0.6923
-0.49939
-0.36613
-0.34978
-0.2077
-0.12318
-0.058335
0.75821
1.232
1.4065
1.3222
0.97588
0.35333
-0.24089
-0.49037
-0.40957
-0.20858
-0.17059
-0.25326
-0.3401
-0.35902
-0.25457
0.36334
0.7133
0.80994
0.7098
0.45698
-0.08664
-0.45824
-0.31646
0.048875
0.219
0.16166
-0.12001
-0.37237
-0.41275
-0.24051
0.25026
0.38081
0.21423
-0.03754
-0.30167
-0.53777
-0.52508
-0.098722
0.37358
0.47678
0.33051
-0.032698
-0.31343
-0.33186
-0.22348
0.094524
0.079378
-0.2061
-0.48983
-0.53982
-0.38775
-0.21187
0.13801
0.59446
0.65414
0.40626
0.083443
-0.13489
-0.34362
-0.4259
-0.045177
-0.19747
-0.35501
-0.5819
-0.40436
0.01646
0.10677
0.25588
0.61981
0.72683
0.35141
0.067956
-0.18351
-0.44312
-0.48538
-0.20058
-0.28921
-0.23689
-0.30382
-0.08502
0.26084
0.35446
0.38387
0.61839
0.52857
0.099366
-0.20543
-0.37436
-0.47685
-0.3528
-0.31886
-0.2818
-0.13039
-0.026873
0.17649
0.31227
0.37486
0.4642
0.61064
0.41888
-0.056517
-0.34706
-0.47522
-0.46718
-0.31047
-0.26832
-0.1869
-0.13413
-0.038514
0.248
0.37451
0.42773
0.52878
0.5543
0.31709
-0.11146
-0.41669
-0.44791
-0.4042
-0.2717
-0.18251
-0.14243
-0.15936
-0.061888
0.27487
0.49256
0.54403
0.61516
0.59431
0.38875
-0.10668
-0.46195
-0.44835
-0.37107
-0.29316
-0.0047278
-0.022626
-0.069606
-0.029769
0.19045
0.39849
0.47468
0.52506
0.5748
0.47206
-0.036324
-0.4719
-0.44131
-0.34235
-0.33763
-0.071461
-0.031692
-0.040648
-0.041676
-0.055447
-0.0034834
0.078443
0.20948
0.27217
0.091335
-0.10198
-0.27318
-0.32022
-0.32884
-0.26672
0.1154
0.13214
-0.051558
-0.14362
-0.13921
0.027736
0.14349
0.25911
0.30934
0.1837
-0.015971
-0.25278
-0.36386
-0.39802
-0.23231
0.19319
0.18774
-0.0015259
-0.094715
-0.10374
0.083656
0.19323
0.28039
0.3324
0.24054
-0.026765
-0.28203
-0.38065
-0.33637
-0.014858
0.15691
0.16643
0.065749
0.020232
-0.0096488
0.076573
0.28209
0.41349
0.40155
0.23342
-0.12594
-0.45028
-0.4637
-0.22255
0.095541
0.16075
0.16211
0.064246
0.0030637
-0.052878
0.0051578
0.25069
0.48432
0.47744
0.10647
-0.37903
-0.61309
-0.537
-0.27233
0.09721
0.047722
-0.01204
-0.10451
-0.11404
0.0040702
0.1253
0.30522
0.53461
0.31241
-0.26182
-0.67545
-0.67713
-0.4874
-0.15567
0.17903
-0.18367
-0.28634
-0.35139
-0.19861
0.12068
0.33415
0.49846
0.4666
0.042927
-0.55795
-0.88657
-0.80728
-0.42873
0.15108
0.39628
-0.3186
-0.41211
-0.43997
-0.30462
0.0084268
0.30312
0.5874
0.52751
0.10443
-0.55721
-1.0279
-1.1006
-0.55348
0.19773
0.38789
-0.071021
-0.10623
-0.18988
-0.17337
-0.098026
0.22837
0.61767
0.69448
0.22907
-0.53628
-1.0779
-1.1829
-0.68337
0.11201
0.35223
0.28076
0.34437
0.24344
0.13028
-0.058697
0.143
0.60218
0.78785
0.34292
-0.50063
-0.98767
-1.1395
-0.79034
-0.032068
0.35182
0.63397
0.70849
0.50961
0.34267
0.10603
0.12969
0.47195
0.65221
0.28644
-0.55068
-1.1242
-1.2518
-0.84098
-0.013036
0.36806
0.67235
0.87116
0.8093
0.64273
0.37327
0.25144
0.22774
0.27039
0.024162
-0.72683
-1.3585
-1.3232
-0.55445
0.29475
0.42024
0.58329
1.0158
1.1355
0.93093
0.57606
0.19946
-0.21221
-0.29891
-0.32925
-0.74268
-1.1696
-0.84736
0.050576
0.71951
0.59852
0.544
1.0336
1.1572
1.0116
0.55011
-0.10604
-0.61178
-0.72231
-0.59199
-0.67958
-0.71433
-0.2454
0.43228
0.76366
0.54424
0.34661
0.65716
0.77773
0.75943
0.33612
-0.2737
-0.6259
-0.70324
-0.58574
-0.48488
-0.44014
-0.066204
0.4221
0.47753
0.26199
-0.24615
0.042898
0.26833
0.13652
-0.3095
-0.61962
-0.57331
-0.38059
-0.18076
0.034059
0.31657
0.54167
0.53019
0.24771
0.12781
-0.15629
0.10304
0.29225
0.083167
-0.29215
-0.60388
-0.63961
-0.45448
-0.091691
0.2429
0.69828
1.0076
0.87377
0.53702
0.2932
-0.10612
0.11655
0.29996
0.14232
-0.024953
-0.16894
-0.33944
-0.27262
-0.0010892
0.3536
0.82012
1.1011
0.92593
0.65192
0.39639
-0.049451
0.21671
0.45832
0.35251
0.22305
0.23825
0.11272
0.027757
-0.015573
0.095074
0.36631
0.66162
0.73967
0.60226
0.38958
-0.13706
-0.0036833
0.2396
0.24182
0.15983
0.21382
0.20198
0.037393
-0.1878
-0.2606
-0.10002
0.23815
0.56999
0.71897
0.57269
-0.36917
-0.40237
-0.22553
-0.13252
-0.096983
-0.024415
-0.069547
-0.22315
-0.32347
-0.32085
-0.24687
0.058936
0.4664
0.70229
0.64535
-0.29411
-0.36009
-0.29064
-0.2792
-0.32651
-0.23028
-0.27469
-0.45678
-0.42704
-0.39454
-0.40649
-0.2409
0.092987
0.30503
0.29113
-0.11026
-0.11276
-0.13316
-0.31639
-0.41438
-0.26608
-0.34911
-0.62544
-0.69752
-0.76922
-0.84206
-0.79827
-0.54522
-0.30423
-0.15917
-0.01506
0.031576
-0.062374
-0.31954
-0.42308
-0.34405
-0.50062
-0.73856
-0.83976
-0.92619
-1.1129
-1.1822
-1.0884
-0.93841
-0.68494
0.066616
0.13865
0.015195
-0.22641
-0.32122
-0.32127
-0.4308
-0.51801
-0.59759
-0.68542
-0.87903
-1.0866
-1.1661
-1.2256
-1.0064
0.17251
0.29895
0.23895
0.027533
-0.084053
-0.039784
0.061147
0.21674
0.21578
0.040246
-0.19237
-0.44338
-0.67542
-0.96576
-0.87631
0.11168
0.28469
0.34138
0.19383
0.028222
0.056094
0.29197
0.78176
1.0528
0.94008
0.71992
0.51021
0.12217
-0.42209
-0.50821
-0.026
0.05516
0.087831
0.018508
-0.1213
-0.099861
0.17221
0.65058
1.0137
0.98699
0.93607
0.89227
0.56818
0.07549
-0.0845
0.026865
-0.027493
-0.031735
-0.044667
-0.095936
-0.052
0.15829
0.42696
0.58855
0.54868
0.56727
0.59698
0.42912
0.18536
0.11422
0.054386
0.069157
0.045515
0.059157
-0.0090753
-0.034143
0.095556
0.3
0.37895
0.27972
0.226
0.2686
0.16216
0.062301
0.093587
0.20492
0.44357
0.34779
0.15465
0.24124
0.69879
0.77252
0.27452
-0.54528
-0.93196
-0.69392
-0.28307
0.13496
0.49229
0.47867
0.3766
0.67718
0.57041
0.32078
0.4362
0.96483
1.1484
0.48867
-0.57716
-1.1514
-0.80218
-0.11768
0.37256
0.5562
0.48186
0.37181
0.67755
0.54591
0.28474
0.40576
0.92995
1.1074
0.58112
-0.33365
-0.88086
-0.7064
-0.12389
0.24296
0.316
0.29668
0.33912
0.37616
0.096805
-0.20344
-0.046128
0.56594
0.91833
0.65842
0.065601
-0.49098
-0.69123
-0.43446
-0.078387
0.056836
0.072661
0.33297
0.11328
-0.38796
-0.77637
-0.55443
0.20561
0.89238
0.88984
0.46549
-0.055861
-0.54015
-0.57291
-0.34392
-0.20539
-0.18338
0.087519
-0.1785
-0.64951
-1.0016
-0.79513
-0.087754
0.58147
0.83099
0.75288
0.45006
-0.076688
-0.31537
-0.24492
-0.18697
-0.16238
-0.16118
-0.39063
-0.65394
-0.88681
-0.78557
-0.39772
-0.090185
0.26292
0.71426
0.76469
0.44463
0.22663
0.139
0.071277
0.081851
-0.019265
-0.14638
-0.25299
-0.44853
-0.54938
-0.52295
-0.54241
-0.31427
0.21747
0.54582
0.58696
0.55091
0.52111
0.3227
0.22219
0.29695
0.31786
0.27437
0.01774
-0.3611
-0.58916
-0.72969
-0.67935
-0.37418
-0.048359
0.22517
0.40919
0.50138
0.42596
0.28003
0.26736
0.39901
0.38134
0.1741
-0.21175
-0.54464
-0.78743
-0.84272
-0.73353
-0.50362
-0.2849
-0.065451
0.23811
0.42161
0.30063
0.010876
0.046176
0.10506
0.11433
-0.10511
-0.41143
-0.63353
-0.68039
-0.72097
-0.71554
-0.69162
-0.48582
-0.062809
0.26647
0.22383
-0.020729
-0.19187
-0.29477
-0.29519
-0.35437
-0.43093
-0.40882
-0.29435
-0.40308
-0.61724
-0.88182
-0.84779
-0.46448
-0.036002
0.043459
-0.00059782
-0.13323
-0.35705
-0.46757
-0.36071
-0.10971
0.073799
0.16502
0.0040448
-0.26955
-0.74245
-0.88277
-0.56084
-0.092873
0.15746
0.064872
0.066285
-0.024328
-0.14351
0.01807
0.36843
0.56946
0.60718
0.50211
0.18521
-0.33975
-0.575
-0.38035
0.047157
0.22752
0.17799
0.24333
0.29343
0.22171
0.18669
0.44416
0.60116
0.60728
0.55466
0.31609
-0.12823
-0.26846
-0.10884
-0.017851
-0.058651
-0.655
-0.42924
0.39563
1.0684
0.95355
0.41229
0.16245
0.26976
0.30753
0.077306
-0.23125
-0.53798
-0.56583
-0.42261
-0.31365
-0.75103
-0.57054
0.61504
1.5319
1.325
0.52812
-0.0059054
-0.018565
0.13928
0.051531
-0.34463
-0.72749
-0.82526
-0.66269
-0.43925
-0.84362
-0.6594
0.5065
1.4825
1.261
0.52407
-0.17149
-0.45025
-0.26447
-0.012829
-0.090603
-0.49614
-0.75363
-0.60644
-0.37151
-0.94027
-0.79491
0.18187
0.98581
0.83573
0.17896
-0.40195
-0.71449
-0.54469
-0.11615
0.065759
-0.20619
-0.41053
-0.31509
-0.16327
-0.86679
-0.85594
-0.081082
0.69491
0.76678
0.24865
-0.21586
-0.38514
-0.29738
-0.053757
0.074107
0.034121
0.13109
0.30084
0.27366
-0.71328
-0.75724
-0.23557
0.47028
0.79209
0.58035
0.3364
0.2974
0.33704
0.36098
0.32257
0.3491
0.6042
0.78454
0.47715
-0.46692
-0.51949
-0.29469
0.14735
0.45209
0.54728
0.60288
0.6621
0.71721
0.5369
0.26002
0.24505
0.53714
0.7863
0.38733
-0.14419
-0.148
-0.084419
0.081707
0.091556
0.15197
0.30058
0.4143
0.56528
0.44656
-0.068967
-0.30338
0.0048963
0.34405
0.19915
-0.042469
0.12469
0.30829
0.36127
0.08406
-0.17289
-0.2383
-0.084128
0.30246
0.37788
-0.075374
-0.36444
-0.10355
0.30233
0.24867
-0.084067
0.20373
0.66675
0.80791
0.40106
-0.21443
-0.60953
-0.47941
0.038157
0.22451
-0.051519
-0.16171
0.082786
0.34215
0.33021
-0.15561
0.15757
0.81407
1.0132
0.57774
-0.19416
-0.68651
-0.65713
-0.26569
-0.073228
-0.19964
-0.18902
-0.031083
0.12444
0.099545
-0.27664
-0.052783
0.63044
0.92006
0.50144
-0.29294
-0.62011
-0.57756
-0.33157
-0.15481
-0.19359
-0.19283
-0.095585
-0.022051
-0.077134
-0.38654
-0.37904
0.11013
0.40762
0.064091
-0.55796
-0.64599
-0.36252
-0.10711
-0.083876
-0.24888
-0.20862
-0.074634
-0.11604
-0.24617
-0.46671
-0.61268
-0.41211
-0.10948
-0.28591
-0.69426
-0.59746
-0.22179
0.047917
0.064459
-0.19261
-0.16866
0.018745
-0.044482
-0.26682
-0.46437
-0.64003
-0.56546
-0.23068
-0.30591
-0.63183
-0.51114
-0.237
0.017756
0.11272
-0.023929
-0.02325
0.074187
-0.025034
-0.22124
-0.045282
0.08733
0.14274
0.25302
0.50984
0.6264
0.68103
0.98666
1.1049
0.83988
0.63987
0.57091
0.5372
0.45659
0.18186
-0.00054724
0.079934
0.082648
0.14165
0.36371
0.64636
0.92955
1.3523
1.5191
1.3257
1.0401
0.83393
0.73945
0.63536
0.41411
-0.080812
-0.17018
-0.1797
-0.11527
-0.025495
0.097275
0.29001
0.66883
0.94538
1.031
0.99922
0.91771
0.79223
0.5754
0.2968
-0.38731
-0.56424
-0.45597
-0.32833
-0.28855
-0.37136
-0.50507
-0.34045
-0.077076
0.20345
0.51665
0.62573
0.58539
0.42649
0.23131
-0.62602
-0.63071
-0.42601
-0.34458
-0.42581
-0.56053
-0.71913
-0.79648
-0.78741
-0.41237
0.061958
0.19464
0.23798
0.26634
0.25197
-0.45628
-0.36929
-0.16635
-0.25753
-0.41082
-0.51076
-0.69109
-0.88506
-0.96125
-0.61962
-0.14232
-0.076912
-0.10908
-0.084845
-0.055274
-0.27585
-0.19025
-0.16349
-0.32674
-0.43769
-0.42472
-0.53064
-0.77824
-0.9121
-0.75086
-0.49006
-0.44983
-0.52786
-0.50201
-0.48621
-0.19379
-0.14919
-0.1246
-0.28531
-0.26213
-0.035022
0.018585
-0.24596
-0.52797
-0.63132
-0.55968
-0.38701
-0.32782
-0.29628
-0.39937
-0.13076
-0.14135
-0.14595
-0.26724
-0.082994
0.39953
0.65664
0.45757
0.10576
-0.013644
0.097955
0.37155
0.49344
0.46994
0.19905
0.052733
0.0052072
-0.1433
-0.25198
-0.028294
0.42177
0.72139
0.74907
0.56682
0.54156
0.68054
0.76171
0.80512
0.76782
0.43032
0.26064
0.17432
-0.1131
-0.32824
-0.19707
0.053565
0.22367
0.32347
0.35526
0.45419
0.38361
0.14842
0.060914
0.19085
0.096841
0.096994
0.0049535
-0.17279
-0.34803
-0.36604
-0.42822
-0.47488
-0.29421
-0.064544
0.011184
-0.080491
-0.41906
-0.604
-0.40908
-0.16488
0.068975
-0.14797
-0.26061
-0.25708
-0.30866
-0.62786
-0.86553
-0.66363
-0.25376
-0.052217
-0.063254
-0.3053
-0.62892
-0.55399
-0.26784
0.055994
-0.18126
-0.20498
-0.043706
-0.055168
-0.50566
-0.88573
-0.68939
-0.35611
-0.06279
0.21048
0.22158
-0.11463
-0.33727
-0.23087
-0.19851
-0.25804
-0.16607
0.0088862
0.021448
-0.271
-0.43195
-0.31662
-0.23684
-0.14301
0.1431
0.35794
0.22933
-0.099194
-0.26078
-0.48492
-0.70639
-0.71306
-0.48338
-0.16818
-0.024975
0.051776
0.13475
0.28824
0.42383
0.48269
0.37011
0.25016
0.21563
0.1455
-0.55549
-0.83634
-0.85457
-0.70063
-0.47088
-0.28284
-0.139
0.012845
0.24633
0.50186
0.65498
0.65262
0.59454
0.52176
0.33784
-0.43731
-0.62347
-0.74387
-0.73071
-0.72277
-0.66441
-0.52366
-0.22056
0.22425
0.4915
0.48607
0.4327
0.42237
0.32741
0.087528
-0.20974
-0.33003
-0.45187
-0.5744
-0.74288
-0.89236
-0.92781
-0.62386
-0.081759
0.27123
0.30336
0.18865
0.09502
0.076082
-0.042916
0.145
0.035911
-0.19258
-0.35051
-0.43301
-0.55352
-0.6786
-0.57677
-0.34402
-0.17309
-0.062737
-0.088354
-0.020484
0.076621
0.0805
0.30172
0.25286
0.16341
0.19375
0.33313
0.32372
0.14239
0.017008
-0.14938
-0.28648
-0.22248
-0.10189
0.067816
0.27376
0.24778
0.18369
0.33537
0.48133
0.75935
1.1389
1.2526
0.99808
0.68127
0.31334
-0.029185
-0.12558
-0.081821
0.10177
0.31374
0.33294
0.17008
0.52382
0.76557
1.1169
1.4581
1.486
1.083
0.65218
0.29495
0.027742
-0.067225
-0.10367
-0.048881
0.071992
0.091611
0.16496
0.59622
0.82431
1.0143
1.0513
0.71987
0.23429
-0.11673
-0.27436
-0.38598
-0.48829
-0.45443
-0.28034
-0.06723
-0.014448
-0.12539
0.13689
0.33913
0.49698
0.43613
0.02893
-0.42005
-0.74382
-0.87848
-0.92794
-0.89985
-0.78214
-0.49759
-0.17762
-0.00065605
-0.38376
-0.39653
-0.17673
0.14564
0.12635
-0.20511
-0.54495
-0.84491
-0.9117
-0.84946
-0.77912
-0.66436
-0.52502
-0.31325
-0.11693
-0.55519
-0.61421
-0.31347
0.066702
0.033173
-0.2444
-0.40683
-0.49779
-0.48949
-0.40455
-0.41373
-0.45314
-0.40932
-0.27057
-0.16191
-0.52782
-0.4579
-0.02614
0.31613
0.27133
0.12045
0.13656
0.14537
0.027848
-0.038802
-0.12209
-0.23971
-0.25766
-0.13611
-0.090626
-0.17637
0.0033528
0.38952
0.58846
0.46772
0.39998
0.59663
0.65575
0.3974
0.15104
0.031046
-0.10992
-0.14889
-0.11652
-0.070209
-0.025509
0.18525
0.37622
0.44616
0.34161
0.31499
0.60356
0.77908
0.50406
0.22885
0.03087
-0.13348
-0.18724
-0.16683
-0.11186
0.40169
0.62654
0.50913
0.25957
-0.053552
-0.15035
-0.086657
-0.098588
-0.24287
-0.23671
-0.22955
-0.40477
-0.46505
-0.33897
-0.18685
0.70755
0.87668
0.6538
0.31898
-0.026629
-0.1652
-0.14252
-0.21807
-0.31945
-0.26743
-0.27665
-0.42321
-0.49916
-0.38068
-0.15752
0.87824
1.0066
0.70426
0.26393
-0.18598
-0.34543
-0.31985
-0.35433
-0.36545
-0.26314
-0.22774
-0.29428
-0.37904
-0.39693
-0.20237
0.97601
1.1505
0.85498
0.31221
-0.29458
-0.52116
-0.46199
-0.44969
-0.52702
-0.50717
-0.33001
-0.23383
-0.25006
-0.30913
-0.19357
1.06
1.2505
0.99471
0.4538
-0.18484
-0.46804
-0.3604
-0.32256
-0.50844
-0.62635
-0.41672
-0.22588
-0.23213
-0.27664
-0.157
1.1669
1.3976
1.0456
0.45225
-0.13642
-0.2917
-0.1078
-0.062525
-0.34706
-0.57112
-0.40474
-0.24588
-0.26734
-0.30651
-0.14805
1.2278
1.4827
1.0178
0.37408
-0.18846
-0.168
0.073258
0.0024959
-0.29303
-0.45149
-0.33724
-0.23022
-0.26915
-0.2892
-0.063208
1.1578
1.2746
0.74068
0.12357
-0.34609
-0.25206
-0.033749
-0.14648
-0.39628
-0.42486
-0.27627
-0.1883
-0.17808
-0.10304
0.052305
1.1303
1.1007
0.49539
-0.067916
-0.41517
-0.32458
-0.23292
-0.30302
-0.46279
-0.41633
-0.24083
-0.17114
-0.08336
0.07383
0.11413
1.2219
1.2214
0.61139
0.12076
-0.15281
-0.29229
-0.44214
-0.47192
-0.48541
-0.42242
-0.19886
-0.06472
0.021048
0.15566
0.18424
1.205
1.2215
0.67069
0.24045
-0.015783
-0.3679
-0.60609
-0.58532
-0.5448
-0.45455
-0.26149
-0.027599
0.11757
0.12395
0.097551
0.97039
1.0456
0.59067
0.19813
-0.11745
-0.43191
-0.55195
-0.50247
-0.45321
-0.40939
-0.23992
-0.0020242
0.059033
-0.099247
-0.21262
0.6799
0.84055
0.48328
0.1268
-0.1767
-0.37868
-0.40591
-0.35112
-0.3296
-0.29642
-0.076266
0.14551
0.050768
-0.25929
-0.44593
0.40427
0.41552
0.11931
-0.15684
-0.2826
-0.36121
-0.3211
-0.24653
-0.31045
-0.29787
-0.056898
0.17133
0.016508
-0.34192
-0.46581
0.1913
0.19498
-0.017413
-0.20458
-0.32258
-0.33429
-0.28158
-0.2436
-0.31779
-0.29987
-0.18644
-0.032255
-0.10294
-0.33466
-0.30717
0.1855
0.1217
-0.094861
-0.35614
-0.56128
-0.76827
-0.66435
-0.080949
0.29615
0.31294
0.26793
0.21215
0.17036
0.12325
0.02505
0.26589
0.2063
0.050495
-0.23036
-0.63147
-0.95569
-0.87907
-0.15897
0.40052
0.42053
0.28609
0.23679
0.29525
0.37877
0.27572
0.20742
0.24137
0.11978
-0.10729
-0.46782
-0.91262
-0.88281
-0.21156
0.42909
0.49515
0.2551
0.16362
0.35932
0.58101
0.46651
0.071459
0.094271
0.082534
-0.0086224
-0.36458
-0.89513
-0.8513
-0.16872
0.51089
0.62532
0.32857
0.052341
0.20426
0.40914
0.42967
-0.055288
-0.047329
0.06904
0.042821
-0.35407
-0.90382
-0.8037
-0.099131
0.53673
0.73113
0.41887
0.0019528
-0.039262
0.088817
0.19269
-0.28213
-0.13429
0.12018
0.12524
-0.30273
-0.9093
-0.86793
-0.15794
0.63576
0.94522
0.54476
0.01899
-0.15972
0.0007962
0.093687
-0.40376
-0.18885
0.12119
0.13501
-0.23477
-0.81112
-1.0224
-0.36904
0.80515
1.2463
0.83023
0.27972
0.043032
0.14748
0.16611
-0.30383
-0.11503
0.16835
0.16092
-0.17113
-0.70712
-1.007
-0.34036
0.90789
1.3563
0.97893
0.51382
0.18577
0.12864
0.095782
-0.16192
-0.029443
0.29188
0.27168
-0.22178
-0.78347
-0.9683
-0.25943
0.87253
1.2689
0.88962
0.4796
0.20324
0.024575
-0.015668
-0.21692
-0.11496
0.27011
0.3304
-0.27355
-0.96425
-1.076
-0.34441
0.62696
0.97805
0.72412
0.33504
0.098785
-0.10702
-0.15992
-0.16938
-0.079592
0.22574
0.34196
-0.166
-0.88617
-1.1014
-0.50765
0.30456
0.7472
0.6215
0.30564
0.049076
-0.073188
-0.075584
0.028707
0.11787
0.17565
0.19919
-0.064834
-0.7062
-1.0055
-0.64708
0.020351
0.45597
0.5007
0.31892
0.11909
0.12245
0.18728
0.25762
0.3319
0.12358
-0.075969
-0.31505
-0.73838
-0.93335
-0.64456
-0.21002
0.14564
0.30766
0.2099
0.12118
0.20448
0.27627
0.33236
0.40329
0.089978
-0.30738
-0.59842
-0.83423
-0.85091
-0.58596
-0.26917
0.027273
0.14902
0.1068
0.12716
0.22048
0.20895
0.098849
0.10757
-0.033424
-0.30246
-0.55446
-0.68793
-0.67063
-0.55847
-0.31379
0.019015
0.10742
0.076105
0.13679
0.14045
0.087631
0.25286
0.46372
0.52227
0.3526
0.11077
-0.023024
-0.085316
-0.20601
-0.26864
-0.33255
-0.47379
-0.42553
-0.37641
-0.5205
-0.33464
0.35164
0.7874
1.0537
0.86446
0.33476
-0.024036
-0.097643
-0.13963
-0.11685
-0.18489
-0.38447
-0.47254
-0.44589
-0.46289
-0.25296
0.26778
0.96356
1.4316
1.1382
0.48348
0.19959
0.17863
0.12525
0.032151
-0.033546
-0.25091
-0.428
-0.36996
-0.18611
-0.058337
-0.065223
0.69436
1.2966
1.1796
0.63146
0.4079
0.46937
0.34541
-0.011929
-0.2767
-0.37151
-0.39696
-0.31481
-0.086809
0.048535
-0.45762
0.086519
0.68114
1.0054
0.77638
0.42037
0.36576
0.25992
-0.11872
-0.38432
-0.27793
-0.14657
-0.1271
-0.011134
0.1396
-0.66116
-0.4942
0.13507
0.73443
0.83643
0.49481
0.21421
0.13664
-0.066443
-0.20336
-0.028958
0.053828
-0.10699
-0.10538
-0.014506
-0.70918
-0.75397
-0.22568
0.46406
0.87377
0.86445
0.55356
0.29518
0.12155
0.025002
0.097435
0.076342
-0.0078564
-0.0077657
-0.075145
-0.62498
-0.8038
-0.52055
0.070645
0.72143
1.1749
1.1541
0.71067
0.26344
0.024953
-0.016074
-0.020378
0.062406
0.19887
0.028883
-0.56531
-0.74086
-0.76062
-0.4154
0.28391
0.91093
1.1529
0.87039
0.30866
-0.048698
-0.070888
-0.042231
0.046943
0.27489
0.14806
-0.46198
-0.6643
-0.94452
-0.96367
-0.37192
0.22306
0.65471
0.62455
0.33819
0.032729
-0.002938
0.0628
0.12982
0.23254
0.16177
-0.16645
-0.42524
-0.93823
-1.3161
-1.0356
-0.35837
0.083425
0.27425
0.25766
0.13365
0.11618
0.069215
0.04639
-0.0095061
-0.022166
0.00053552
-0.22355
-0.73521
-1.306
-1.2385
-0.59799
-0.16339
-0.04289
0.020045
0.0898
0.14655
0.055635
-0.092191
-0.2682
-0.35026
-0.0037815
-0.15682
-0.52786
-0.97547
-0.95669
-0.34851
-0.0095961
-0.15304
-0.28096
-0.14853
0.025057
-0.010885
-0.13758
-0.29587
-0.36724
-0.052467
-0.14217
-0.29808
-0.51922
-0.511
-0.078687
0.080385
-0.20531
-0.39225
-0.23204
0.060702
0.21054
0.094174
-0.15178
-0.20169
-0.015329
-0.032883
-0.11608
-0.21337
-0.18971
0.037463
0.11512
-0.11416
-0.28678
-0.19415
0.11278
0.3304
0.25472
0.0011394
-0.091564
0.14169
0.12024
-0.13953
-0.20628
-0.0062587
0.12644
0.14221
0.061534
0.059003
-0.0069414
-0.19506
-0.38534
-0.38019
-0.30601
-0.27841
0.29328
0.22049
-0.044921
-0.10651
0.056079
0.11327
0.1285
0.15846
0.20111
0.17338
-0.096091
-0.45612
-0.53704
-0.54736
-0.46347
0.40213
0.32848
0.10611
0.14389
0.26618
0.22074
0.10607
0.076722
0.077065
0.011753
-0.19573
-0.52306
-0.68986
-0.74305
-0.52033
0.26964
0.23361
0.13129
0.18675
0.35275
0.32278
0.15566
-0.040265
-0.13021
-0.24342
-0.41957
-0.56575
-0.66288
-0.7386
-0.47185
0.1004
0.055593
-0.08039
-0.096207
0.10754
0.22076
0.17028
0.055162
-0.079958
-0.33051
-0.58585
-0.61833
-0.55785
-0.56963
-0.39045
0.0055527
-0.078372
-0.33864
-0.3939
-0.14424
0.037367
0.034234
0.003924
-0.10663
-0.30439
-0.47708
-0.43613
-0.29121
-0.18833
-0.1023
-0.047418
-0.20667
-0.45466
-0.54441
-0.35453
-0.18541
-0.23469
-0.36492
-0.46052
-0.4091
-0.23247
-0.011609
0.18731
0.33022
0.27976
-0.21283
-0.44744
-0.57473
-0.57684
-0.5331
-0.50353
-0.55224
-0.72364
-0.76994
-0.48077
-0.0064319
0.39765
0.65446
0.80383
0.58026
-0.39707
-0.58159
-0.57039
-0.51801
-0.63145
-0.7445
-0.76142
-0.81872
-0.69583
-0.23969
0.37396
0.77685
0.94967
1.008
0.71818
-0.37333
-0.38653
-0.31618
-0.37927
-0.65061
-0.86256
-0.85913
-0.73883
-0.34879
0.23147
0.81996
1.0776
1.0105
0.7984
0.4466
-0.18734
-0.11865
-0.018858
-0.18364
-0.48002
-0.67953
-0.70678
-0.42799
0.11431
0.82383
1.3415
1.2527
0.85896
0.3555
0.018971
-0.041438
0.013972
0.096005
-0.015494
-0.12836
-0.30571
-0.44214
-0.2579
0.3752
1.2388
1.575
1.1925
0.5801
0.079928
-0.1502
-0.075832
-0.080292
0.0055306
0.11977
0.18927
0.030135
-0.33835
-0.28138
0.38756
1.3091
1.5306
1.0046
0.37819
-0.0012554
-0.11582
-0.14457
-0.069351
0.15196
0.29756
0.39535
0.14594
-0.27449
-0.25799
0.37797
1.1499
1.2704
0.85478
0.40055
0.15474
0.083778
-0.13973
0.072159
0.26282
0.31445
0.26377
0.028177
-0.23905
-0.16849
0.32237
0.73755
0.73641
0.55018
0.35102
0.24111
0.20697
0.03915
-0.051215
-0.37589
-0.64233
-0.67659
-0.47687
-0.13994
0.27388
0.62061
0.49133
0.11839
-0.027763
0.064409
0.11601
0.088167
0.023047
-0.21665
-0.62818
-0.93037
-0.98085
-0.60902
-0.045465
0.554
0.89582
0.69946
0.30918
0.20064
0.18716
0.13957
0.11472
-0.11927
-0.51926
-0.90382
-1.0384
-0.88085
-0.32346
0.30379
0.78392
0.83082
0.52589
0.224
0.12405
0.058928
0.026443
0.049839
-0.15801
-0.54668
-0.94202
-1.0187
-0.5636
0.24976
0.81797
0.88463
0.57231
0.21165
0.014406
-0.037471
-0.12419
-0.16061
-0.10194
-0.20963
-0.45816
-0.90516
-0.99667
-0.25918
0.7268
1.0847
0.79061
0.3951
0.1505
0.067747
0.049777
-0.094555
-0.22184
-0.19328
-0.37189
-0.65206
-1.1087
-1.0792
-0.072625
0.93455
1.08
0.60855
0.27152
0.24576
0.25946
0.2886
0.16761
0.0097767
-0.12281
-0.52173
-0.91136
-1.3329
-1.0941
0.030826
1.0168
1.0668
0.54713
0.25175
0.2773
0.31246
0.47272
0.47039
0.25421
0.025172
-0.5817
-0.95781
-1.1982
-0.78787
0.22342
1.0664
1.012
0.52303
0.28966
0.3515
0.3341
0.46447
0.49179
0.2868
0.039535
-0.66216
-0.95048
-0.88003
-0.34679
0.50697
1.0238
0.79795
0.36195
0.32027
0.44291
0.41476
0.2576
0.14317
0.01775
-0.089067
-0.75319
-0.88775
-0.61432
-0.041519
0.5773
0.83719
0.50913
0.19232
0.28374
0.49296
0.40996
0.084353
-0.12922
-0.17606
-0.20475
-0.76449
-0.78325
-0.45816
0.048177
0.55104
0.63005
0.26817
0.084408
0.24947
0.44315
0.28742
0.008952
-0.067543
-0.038089
-0.020505
-0.68796
-0.60958
-0.40423
0.026778
0.44617
0.42413
0.10255
-0.0062291
0.14182
0.21577
0.026471
0.0062115
0.18398
0.26937
0.16474
-0.5357
-0.40448
-0.27394
-0.084763
0.20884
0.22029
0.065684
-0.010763
0.057672
0.065003
-0.067605
0.079982
0.33807
0.34662
0.12315
-0.27191
-0.1196
-0.093193
-0.25402
-0.15863
0.020552
0.0087152
-0.10178
-0.02992
0.046607
-0.040159
0.027769
0.24804
0.23029
-0.0076635
-0.11348
-0.033005
-0.048397
-0.31107
-0.31349
-0.062435
-0.052866
-0.19499
-0.077054
0.092515
0.030643
-0.050823
0.05382
0.10495
-0.0081295
-0.042481
0.023653
0.32611
0.39764
0.30678
0.36557
0.37415
0.17755
-0.10862
-0.14356
-0.067647
-0.13885
-0.24208
-0.23131
-0.16873
-0.10356
-0.010622
0.32572
0.42086
0.40163
0.50048
0.50554
0.19104
-0.18146
-0.2937
-0.18976
-0.1899
-0.27968
-0.30487
-0.26231
-0.20377
-0.11414
0.13822
0.33431
0.42505
0.45509
0.43673
0.25268
-0.08415
-0.29194
-0.27846
-0.19974
-0.17813
-0.15869
-0.019138
-0.41419
-0.33107
0.0053845
0.27606
0.33028
0.25309
0.29381
0.22979
-0.014629
-0.22599
-0.23204
-0.12655
-0.08643
0.053606
0.28247
-0.46073
-0.4284
-0.11049
0.19265
0.17986
0.10647
0.15251
0.095678
-0.089769
-0.1961
-0.15406
-0.12228
-0.16776
0.034028
0.34005
-0.33698
-0.48667
-0.25142
0.090434
0.088536
0.018275
0.0066825
-0.051309
-0.13862
-0.18769
-0.1557
-0.25532
-0.41383
-0.24154
0.10295
-0.41156
-0.58502
-0.34828
0.10089
0.14422
-0.017323
-0.17674
-0.29776
-0.33432
-0.27275
-0.24681
-0.40347
-0.57404
-0.49132
-0.23972
-0.47479
-0.67952
-0.44058
0.096102
0.28523
0.079398
-0.20915
-0.42897
-0.48694
-0.38053
-0.25314
-0.31013
-0.40953
-0.42748
-0.35103
-0.50664
-0.80874
-0.58019
0.035061
0.46553
0.37026
-0.0094461
-0.2817
-0.39391
-0.42563
-0.21819
-0.11158
-0.19797
-0.36445
-0.41543
-0.5421
-0.81984
-0.58654
0.10399
0.63716
0.63211
0.2751
0.0331
-0.19262
-0.40969
-0.32297
-0.13183
-0.055181
-0.20401
-0.28167
-0.62261
-0.82473
-0.37886
0.47799
0.98772
0.92995
0.52926
0.28382
0.092323
-0.22808
-0.33707
-0.24507
-0.080547
-0.047145
-0.035707
-0.76454
-0.8841
-0.19566
0.99224
1.5915
1.3921
0.78236
0.41185
0.21453
-0.066791
-0.20927
-0.28546
-0.29852
-0.1742
-0.054847
-0.66282
-0.78482
0.04961
1.4018
2.0278
1.7535
1.1337
0.60075
0.16115
-0.091469
-0.091544
-0.2089
-0.39648
-0.28304
-0.1177
-0.63206
-0.80044
0.020286
1.2108
1.7348
1.5838
1.2506
0.70406
0.1201
-0.10877
-0.024351
-0.075049
-0.24406
-0.17355
-0.079337
-0.63113
-0.79504
-0.19057
0.60981
0.92187
0.87423
0.79287
0.46697
0.063932
-0.073258
-0.013652
0.029035
-0.054657
-0.047109
0.028113
0.072459
0.012798
-0.047994
0.16063
0.43998
0.37008
0.11477
0.030254
-0.0076368
-0.088075
0.011719
0.35614
0.5804
0.40111
0.041451
0.099632
-0.025526
-0.12237
0.1485
0.56295
0.53141
0.30559
0.07868
-0.14465
-0.2167
0.19795
0.55422
0.46386
0.15196
-0.11322
0.12258
0.013798
-0.072252
0.17464
0.40772
0.37504
0.32163
0.047895
-0.40325
-0.4419
0.21856
0.52808
0.12186
-0.29548
-0.37298
0.024975
-0.082909
-0.064573
0.098158
0.17742
0.15906
0.05572
-0.27539
-0.60188
-0.39942
0.33265
0.61548
0.10104
-0.40824
-0.48879
0.019042
0.045815
0.039169
0.040876
0.053779
-0.016837
-0.2098
-0.57469
-0.59527
-0.19787
0.40624
0.53552
0.022598
-0.45834
-0.40744
0.13124
0.18155
-0.015397
-0.10901
-0.07678
-0.027235
-0.16024
-0.45409
-0.36339
0.11093
0.41343
0.21678
-0.32713
-0.64886
-0.45596
0.088162
-0.010045
-0.25816
-0.36308
-0.25627
-0.040325
0.024962
-0.11042
0.0023471
0.31228
0.32654
-0.052557
-0.63338
-0.877
-0.69012
0.081308
-0.074247
-0.39576
-0.49024
-0.2921
-0.077684
-0.0090995
0.077337
0.2808
0.34466
0.12949
-0.3682
-0.92998
-1.0966
-0.70396
0.063766
-0.14815
-0.26727
-0.20674
-0.042228
-0.049009
-0.12964
-0.039401
0.11612
0.1231
-0.016395
-0.38329
-0.77777
-0.74089
-0.25224
-0.038515
-0.20756
-0.1222
0.051615
0.086269
-0.10647
-0.30627
-0.42398
-0.37461
-0.32303
-0.31901
-0.33444
-0.34027
-0.13829
0.21867
-0.11803
-0.254
-0.13416
-0.025598
-0.10184
-0.31213
-0.5688
-0.70155
-0.6798
-0.66595
-0.49158
0.046604
0.48004
0.62338
0.4871
-0.084019
-0.30626
-0.28521
-0.17161
-0.23354
-0.33083
-0.52692
-0.70409
-0.77171
-0.781
-0.22068
0.85001
1.604
1.4294
0.81137
-0.051106
-0.25322
-0.3208
-0.22011
-0.14918
-0.19668
-0.3188
-0.53388
-0.76464
-0.68458
0.22209
1.5804
2.1903
1.8598
0.9963
-0.075856
-0.049428
-0.14366
-0.17237
-0.12827
-0.099899
-0.12498
-0.32147
-0.5439
-0.38487
0.4456
1.48
1.8702
1.598
0.88432
0.0044552
0.079845
-0.018539
-0.10116
-0.16044
-0.13311
-0.074856
-0.12255
-0.19964
-0.071899
0.44414
1.0179
1.2114
1.0359
0.63403
0.016771
-0.081881
-0.20314
-0.32638
-0.32047
-0.22637
-0.19238
-0.24245
-0.32414
-0.53665
-0.58629
-0.31844
0.0011791
0.12914
0.2584
0.083468
-0.1036
-0.23493
-0.36042
-0.37816
-0.44977
-0.5613
-0.50945
-0.57712
-0.84302
-0.90667
-0.55378
-0.23724
-0.15177
-0.024484
-0.080223
-0.2648
-0.35668
-0.49005
-0.50188
-0.57914
-0.73845
-0.76468
-0.85981
-0.95553
-0.70261
-0.21265
-0.048678
-0.035693
-0.019464
-0.48589
-0.57017
-0.55522
-0.59188
-0.53416
-0.34977
-0.48899
-0.75215
-0.87084
-0.66941
0.011355
0.62489
0.61517
0.41002
0.14256
-0.51838
-0.54889
-0.50854
-0.4377
-0.32713
-0.13898
-0.30433
-0.71369
-0.80193
-0.19917
0.8716
1.4062
1.2355
0.67346
0.18903
-0.10413
-0.17156
-0.17371
-0.14293
-0.053767
0.074799
-0.29994
-0.81892
-0.78485
0.12682
1.2963
1.7759
1.4732
0.80514
0.19066
0.086927
-0.04153
-0.0012752
0.11238
0.18767
0.13619
-0.33939
-0.86774
-0.75697
0.17582
1.2513
1.6611
1.3718
0.74358
0.13873
0.16708
0.03784
0.0043733
0.16617
0.3009
0.10598
-0.28541
-0.67848
-0.56122
0.1996
0.94711
1.2552
1.0924
0.56465
0.063024
0.36608
0.33611
0.11073
0.08328
0.081443
-0.074391
-0.22863
-0.30093
-0.24668
0.15418
0.55459
0.75583
0.65855
0.26872
-0.060184
0.56657
0.60465
0.33368
0.0035561
-0.20374
-0.19245
-0.060399
0.078041
0.080995
0.087505
0.21651
0.33655
0.2437
0.045498
-0.13162
0.64408
0.65341
0.37976
0.011176
-0.1487
0.077818
0.31665
0.40178
0.25207
0.048246
-0.0051908
-0.028508
-0.11703
-0.041312
-0.057977
0.62249
0.56979
0.32287
0.049617
-0.029352
0.25436
0.4883
0.47889
0.22135
-0.082479
-0.27313
-0.44961
-0.4776
-0.20697
-0.032739
0.53465
0.52861
0.34692
0.12928
0.0049691
0.16091
0.37517
0.33343
0.09457
-0.21284
-0.42923
-0.54591
-0.45823
-0.21998
-0.0020952
0.30855
0.46694
0.33409
0.090564
-0.02197
0.09187
0.23944
0.1956
0.010368
-0.27005
-0.49826
-0.48396
-0.3601
-0.16907
0.0094021
0.11151
0.22622
0.1337
-0.031151
-0.047261
0.028612
0.1067
0.13744
-0.0211
-0.24202
-0.38692
-0.32782
-0.19508
-0.077052
-0.037583
0.35108
0.39261
0.11186
-0.07093
-0.077805
-0.019359
0.071758
-0.05428
-0.18139
-0.16866
-0.12721
-0.10273
-0.040178
0.093496
0.090228
0.5077
0.45995
0.15835
-0.088851
-0.11905
0.058219
0.20784
0.22863
0.1762
0.081938
-0.0045719
-0.091239
-0.12953
-0.065052
-0.064285
0.55745
0.46629
0.27517
0.072452
-0.091629
-0.052416
0.044188
0.21655
0.35431
0.26557
0.0948
-0.039998
-0.15905
-0.20735
-0.26714
0.37163
0.38121
0.3879
0.27971
0.013649
-0.14604
-0.11129
0.15785
0.49561
0.52665
0.25897
0.017484
-0.11751
-0.23062
-0.33425
0.26042
0.38052
0.51312
0.5308
0.26559
0.017422
0.051015
0.22549
0.52146
0.66161
0.30542
-0.15726
-0.29953
-0.37932
-0.42676
0.40498
0.5824
0.69735
0.7295
0.5174
0.19916
0.15627
0.10107
0.12119
0.33546
0.12633
-0.34192
-0.5868
-0.64385
-0.53199
0.50239
0.77057
0.77242
0.68326
0.5403
0.11696
-0.11552
-0.24587
-0.28871
-0.096425
-0.016692
-0.25269
-0.38507
-0.43966
-0.30271
0.18388
0.52564
0.65032
0.62724
0.47524
0.13315
-0.21227
-0.27223
-0.23845
-0.14009
-0.072132
-0.11816
-0.08799
-0.039376
0.029694
-0.048865
0.24826
0.60641
0.77204
0.72186
0.44206
0.025799
-0.15855
-0.14031
-0.14552
-0.20487
-0.15899
0.0017913
0.054549
0.095077
-0.18028
0.051922
0.59596
1.0775
1.2897
1.0684
0.53388
0.13858
-0.068722
-0.22396
-0.37327
-0.35869
-0.12305
-0.09125
0.01693
-0.56756
-0.45779
0.1573
0.87157
1.2601
1.2419
0.96521
0.56603
0.17556
-0.068172
-0.35789
-0.52677
-0.38171
-0.26099
-0.11801
-0.88643
-1.0092
-0.68448
-0.107
0.35358
0.57301
0.69668
0.70501
0.35988
0.0091424
-0.32125
-0.507
-0.41283
-0.28264
-0.10356
-0.95789
-1.3137
-1.3443
-1.1108
-0.70896
-0.47441
-0.057431
0.38375
0.34032
-0.026307
-0.28353
-0.33743
-0.23403
-0.13981
0.003848
-0.73225
-1.2292
-1.4419
-1.3667
-1.0315
-0.86666
-0.56655
-0.046769
0.099952
-0.011839
-0.099535
-0.096999
-0.042082
0.10656
0.20588
-0.25707
-0.67337
-0.90705
-0.89925
-0.69762
-0.6169
-0.4585
-0.15133
-0.057644
-0.035053
0.0027385
0.027247
0.082554
0.20674
0.20683
0.13383
0.20574
0.17534
0.066994
-0.093514
-0.27882
-0.52229
-0.56364
-0.35086
-0.02042
0.39168
0.60495
0.6124
0.39131
0.15392
0.27216
0.3557
0.2168
-0.047753
-0.2606
-0.47706
-0.74811
-0.73443
-0.37589
0.085867
0.628
0.8419
0.59914
0.27038
0.034088
0.34051
0.33145
0.046809
-0.23452
-0.45249
-0.73597
-0.95698
-0.69799
-0.089832
0.5154
0.99042
0.9365
0.54322
0.19625
-0.04276
0.29447
0.14352
-0.14564
-0.32785
-0.52741
-0.96704
-1.1413
-0.65539
0.19898
0.83651
1.0351
0.81132
0.42814
0.13063
-0.064621
0.13908
-0.014121
-0.22328
-0.34358
-0.63363
-1.1416
-1.1621
-0.42636
0.51397
0.94037
0.80065
0.53375
0.26455
0.049858
-0.021645
-0.11155
-0.21977
-0.30259
-0.46401
-0.91471
-1.2331
-0.89514
0.10141
0.82538
0.75198
0.42205
0.34747
0.15585
-0.021666
0.055389
-0.35343
-0.3636
-0.33766
-0.63388
-1.0484
-1.0512
-0.37277
0.51357
0.84956
0.47533
0.18239
0.18916
0.079341
0.052117
0.13918
-0.32482
-0.23201
-0.29046
-0.72635
-1.007
-0.73763
0.080829
0.67641
0.60571
0.21692
0.12021
0.10687
0.052305
0.10324
0.14344
-0.17325
-0.21476
-0.43565
-0.81487
-0.94432
-0.42612
0.37554
0.62614
0.19752
-0.036415
-0.014494
0.037961
0.11609
0.27012
0.2216
-0.093747
-0.30301
-0.61798
-0.89399
-0.76303
-0.09157
0.53503
0.46309
0.007544
-0.1326
-0.10623
0.012525
0.26494
0.5253
0.35962
-0.1028
-0.34038
-0.64029
-0.75942
-0.35347
0.28226
0.62993
0.31912
-0.053973
-0.2332
-0.2941
-0.14246
0.19095
0.45388
0.34966
-0.15235
-0.37081
-0.60893
-0.50609
0.070252
0.61509
0.6709
0.32755
0.049098
-0.24511
-0.37793
-0.21384
0.034462
0.2273
0.18989
-0.27481
-0.48176
-0.61866
-0.31134
0.25704
0.68727
0.76282
0.54613
0.25294
-0.073147
-0.2287
-0.079053
0.069236
0.16633
0.13551
-0.20678
-0.42038
-0.49031
-0.097237
0.36758
0.6492
0.81526
0.62943
0.27819
0.040807
-0.014827
0.081859
0.17951
0.22171
0.20086
-0.019781
-0.22939
-0.27594
0.096858
0.3636
0.46533
0.57559
0.37997
0.11741
0.083824
0.14416
0.12787
0.13502
0.17236
0.1939
-1.7028
-1.6532
-1.4634
-1.8177
-1.5884
-1.6093
-1.6868
-1.6409
-1.5424
-1.6095
-1.5534
-1.4256
-1.5717
-1.4815
-1.5803
-1.6867
-1.6482
-1.6413
-1.8243
-1.7361
-1.6246
-1.577
-1.6582
-1.7831
-1.762
0.0023783
-0.0020436
0.00034543
0.0044328
0.003371
-0.0025629
-0.0015575
-0.0024387
0.0085713
0.016387
0.014235
0.00946
-0.0056445
-0.013128
-0.008614
0.0010051
-0.0025439
-0.0074555
-0.011033
-0.0090748
-0.0069442
-0.0035392
-0.0028003
0.00098064
0.011799
0.0098342
-0.0028361
-0.013598
-0.016165
-0.011029
0.0048147
0.00083636
-0.0053823
-0.012824
-0.012588
-0.0078236
-0.0016287
-0.0069244
-0.0064988
-0.0039111
-0.0093639
-0.011597
-0.015228
-0.01574
-0.0066522
0.013841
0.011462
0.0090777
-0.0015856
-0.0020916
0.0037522
0.0080273
0.005803
-0.0010634
-0.0062625
-0.017893
-0.016519
-0.013779
-0.015967
-0.0083515
0.012175
0.01247
0.0083381
-0.0016531
-0.0039976
0.0044271
0.0065844
0.0011955
0.0024831
-0.0012831
-0.013054
-0.010785
-0.0094549
-0.0095582
-0.0065067
0.0073704
0.0028408
0.00076968
-0.003232
-0.0093593
-0.0016194
0.0040068
-4.5033e-05
0.0091178
0.0077449
-0.0042504
-0.0048287
0.0030795
0.00062092
0.0019379
0.0052678
0.0036223
0.0057334
0.0031586
-0.0011179
-0.004046
-0.00089414
0.0043803
0.0097544
0.0088651
0.00016808
-0.00062024
-0.00038639
0.0020676
0.0046037
0.0030372
0.0056665
0.0059689
0.0081193
0.0031004
-0.0069583
-0.007138
-0.0040089
0.0021706
0.0031766
0.0037506
0.0030558
0.0011791
0.0074581
0.00704
-0.00024304
-0.00079699
-0.00066259
-0.00028307
0.001526
-0.0040835
-0.0075824
-0.003795
-8.7475e-05
0.010322
0.013406
0.0062761
0.0049239
0.01122
0.0077158
0.0069009
0.00093813
-0.0047653
-0.0066374
-0.0037899
-0.002184
-0.0024863
-0.0027094
-0.00088925
0.0048901
0.0036442
-0.0076063
-0.0079775
0.0006977
0.00057427
0.0058421
0.0030832
-0.0080809
-0.01371
-0.0093654
0.0015394
0.0010469
-0.003571
-0.0080842
-0.0011423
0.0014765
-0.007753
-0.011768
-0.011536
-0.010409
0.0079129
-0.00052257
-0.0097429
-0.0097756
-0.0025053
0.0050229
0.0055594
-0.0043881
-0.008144
-0.0011096
0.0084767
-0.00032141
-0.0053283
-0.008243
-0.011454
0.012951
0.0027626
-0.0056744
-0.0010145
0.0025587
0.0055845
0.0036564
-0.0053933
-0.006818
-0.0046801
-0.0044223
-0.0050286
-0.0044816
-0.0017545
-0.0065668
0.0089083
0.0030116
0.00071741
0.0013441
0.00068781
0.0094176
0.00239
-0.0055779
-0.00537
-0.010055
-0.015795
-0.011785
-0.012051
-0.011145
-0.0069231
0.0081509
0.0055347
0.0060721
-0.00065582
0.002677
0.0076362
-0.0036798
-0.010471
-0.0076025
-0.012162
-0.0095551
-0.011675
-0.01497
-0.0072814
-0.00020192
