0.00093541
0.0062463
0.017505
-0.0028328
-0.011014
-0.0051144
0.0020757
-0.00078967
-0.002169
-0.32884
0.015774
0.0018425
0.013966
-0.0023665
-0.0020429
-0.0058797
-0.00058239
0.0040396
0.0026058
0.423
0.00073217
0.0016373
0.003512
0.013067
-0.011483
-1.2124
-0.0019183
-0.0026003
-0.0052401
0.00024409
0.0065479
0.0007886
-0.0049035
0.0041828
-1.3714
0.00022722
0.0040757
0.0038481
-0.0018679
-0.00069379
1.2616
0.00062214
-0.0057359
0.00077244
0.0064037
0.0076073
-0.00077165
0.0018659
-0.040854
0.99584
0.0058769
-0.00046335
0.0098882
0.00011556
-0.083634
0.19707
-0.40062
-0.0024784
0.008252
-0.0032128
0.013463
0.15548
-0.010249
0.10471
-0.82894
0.29295
0.2959
-0.0025685
0.00065501
-0.0019701
-0.0014046
-0.84919
-0.0044122
0.017881
0.0059824
0.0029354
0.36949
-0.0049369
0.11622
0.0043901
0.001496
-0.0049042
0.0011634
-0.0025846
0.49625
0.0039943
-0.018105
-0.4239
0.0029079
-0.22284
0.0011043
-0.0022866
-0.55077
0.19703
8.2323e-05
-0.98641
0.00097648
-0.018645
-1.0924
-0.0058555
-0.00059997
1.4051
-0.0032445
0.00080823
0.0012366
1.6944
0.002659
-0.0030545
0.0075722
0.0045526
-0.024625
-0.58232
-0.42583
-0.0087026
-0.022702
-0.001175
-0.00070184
-0.0036737
0.17753
-0.001032
0.0031443
0.0024586
0.024019
-0.0061588
-0.013835
-0.27749
-0.0015702
-0.0006811
-0.00097634
-0.51439
0.023604
0.00010086
0.012465
-0.0010474
-0.0009713
-0.0014654
0.0022571
0.0015379
-0.001317
0.34037
-0.0023627
-0.0011989
0.0020419
0.011046
-0.014649
-1.1994
-0.0012337
-0.0024461
-0.0026258
0.0030027
0.0024563
0.0018934
-0.0071352
0.0037899
-1.0453
-0.00038636
0.010269
0.010667
0.0032529
-0.0015707
0.83636
0.0020059
-0.011452
0.0023057
0.0048006
0.0056167
0.0023456
0.00060576
0.10364
0.83548
0.00096169
0.0021021
0.012512
-0.00054562
-0.38713
-0.0050188
-0.10857
-0.0061737
0.0083908
-0.0031926
0.0068612
0.69651
-0.0098164
0.00096941
-0.7444
0.55303
0.97711
0.0012999
-0.0015703
-0.0064899
-0.0014231
-0.16033
-0.0056105
0.023992
0.00628
0.0017872
0.024707
-0.0054871
-0.51537
0.0075637
0.0046762
-0.0058646
-0.0017299
-0.0026906
0.76106
0.0063544
-0.016836
-0.89817
0.0067437
-0.53859
-0.0022534
0.0023756
-1.1259
0.43848
0.0023196
-1.3364
-0.0021078
-0.020634
-1.1617
-0.0015499
0.0018385
1.3613
-0.0031704
0.0078568
0.00091406
2.2452
0.0040226
3.7964e-05
0.0028468
0.0025448
-0.023964
-0.046544
-0.16887
-0.0098427
-0.023046
-0.0016454
0.004468
-0.0012574
0.51528
-0.0039267
0.0077264
-0.0024498
0.0156
-0.0045728
-0.0074844
-0.72437
-0.003066
0.0010612
-0.00039995
-0.58753
0.014993
-0.004569
0.0047102
0.0015147
4.9865e-05
0.0063027
0.0073648
-0.0036913
-0.0043629
0.028525
-0.0034251
-0.0052458
0.001187
0.00020102
-0.0057771
-0.65991
0.0069901
0.0018346
0.002138
0.0020071
-0.0037725
0.0068444
-0.0099816
0.00027829
0.35894
-0.0017881
0.0099511
0.0085282
0.0053197
-0.00039273
-0.44455
-0.0012322
-0.011573
0.00062644
0.0017142
-0.00092412
0.0022146
-3.4329e-06
0.14989
-0.066638
-0.0040432
0.0039816
0.0076146
-0.00037025
-0.36362
-0.51534
0.80452
-0.0066756
0.0098065
-0.0040574
-0.0037076
0.69453
8.2038e-05
-0.41985
0.11113
0.61169
1.2716
0.00302
-0.001222
-0.0094399
0.0010981
0.97077
-0.0037904
0.013578
0.0058465
-0.0020042
-0.7237
-0.0047102
-1.075
0.012756
0.0041447
-0.0019028
-0.0058394
0.0025877
0.90706
0.010325
-0.0019892
-0.88644
0.004943
-0.85699
-0.0044075
0.0047169
-0.86289
0.21713
0.0011377
-1.5131
-0.0033723
-0.0027004
-0.68024
0.00047046
0.0033183
0.43472
0.00019163
0.0076015
-0.00066634
1.886
-0.0017608
0.0037664
-0.0032342
-0.002037
-0.011341
0.69259
0.41243
0.00064706
-0.0087075
0.0020055
0.0076877
0.006487
0.81496
-0.0032049
0.0064438
-0.0050723
-0.0034316
-0.0032876
-0.0001188
-1.0303
-0.0014692
0.0019864
-0.0002907
-0.74121
-0.0024692
-0.0073096
-0.007007
-0.0006955
-0.0017479
0.00757
0.0089871
-0.006921
-0.0036933
-0.1927
-0.002723
-0.0052517
-0.00037051
-0.00797
0.0052141
-0.2131
0.0083204
0.0052561
0.00042684
-0.00019205
-0.008697
0.0038256
9.0544e-05
0.0017744
0.85117
0.00019921
0.0093592
0.0023349
0.0046873
0.0012492
-0.82826
-0.004174
-0.01066
-0.00077269
0.0036427
-0.0040396
0.0018675
0.0011782
0.22669
-0.90903
-0.0073362
0.0022221
-0.0035112
-0.0012627
0.29744
-0.87941
1.0946
-0.0025837
0.012059
-0.0028555
-0.0068022
-0.15879
0.0045187
-0.8645
1.4341
0.09867
1.0631
0.0012485
-0.0034494
-0.010221
0.0010264
0.9516
0.00085261
-0.0096062
0.0032426
-0.0030542
-0.85167
-0.0043474
-0.38438
0.014379
0.0025066
-0.0022218
-0.0086227
0.0044935
0.49229
0.011745
0.0090476
-0.4567
0.0025399
-0.58944
-0.0029764
0.0050937
0.47394
-0.59373
-0.00032461
-1.4011
-0.0013607
0.018933
-0.050576
0.0030555
0.0022043
-0.27212
0.002532
-0.0037693
-0.0026185
1.2085
-0.0030982
0.0045389
0.00011066
-0.0039487
0.0015288
0.74895
0.49034
0.0094329
0.0036906
0.0025735
0.0064378
0.0042431
1.2568
-0.0021585
0.0019704
-0.0031469
-0.011237
-0.00060138
0.0057091
-1.0714
0.003917
-0.00061974
0.0032323
-0.87319
-0.011533
-0.0069559
-0.019517
-0.0015456
-0.0018848
0.0013513
0.0032782
-0.0062293
-0.0019065
-0.33058
0.00042947
-0.0031445
-0.0011373
-0.01377
0.011066
-0.0046931
-0.0055503
0.0052073
-0.0011404
-0.00098155
-0.0052473
-0.002044
0.019847
0.0026674
0.25475
0.00047507
0.0029951
-0.00052896
0.00043489
0.0026344
-0.17956
-0.0025412
-0.0096221
-0.00048468
0.00167
-0.0057892
-0.002669
-0.00015167
0.25738
-1.1254
-0.0045685
-0.00091915
-0.0093625
-0.000563
0.91276
-0.58245
0.14294
-0.0018452
0.0099696
-0.00082009
-0.0085854
-1.1709
0.005247
-0.87615
1.9843
-0.52417
0.63045
-0.00149
-0.00091719
-0.010703
-0.0010121
-0.10145
0.0025973
-0.022401
0.0003852
-0.0014997
0.072273
-0.0033479
0.66321
0.0099422
0.007354
-0.00070353
-0.0051966
0.0016192
-0.52473
0.0089087
0.0093905
-0.011838
0.0034217
0.63422
-0.005515
0.0014542
1.0028
-1.1152
-0.00047943
-0.80976
-0.0014234
0.017401
0.39494
0.0013371
-0.00069985
-0.51322
0.0015584
-0.017192
-0.0020109
0.73777
-0.0016393
0.0033383
0.0015549
-0.0040938
0.018836
0.35906
0.13387
0.0105
0.0033274
0.0033525
0.0028045
-0.0010134
1.5691
-0.0013661
-0.0029451
-0.0019965
-0.0075272
-2.406e-05
0.0080513
-0.85848
0.0071845
-2.2572e-05
0.0027292
-0.71262
-0.0071327
-0.0057894
-0.020837
0.00026679
0.0033494
-0.00051553
-0.000621
-0.0029467
0.00017247
-0.28127
2.7353e-05
-0.0037593
-0.0040479
-0.014706
0.010149
0.0086996
-0.011135
0.0038723
0.0033755
-0.0011718
-0.0012966
-0.0041052
0.02658
0.0005479
-0.26231
0.0028013
-0.0015769
0.00081197
-0.00090666
0.0028574
0.44001
0.0017417
-0.0049965
0.00084261
-0.0025115
-0.0085284
-0.0019097
-0.0030828
0.20709
-0.89301
-0.001993
-0.0002235
-0.01086
-0.0019721
0.70947
-0.15067
-0.59189
-0.0023881
0.0078007
0.0021817
-0.0080963
-1.308
0.0038733
-0.45096
1.5467
-0.69029
0.2737
-0.0023836
-0.00045314
-0.011802
-0.00087538
-0.73317
0.0014809
-0.021339
-0.0033197
0.00032935
0.75303
0.00038939
0.68438
0.0036191
0.012763
-0.0024082
0.0024567
-0.00038581
-1.0696
0.001829
0.0064576
0.10463
0.0047113
1.2452
-0.0094311
-0.0011125
0.50895
-0.79893
0.00083006
-0.35251
-0.0032662
0.00077516
0.54835
0.0013375
-0.00056399
-0.50199
0.0027569
-0.017675
-0.0016331
0.38196
-0.0023043
0.0024898
0.00067008
-0.00037057
0.023776
0.16562
-0.15947
0.0067549
-0.00013363
0.0024964
-0.002774
-0.0031031
1.4349
-0.00027433
0.004884
0.00932
0.024436
-0.002298
-0.0091553
0.52267
-0.002724
-0.0027307
0.00086889
-0.91564
0.023826
0.0027078
0.015174
-0.0031665
-0.0050384
-0.0041328
0.0040738
0.0050579
-0.00099678
0.80303
-0.0033613
0.0015742
-0.001205
0.017392
-0.0092588
-0.94326
-0.0021828
0.00056493
-0.0026881
0.00022413
0.0019864
-0.0021548
-0.00076188
0.0081417
-1.7563
-0.0019061
0.0060342
0.0029337
-0.0019926
-0.0006249
1.7257
0.00072225
-0.0096539
0.0020021
0.013691
0.0039489
0.00054197
0.0020474
-0.22477
1.1069
0.0021819
0.00040027
0.0098579
-0.00037453
-0.37487
0.57395
-0.65497
0.00097161
0.011647
-0.0032129
0.016434
-0.10133
-0.012568
0.21411
-0.95487
-0.25208
-0.34348
-0.001604
0.0014376
-0.0039494
0.00037045
-0.5421
-0.00059671
0.021025
0.0058379
0.0029276
0.32323
-0.0042934
-0.061484
0.0095359
-0.0017464
-0.0034132
0.0012416
-0.0020845
0.57739
0.0068272
-0.01906
-0.066225
0.0050815
0.03303
-0.0005144
-0.0029047
-0.52012
0.5177
0.0014548
-0.95161
-0.0022796
-0.025577
-0.37447
-0.0024672
-0.0013726
1.8217
-0.00072336
-0.0015698
0.00033738
0.76926
0.0013565
-0.0017158
0.0036668
0.00054616
-0.03018
-0.88697
-0.4205
-0.0086063
-0.022518
0.0021573
0.0026871
-0.002925
0.73127
-0.0027533
0.0070108
0.0028328
0.021161
-0.0050087
-0.010096
0.26608
-0.0044195
-0.002268
0.0038705
-1.0901
0.024517
0.0012925
0.018375
-0.00063806
-0.0024176
0.00022381
0.0059448
0.0019252
-0.0012908
0.85518
-0.0041154
-0.0014077
-0.0027845
0.014308
-0.0096299
-1.201
0.0030304
0.0035873
-0.00049649
0.0036279
-0.00025043
0.001609
-0.005392
0.0060474
-1.0095
-0.0031731
0.011845
0.0075125
0.0037911
-0.002492
1.0231
0.0004316
-0.01215
0.0039831
0.010268
0.0017296
0.0027471
-0.0013059
-0.19954
1.0278
-0.002828
0.0035114
0.012299
-0.0019729
-0.46841
0.51253
-0.56646
-0.0020674
0.0090717
-0.0019337
0.013489
0.77642
-0.0076266
-0.084371
-1.2819
-0.06355
0.36831
0.0024367
0.00060098
-0.0098712
-0.00059762
0.43617
-0.0025064
0.03218
0.0044955
-0.001282
-0.18397
-0.0048804
-0.86453
0.011699
0.0038276
-0.0039776
-0.0038971
-0.00019079
0.91515
0.0079744
-0.01799
-0.68081
0.0069009
-0.28859
-0.0038213
0.00077741
-1.0763
0.51039
0.003539
-1.1067
-0.0030178
-0.025613
0.15002
0.001751
0.0012181
1.8678
0.0018031
0.0059398
0.00056654
0.82374
0.00069232
0.00048062
-0.0014398
-0.0024136
-0.028378
-0.20605
-0.057752
-0.010376
-0.02189
0.0029237
0.005008
-0.0010256
0.99372
-0.0034155
0.0084944
-0.0066997
0.0016703
-0.0022313
-0.0048198
-0.36135
-0.0051093
-0.00070546
0.005149
-0.92576
0.007146
-0.00066906
0.008611
0.00046024
-0.00062623
0.0081212
0.0064238
-0.007457
-0.0048318
0.61708
-0.0020783
-0.0043652
-0.00060329
0.0038903
-0.0029911
-1.0573
0.0087146
0.0029634
-0.0017748
0.0040227
-0.0059509
0.0026332
-0.010391
0.0040882
0.86634
-0.00065921
0.010439
0.0080978
0.0055022
-0.00027561
-0.60607
-0.0025602
-0.011354
0.00036132
0.006733
-0.0022404
0.0042091
-0.00067106
-0.22469
0.060776
-0.0082034
0.0043832
0.0057311
-0.0019564
-0.061975
-0.28625
0.61342
-0.0020111
0.0033584
-0.003753
0.0050031
1.2874
-0.0010715
-0.73712
-0.88134
0.16497
1.2381
0.0040827
-0.0030898
-0.013071
1.7306e-05
1.2596
-0.0023776
0.019718
0.0027992
-0.0076317
-1.0497
-0.0028668
-1.129
0.012405
0.0032284
-0.0037951
-0.010621
0.0029757
1.1525
0.010105
-0.0020465
-0.90367
0.0058218
-0.89182
-0.0044064
0.0028756
-0.7578
-0.13661
0.0019735
-0.84423
-0.0022724
-0.00033496
0.88516
0.0026086
0.0036433
0.88677
0.0020913
0.0097037
-0.001312
0.29806
-0.0044913
0.0029824
-0.0057954
-0.0057924
-0.015204
0.88504
0.30474
-0.0034615
-0.0062735
0.0025498
0.0071197
0.0047399
0.82562
-0.0033361
0.0069033
-0.015644
-0.012745
-0.0015705
0.0015847
-0.96804
-0.003001
9.5838e-05
0.0041173
-0.86308
-0.013114
-0.0022511
-0.0070187
0.0011915
-0.0030437
0.0072013
0.0031901
-0.013095
-0.0041039
0.38114
0.00083929
-0.0024876
0.0025178
-0.0031316
0.0055409
-0.81444
0.005295
-0.000825
-0.00479
0.00053909
-0.0072201
0.00048054
-0.0042548
0.0037875
1.0737
-0.00068119
0.0087239
0.0023686
0.0047606
0.0013953
-1.0785
-0.0025612
-0.008114
-0.00047997
0.005238
-0.00063591
0.0021214
0.001674
-0.087338
-0.89505
-0.0063403
0.0041789
-0.0073766
0.00034578
0.6966
-1.0098
1.425
-0.00058474
0.0027834
-0.0062802
0.001041
0.5025
0.0038401
-1.1295
0.34153
-0.028643
1.584
0.0038054
-0.006166
-0.011935
0.00064365
0.56478
-0.0032602
-0.013061
0.0021881
-0.0084808
-0.84238
-0.0017262
0.033104
0.014222
0.0033116
-0.0038264
-0.011822
0.0041311
0.65379
0.011712
0.0072951
-0.43582
0.0066505
-0.62846
-0.0028404
-0.0024984
0.6593
-0.96979
0.0015947
-0.37684
0.0011577
0.023669
1.3031
0.0017794
0.0018576
0.12043
0.0008673
0.0031052
-0.0019438
-0.23137
-0.0044247
-0.00099943
-0.007334
-0.0061556
-0.0034697
0.97667
-0.08682
0.00076341
0.0060304
0.0010961
0.0067406
0.0020382
0.59606
-0.00071057
-0.0015496
-0.016572
-0.014475
0.00062376
0.0060179
-1.457
0.0021614
-0.0015841
0.0074233
-0.82396
-0.019069
-0.0028058
-0.020354
-0.002113
-0.0027374
-0.0019556
-0.0038173
-0.01049
0.0016122
0.20316
0.0045751
-0.0011474
0.0026402
-0.0098903
0.0090166
-0.5743
-0.0094958
-0.0049254
-0.0060814
0.0017301
0.0009965
-0.0065307
0.0154
0.0059214
0.13612
0.0007605
0.00048578
-0.001562
0.00024277
0.0036697
-0.356
0.00095797
-0.0061161
0.0013807
0.00038715
-0.00041802
-0.0020393
-9.4826e-05
0.078393
-1.2044
-0.00016718
0.00177
-0.017947
-0.00079042
0.92033
-0.8595
0.70812
-0.0014724
0.0018393
-0.002967
0.0005495
-0.95777
0.00061338
-0.71118
1.5289
-0.49457
1.3411
9.4844e-05
-0.004549
-0.014204
-0.00063276
-0.69663
-0.0025796
-0.037382
-0.0021282
-0.0059709
0.506
-0.0013079
0.97173
0.0086107
0.0092889
-0.0017934
-0.0048159
0.0025207
-0.58096
0.0065426
0.0076898
0.15244
0.0084035
0.97668
-0.0040855
-0.0062204
1.1253
-1.0415
-0.001375
0.28657
0.0028823
0.016666
1.2217
0.00074323
-0.0013003
-0.091474
0.0019765
-0.010509
0.0014952
-0.35397
-0.00089811
-0.0036669
-0.0074077
-0.0032663
0.018188
0.50322
-0.72149
9.0973e-05
0.0069033
-0.00057605
0.0014423
-0.0051908
0.45245
-0.0013269
-0.0036339
-0.0097912
-0.0069344
0.0017775
0.0057956
-1.5193
0.0064275
-0.0019403
0.0050969
-0.62066
-0.011657
-0.0015445
-0.024867
-0.00073898
0.0005825
-0.0054276
-0.0055691
-0.0052183
0.0039438
0.1065
0.0046278
-0.0014248
-0.0015149
-0.010449
0.0077657
-0.40409
-0.01577
-0.0036339
-0.003176
0.0026458
0.0055229
-0.0054136
0.023661
0.0018801
-0.30648
0.0024476
-0.00090319
-0.0017391
-0.0015698
0.0022415
0.40513
0.0031859
-0.0020291
0.0037348
-0.0055479
-0.0021383
-0.0015788
-0.0031173
0.095046
-1.0183
0.0031389
-0.00017642
-0.016542
-0.0032163
0.29705
-0.38095
-0.37772
-0.002838
0.0010567
0.0013723
-0.0022728
-1.464
0.0010591
0.0024805
1.5956
-0.65595
0.79956
-0.00070464
-0.0018828
-0.012581
-0.0035562
-1.0812
0.00023267
-0.034534
-0.0033476
-0.0019535
1.0939
0.0011925
0.59527
0.0018443
0.014886
-0.0023747
0.0039131
-7.7952e-05
-1.2278
0.00081419
0.0012896
0.3259
0.0067867
1.7806
-0.006574
-0.0044984
0.38353
-0.44493
-0.00079796
0.47351
0.0010628
-0.0040053
0.82654
-0.0017427
-0.0014339
-0.075865
0.00063715
-0.014131
0.0014292
-0.24852
0.0015172
-0.003219
-0.0045698
0.0023301
0.0268
0.23138
-0.75355
-0.0012752
0.0028535
-0.0023732
-0.0032363
-0.0061607
0.36874
0.00051715
0.0031703
0.00041938
0.030333
0.001976
-0.0025036
0.59169
-0.0053854
-0.0032129
0.0024115
-1.1743
0.024774
0.0061174
0.016716
-0.00022505
-0.0011453
-0.0029596
0.0041918
0.0059792
-0.00060384
0.82053
-0.0048992
0.00045597
-0.0033547
0.012301
-0.0058297
0.7517
0.0019206
-0.00091336
-0.0012531
-0.0027187
-0.0016227
9.1773e-05
-0.00010904
0.0046092
-1.6763
-0.0047098
0.0064065
-0.0030188
-0.00079969
0.00094421
1.6757
-0.0019646
-0.0031811
-0.0010411
0.014235
0.00071427
0.0013395
0.0023555
-0.63473
0.75318
-0.0010086
-0.00094579
0.0057785
-0.0011691
-0.6143
0.81991
-0.52328
0.0050802
0.015752
0.0022275
0.011986
-0.73141
-0.0050673
-0.038116
-0.34448
-0.46414
-0.91986
-0.00031876
0.0019392
-0.002512
-0.00018258
0.31302
0.0024545
0.014697
0.00092946
0.0021089
-0.0050457
0.0027325
-0.46056
0.011431
-0.0019012
0.0019466
0.0016153
-0.00022111
0.35838
0.011136
-0.0088353
0.76038
0.0019921
0.22838
0.0024513
-0.001173
-0.3966
0.78206
0.00049215
-0.20501
-0.0016931
-0.031669
0.60028
0.0030553
-0.00043485
0.7874
0.00050245
-0.0056843
-0.00033838
-0.96706
-0.0019967
-0.0020237
-0.009219
-0.00051616
-0.022856
-1.221
-0.19033
-0.007643
-0.0091782
0.0026727
0.0035872
0.0007864
0.89581
-0.00078708
0.0038275
-0.0046727
0.015294
0.00074386
0.00034133
0.67864
-0.0059788
-0.0036412
0.0074505
-1.2442
0.012286
0.0058948
0.023636
0.0024632
-0.00072009
-0.0014172
0.0012081
0.00044656
-0.0024793
1.0646
-0.0021268
-0.0017542
-0.0059478
0.0094295
-0.0036279
0.50178
0.0036091
-0.00035762
8.2241e-05
-0.00031033
-0.0014774
-0.0010756
-0.0069033
0.005488
-0.55475
-0.0059838
0.008685
0.00070831
-5.7784e-05
0.00034918
0.94797
-0.0037918
-0.0035901
0.0018031
0.013367
-0.00053844
0.0010982
9.4821e-05
-0.85161
0.70397
-0.0018074
0.0015607
0.0046868
-0.0031421
-0.16926
1.1361
-0.84767
0.0040816
0.012725
0.0025103
0.011326
0.19704
-0.0040996
-0.4634
-0.80567
-0.66771
-0.78938
0.0016815
-0.001411
-0.0049958
-0.00031373
1.1343
0.0029556
0.02541
-0.0014283
-0.0018613
-0.51965
0.0028928
-1.066
0.0093332
0.0033648
0.0016788
-0.0010653
0.0010695
0.70931
0.014953
-0.0058008
0.10808
0.00062225
0.080418
-0.00097898
-0.0029841
-0.95273
0.33641
3.8306e-05
0.1765
-0.0024818
-0.032262
1.2686
0.0045311
-0.00056863
0.6084
0.0026488
0.0010537
-0.0020342
-1.343
-0.004454
-0.00083223
-0.011622
-0.004254
-0.018733
-0.70559
0.054605
-0.0089588
-0.0069909
0.0036103
0.003217
0.00069827
0.86606
-0.0014359
0.0036304
-0.013611
-0.015053
0.0015625
0.0027173
0.67242
-0.0040363
0.00069969
0.005325
-0.82125
-0.013147
0.0003475
0.015542
0.0014632
-0.0016855
0.001965
-0.00046454
-0.0078181
-0.0028615
1.156
0.0005108
-0.0023659
-0.0028688
0.0019067
0.0040348
-0.16223
0.0037766
-0.0010172
-0.0027204
6.5341e-05
-0.0035161
-0.0016251
-0.01356
0.0040914
1.1136
-0.00083891
0.001949
-0.00087663
0.00027836
0.00090923
-0.43795
-0.0016955
0.00091424
-0.00039997
0.0052517
-0.0024212
0.001884
-0.0025976
-0.93793
0.054413
-0.0028015
0.0020365
-0.00061503
-0.0025217
0.74474
0.45743
-0.20145
0.001728
-0.00066913
-0.00067139
0.0081826
1.2513
1.064e-05
-0.84959
-1.2139
-0.69026
-0.062324
0.0033945
-0.0031136
-0.0033201
-0.0014095
1.0232
0.00076991
0.015716
-0.0026667
-0.0051202
-1.0018
0.0032827
-0.64303
0.0051603
0.0057417
0.0014588
-0.0049351
0.0025196
0.99688
0.0089715
-0.00044978
-0.75699
0.0029714
-0.68593
-0.0020962
-0.0045052
-0.73518
-0.78268
0.00083636
0.86631
-5.1541e-05
-0.0069276
1.501
0.0046678
-0.00068275
0.078456
0.0019846
0.0078694
5.8937e-05
-1.3742
-0.0040265
-0.00034805
-0.012156
-0.0046672
-0.012895
0.60123
-0.17869
-0.006507
0.001204
0.0026087
0.0021917
0.00063948
0.071188
-0.0029652
0.0010046
-0.019309
-0.027441
-0.00077158
0.002391
0.50326
-0.0021214
-0.0015142
0.0021659
-0.40298
-0.024359
0.001927
-0.0039991
-0.0011869
-0.0040842
-0.0021119
-0.0036168
-0.011561
-0.0011269
1.1128
0.0023398
0.00064657
0.003008
0.00080491
0.0070913
-0.82602
-0.0023326
-0.005838
-0.0047072
0.00017203
0.0025077
-0.003682
-0.008796
0.0013015
0.77107
-0.00068425
0.00023787
-0.0024565
-0.0013294
0.0017579
-0.81421
0.00076128
0.0053218
0.00019792
0.00069547
0.00045044
-0.00010958
0.0002702
-0.90219
-0.60783
-0.00085816
0.0016269
-0.0055286
-0.00015508
1.0377
-0.57979
0.95897
0.0010895
-0.0088746
-0.0040506
0.0075963
0.97751
-0.0012153
-0.62644
-0.93347
-0.52952
0.57537
0.0022941
-0.0039945
-0.00031729
-0.00083422
-0.22516
-0.0024483
-0.011904
-0.0015528
-0.0051737
-0.41115
0.000489
0.73243
0.0021612
0.0018968
-0.001599
-0.0020623
0.0019497
0.53319
0.0017102
0.0024225
-0.64438
0.0054738
-0.69652
-0.0014725
-0.008132
0.51951
-1.0733
-0.00095767
1.2904
0.0028638
0.016775
1.1377
-0.0002725
-0.0015235
-0.043131
0.00174
0.0078767
-3.0858e-05
-1.2177
-0.0021851
-0.0056301
-0.012036
-0.0020112
-0.0057008
0.92245
-1.0248
-0.0088443
0.0059774
-0.00087019
-1.4e-05
-0.0028642
-0.79108
-0.0011844
-0.0048855
-0.016012
-0.020121
0.00049765
0.0009095
-0.057874
-0.00066666
-0.00082765
0.0032729
-0.1282
-0.019615
0.0071402
-0.022483
-0.0021443
-0.0030032
-0.0077208
-0.0091457
-0.005453
0.0035285
1.052
0.0038101
0.0045195
0.0038914
-0.0012226
0.0058858
-1.0949
-0.0154
-0.013603
-0.0057449
0.0022502
0.0091544
-0.0062892
0.0056053
0.0037333
-0.1519
-0.00043947
-0.0018316
-0.0011329
-0.0022693
0.0035728
-0.41098
0.0048838
0.007495
0.0042357
-0.0073149
0.0039627
-0.0030234
-0.00026047
-0.85414
-0.96384
0.0076915
0.0028473
-0.0087715
0.0014649
0.23801
-0.98255
1.2672
0.0041749
-0.010501
-0.0034139
0.0096658
-0.40603
-0.0043774
0.3119
-0.013481
-0.37209
0.89137
-0.0013197
-0.0038179
0.0038281
-0.0030909
-1.0023
-0.0039051
-0.034176
-0.0020085
-0.0046723
0.86469
-0.00071595
0.97849
0.0022205
0.0049565
-0.0043755
0.00057658
-0.0015706
-0.60628
-0.0087009
1.6101e-05
0.048698
0.0083463
1.0056
-0.00054924
-0.01015
0.93178
-0.26565
-0.0016357
1.5327
0.002429
0.013693
0.47062
-0.0031159
-0.00369
0.18584
-0.0023267
-0.0032719
0.0032557
-0.84337
0.0022895
-0.0096974
-0.0089425
0.0014438
0.011142
0.47304
-1.3584
-0.011765
0.0024767
-0.0049143
0.00013158
-0.0081487
-1.2381
0.0013333
-0.0058114
-0.0071672
-0.0083417
0.0013394
5.2563e-05
-0.61341
0.0013566
-0.001551
0.0061755
-0.11267
-0.0075781
0.0081671
-0.022153
-0.0026742
-0.0011833
-0.0082642
-0.0066264
-0.0025396
0.0042354
0.75997
0.0046163
0.0059625
0.0010294
-0.00034636
0.0020196
-0.8883
-0.017581
-0.011017
-0.0046662
0.002918
0.0090499
-0.0064863
0.017022
0.0032049
-0.2732
0.0011252
-0.0036241
-0.0015825
-0.00063617
0.0017947
0.081073
0.004822
0.0051363
0.0058356
-0.0075298
0.0038939
-0.003236
0.00041163
-0.75923
-0.8235
0.0087126
0.0022048
-0.0042789
-0.00096338
-0.62753
-0.74537
0.58831
0.0043639
-0.0090443
-0.0016649
0.0080162
-1.1494
-0.0028318
0.91279
0.57227
-0.29125
0.72386
-0.00056165
-0.0033189
0.0025552
-0.0037719
-0.70328
-0.0014725
-0.030244
-0.0028932
-0.0017167
1.0634
0.00027701
0.11906
-0.001779
0.0053281
-0.00155
0.0052076
-0.0031313
-1.1197
-0.012347
-0.0042599
0.41833
0.0052842
1.9521
-0.00043918
-0.0081697
0.18271
0.49542
-0.000752
1.2457
0.0010817
-0.0023494
-0.021794
-0.0022129
-0.002831
0.30784
-0.0021011
-0.0068979
0.0029317
-0.4205
0.0031182
-0.0078034
-0.005696
0.0019914
0.021484
0.11287
-0.83637
-0.0080305
-0.00098591
-0.0041649
0.0009677
-0.0087852
-1.0448
0.003012
-0.0019803
-0.0090293
0.050498
0.0020596
-0.0028232
0.076734
-0.0016884
-0.0017187
0.0013177
-0.31331
0.024281
0.00679
0.025467
0.0016807
0.0025125
-0.0059871
-0.0049383
0.0051067
0.001903
0.33648
-0.0012694
0.0010587
-0.00086568
0.0079634
-0.010117
1.5073
0.0077165
-0.0075791
6.6576e-05
-0.0009255
0.0022529
0.0010226
-0.0067428
-0.00083079
-1.2912
-0.00063719
0.0043381
-0.005986
-0.0032266
0.0013238
1.4519
-0.0016846
0.0034195
-0.0016601
0.011401
0.0057506
-0.00049015
0.00059917
-0.81908
0.4528
0.0039982
-0.0016065
-0.0010886
-0.0030921
-0.20142
0.39057
-0.092217
0.0027799
0.0096665
0.0033309
0.0040873
-1.0043
-0.0028025
-0.44644
0.46869
0.66093
-0.7752
-0.0018191
-0.00080167
0.0035228
-0.0011922
1.1643
0.0026654
0.013305
-0.0042354
0.0019348
-0.33041
0.0045264
-0.99565
0.002376
0.00091491
0.0021805
0.004894
-0.00050856
0.23856
0.013214
-0.0031239
1.4752
-0.0040491
0.048225
0.0054653
-0.0013544
-0.20795
1.0066
-0.00027902
0.37545
0.00073449
-0.037995
0.45163
0.0016187
0.00061211
-0.80642
0.00014964
0.0058942
0.001087
-1.079
-0.0014161
-0.0030342
-0.014606
0.0028275
-0.016035
-1.2858
-0.25045
-0.01251
4.6203e-05
0.00045797
-0.0038889
-0.0018085
0.17661
0.00043213
-0.0026787
-0.010486
0.027803
0.0055693
0.00075497
0.39773
-0.0028797
-0.0026545
0.0038144
-0.053621
0.0027861
0.0054874
0.030078
0.0031717
0.0017803
-0.0074666
-0.0065796
-0.00058974
0.0015125
0.4933
0.00046576
0.0014978
-0.0031997
0.0021216
-0.0017357
1.7019
0.0048951
-0.0093195
-0.0012681
-0.0029941
0.00046586
-0.0019541
-0.014974
0.0031123
0.033369
-0.0024251
-0.00030594
-0.0072474
-0.0052872
0.00060703
0.69538
-0.0019411
0.0061424
-0.0030371
0.010853
0.0026603
-0.0014811
0.00065094
-0.96338
0.40073
0.0036913
-0.0037618
-0.0052772
-0.0064618
0.60872
1.1111
-0.6569
0.001292
0.0063006
0.0028813
-0.00014644
-0.33339
-0.0015671
-0.79204
0.14966
0.39277
-1.0416
-0.0024058
-0.00038817
0.0043928
0.000612
1.2873
0.0026866
0.016334
-0.0057779
0.003451
-0.79669
0.0067249
-0.98554
0.002277
0.0021734
0.0058378
0.0040544
-0.00029622
0.53243
0.016146
0.0017058
0.99981
-0.0080323
-0.090432
0.0033562
-0.0041776
-0.76741
0.17539
-0.0021252
0.906
0.0024357
-0.036364
0.46243
0.0025895
-0.00096999
-1.2029
0.00052251
0.011041
-0.00078498
-1.0461
-0.0028439
-0.0023043
-0.013238
0.001669
-0.013955
-1.099
-0.25117
-0.0079564
0.0040314
-0.00020906
-0.0024024
-0.00078139
-0.039513
-0.0004168
-0.0028719
-0.0099162
-0.019222
0.0016138
0.0065942
1.0468
-0.0026329
-0.00082075
0.0010304
0.25069
-0.029045
-0.0051409
0.01349
0.0010213
0.0018285
-0.005764
-0.0056441
-0.0051607
0.00024662
0.60605
-0.00042052
0.00075958
-0.001175
-0.0046865
0.0084694
1.2049
-0.00063064
-0.0050792
-0.00055739
-0.0040515
-0.001697
-0.0038404
-0.020255
0.00015228
1.1615
-0.0017338
-0.0063013
-0.0079759
-0.0061098
-0.00069429
-0.39715
-0.0030884
0.0097128
-0.0031965
0.0014387
-0.0032808
-0.0020601
-7.6152e-05
-0.94628
-0.012509
0.001724
-0.0047974
-0.012466
-0.0039331
1.3425
1.215
-0.91813
-0.0012297
0.0016658
0.0014309
-0.0054445
1.0023
0.00040652
-0.46298
-0.48739
-0.36653
-0.95449
-0.0037769
0.0013009
0.0076118
0.00053162
0.22592
0.0016732
0.0022026
-0.0064189
0.0019602
-0.82214
0.0038593
0.38248
-0.0056015
0.0029041
0.0050218
0.0030029
-0.0011611
0.70925
0.0071219
0.0058282
-0.33094
-0.0013768
-0.84949
-0.0012483
-0.0041398
-0.69163
-1.2469
-0.001947
1.3029
0.0015338
-0.0078521
-0.059217
2.9597e-05
-0.0031697
-1.1454
6.0935e-05
0.0081071
-0.001653
-0.62146
-0.0019212
-0.0017384
-0.0076069
0.00012591
-0.0050133
0.21529
-0.58041
-0.0036622
0.0089896
-0.0012451
-0.0050969
-0.0020768
-0.52001
-0.0025811
-0.0028129
-0.0064841
-0.037175
-0.0017606
0.0072572
1.608
-0.0026146
0.0016311
-0.0038457
0.56013
-0.030712
-0.0040113
-0.0087357
-0.0010447
0.00028562
-0.0048605
-0.0065941
-0.0031806
0.00093045
0.64995
-0.0039173
-0.00014079
0.00017781
-0.0014305
0.00628
0.37196
-0.0056161
-0.0048951
0.0019999
-0.0016966
0.0018737
-0.0014978
-0.011029
-0.003979
0.50261
0.00082518
-0.0088636
-0.0059717
-0.0033142
-0.00085198
-0.67257
0.0022474
0.015195
-0.00090764
-0.0094927
-0.00083776
-0.00016849
-0.0032605
-1.0245
-0.40574
0.00098001
-0.0040537
-0.0063212
0.002022
0.78702
0.34704
-0.10048
-0.00017373
-0.0077693
-0.00024088
-0.0039553
1.3094
0.001415
0.45891
-0.87828
-0.75503
-0.85302
-0.002959
0.0015387
0.014804
-0.00053006
-0.94765
0.0010815
-0.014727
-0.0024345
0.0022904
0.03732
0.0019909
1.4757
-0.010541
8.9429e-05
0.00045229
0.003699
-0.0013397
0.20325
-0.0077551
0.006669
-0.84999
0.0015886
-1.1177
-0.0004937
-0.003095
0.40545
-1.0078
-0.0022803
1.2128
-0.0012448
0.020527
-0.74393
-0.0041332
-0.0030448
-0.67121
-0.00061128
-0.0015416
-0.002045
-0.38067
0.0013641
-0.0047392
-0.0050326
-0.0018495
0.0025592
0.89136
-0.86652
-0.0026208
0.0095007
-0.003548
-0.0060183
-0.0039374
-1.0756
0.00042068
-0.0042529
-0.00038283
-0.026595
-0.0029
0.0021599
1.6268
-0.00085484
-0.0005245
-0.004339
0.86349
-0.0096946
0.0098729
-0.025525
-0.0051107
-0.00098157
-0.0042501
-0.005402
0.0029172
0.0024966
0.67837
-0.0011442
0.0060285
0.0012565
0.0019412
0.0011091
-0.29141
-0.014652
-0.0062821
-0.0011116
-0.00042461
0.0078356
-0.0035941
0.0050344
-0.0056115
-0.22989
0.0022634
-0.0097076
-0.00231
-0.00034326
-0.00090382
-0.55807
0.0052609
0.016005
0.0034969
-0.016355
0.00083407
-0.0026427
-0.0010352
-1.2426
-0.67581
0.0068514
-0.00080684
0.011475
0.0023079
-0.6689
-0.8026
1.2014
0.0082315
-0.012869
-0.00021173
0.0016249
0.24096
-0.0013899
1.2401
-0.74509
-0.59408
-0.64774
-0.0022453
0.00088642
0.019432
-0.00095381
-0.84178
-0.0011844
-0.018654
-0.00025586
0.00094999
0.92357
-0.00084293
0.7808
-0.010493
-0.003718
-0.0020243
0.0054888
-0.004989
-0.73585
-0.025423
-0.0011934
-0.44674
0.0012708
0.41263
0.00026276
-0.0036329
0.8562
0.51129
0.00034947
1.0034
-0.0019113
0.025603
-1.0318
-0.0039953
-0.0017593
-0.10213
-0.0028899
-0.021276
0.00016331
-0.2187
0.0027756
-0.0049496
-0.0034612
-0.00067347
0.01553
0.57035
-0.27224
-0.0026242
0.0060728
-0.0018034
-0.0038805
-0.0096187
-1.4301
0.0039442
-0.0039941
0.0071967
-0.012486
-0.0011445
0.00048264
1.0591
-0.00029347
4.5994e-05
-0.00037785
0.70179
0.0037603
0.01552
-0.022396
-0.005086
-0.0046854
-0.0026197
-0.0019257
0.0037195
0.0032188
0.41818
-0.00085766
0.008279
0.00089846
0.001349
0.0029507
-0.50179
-0.015187
-0.0048247
-0.0046277
0.0023267
0.0061838
-0.0056286
0.015587
-0.0032429
-0.24163
0.00061784
-0.009325
-0.0044862
-0.0010672
0.00088921
-0.27439
0.0037795
0.011091
0.004018
-0.011275
0.00065519
-0.0037658
0.0014523
-1.2167
-0.55125
0.0076759
-0.0017029
0.020007
0.0017432
-1.3319
-1.1919
1.3074
0.011742
-0.01417
-0.0029759
0.0031968
-0.7906
-0.0026787
1.1726
-0.34224
-0.26052
-0.31483
-0.00051687
-0.0033104
0.016425
-0.0014914
0.018804
-0.00023486
-0.010273
-0.0023457
-0.0012008
0.79152
-0.0018568
-0.47187
-0.0046566
-0.0033802
-0.0010048
0.0055005
-0.0061628
-1.022
-0.025161
-0.0033005
0.032085
-0.0011223
1.606
0.00082061
-0.0019832
0.26471
1.1848
-0.002044
0.66791
4.4313e-05
0.011732
-0.80235
-0.0017994
-0.0035995
0.15086
-8.4754e-05
-0.023482
0.0015175
-0.039947
0.0016579
-0.0039887
-0.0022272
-0.00020848
0.021569
0.073055
0.5073
0.00086946
0.0017629
0.00026165
0.002166
-0.0084967
-1.2462
0.0031797
-0.0052919
0.0015913
0.062236
0.00091558
-0.0050557
-0.27681
0.0060989
-0.0011006
-0.0061943
0.90473
0.024522
-0.00046109
0.031345
-4.633e-05
0.00079631
-0.0018081
-0.0064352
0.0016802
0.00089982
-0.58685
0.0020981
-0.0015482
-0.0012886
0.0094804
-0.010403
0.45018
0.011724
-0.0026227
-0.00043016
-0.0015564
0.0048354
0.00015078
-0.010159
-0.0097586
-0.78602
0.0024094
-0.004391
-0.0039312
-0.0061617
-0.00031649
1.0427
-0.00082538
0.0038025
-0.0037518
0.0072035
0.0045865
8.176e-05
-0.00067158
0.025569
0.50875
0.0029582
-0.0032074
-0.0057539
-0.0024332
0.42107
-0.31389
0.044814
-0.0039252
-0.0096191
0.0037434
0.002629
-0.97661
-0.004369
-0.75497
0.57565
1.5791
-0.33873
-0.0020378
-0.00016602
0.0041618
3.5997e-05
1.2343
-0.0017069
0.020753
-0.0031649
0.00056156
-0.56131
0.0022327
-1.0875
-0.010799
-0.0045372
-0.0025816
0.0067136
-0.0016568
0.14814
0.0058028
-0.0052395
1.6742
-0.0080476
0.053144
0.0034515
0.00017914
-0.15466
0.9629
-0.00032319
0.20288
0.0005674
-0.034817
-0.14797
0.0011978
-0.0013558
-1.2341
-0.0015977
0.032207
0.0023424
-0.39551
0.00021722
-0.0045121
0.00056169
0.0050537
-0.018488
-1.2673
-0.59425
-0.010709
-0.0071244
-0.0021425
-0.0068646
-0.0007501
-0.78614
-0.0017193
-0.0038286
0.004803
0.037585
0.0031576
-0.002505
-0.31432
-0.00084898
-0.00014382
-0.0059719
1.3777
0.00083786
-0.004791
0.029126
0.001342
-0.0002699
-0.0025565
-0.0031743
0.00079093
-2.1843e-05
-0.77471
0.0014354
0.0006856
-0.0028675
0.0026893
-0.0021984
0.7324
0.0097731
-0.00045321
-0.0015204
-0.0040757
-0.00027823
-0.0036906
-0.018219
-0.005734
0.55811
-0.00016366
-0.0045279
-0.0059
-0.0061436
0.00086191
0.18138
-0.0048978
0.0044694
-0.0059931
0.010198
0.00052476
-0.00056191
0.0013965
0.44864
0.47381
0.0017498
-0.0048646
-0.019265
-0.0040337
1.1077
0.61852
-0.50175
-0.0057519
-0.011915
0.00029904
-0.0047296
-0.65261
-0.0026091
-0.68064
0.43521
1.7372
-0.39881
-0.003007
-0.0023807
0.0066854
-0.00016213
0.65418
0.0018173
0.0096363
-0.0040269
0.0016828
-0.89461
0.0006367
-0.35828
-0.011535
-0.0085781
0.0010214
0.0043669
-0.00027619
0.46327
0.0089825
-0.00041274
1.6254
-0.0086593
-0.089709
0.0034752
-0.0027043
-0.69088
-0.091633
-0.001161
0.4172
0.0020449
-0.031666
-0.67901
-0.00026913
-0.0019408
-1.4495
-0.0029911
0.037617
-0.0001989
-0.054826
-0.00034814
-0.0032733
0.0026141
0.0021437
-0.018538
-1.3429
-0.65993
-0.0013098
4.3838e-06
-0.00042622
-0.0054183
0.0029583
-0.82927
-0.0026208
0.00027615
0.0046457
-0.01627
0.0016703
0.0023532
0.11444
-0.0055722
0.0012544
-0.0042809
1.1524
-0.030253
-0.016385
0.006389
0.001907
0.0013351
-0.00050618
-0.0016323
-0.00065029
-0.001718
-0.69998
-0.0034154
-0.0027016
-0.0012818
-0.0050641
0.0047624
0.95851
0.002041
0.0019647
0.0026558
-0.005516
-0.0054605
0.00039745
-0.017293
-0.0022394
1.187
-0.0050315
-0.006521
-0.0057539
-0.0029772
-0.002542
-0.66153
-0.0037229
0.0045573
-0.0026578
0.00049058
-0.001441
-0.0022077
2.7883e-05
0.77619
0.18336
-0.0015501
-0.0051981
-0.027072
-0.00097835
0.92367
1.5297
-1.2478
-0.009796
-0.006111
0.00095586
-0.01377
0.54669
0.0022649
0.36704
0.1082
0.76556
-0.58129
-0.004015
0.0018989
0.0052159
-0.00019173
-0.75674
0.0024272
-0.013934
-0.0028718
0.0043817
-0.5755
0.00084626
1.2629
-0.010587
-0.0082136
0.00434
-0.00024766
-0.0024545
0.46928
0.0037922
0.0059254
0.3607
-0.0061497
-0.8669
0.00027757
0.001134
-0.62142
-1.3061
-0.0039603
0.40343
-0.00066178
-0.0054506
-1.1952
-0.0028637
-0.0033906
-1.0482
-0.0015757
0.023302
-0.0015279
0.28524
-0.00085023
0.00087212
0.0082197
0.0011135
-0.0020841
-0.31218
-0.42841
0.0079349
0.0054243
-0.0019128
-0.0032969
0.0058464
-0.55208
0.00022365
-0.0021234
0.0070321
-0.03977
-0.00070447
0.0033175
0.6925
-0.0034449
0.0033866
-0.0081444
0.93068
-0.025475
-0.01268
-0.015695
0.0016458
0.0047153
0.0020202
-0.0012851
0.0054983
-0.003331
-0.75375
-0.0050678
-0.0030862
0.00046519
-0.0081896
0.001368
1.0303
0.00084587
0.0039016
0.0090645
-0.0041637
-0.0032997
0.0076212
-0.0053068
-0.0038389
0.46039
-0.0011178
-0.0050322
-0.00194
0.00062552
-0.0062116
-0.87644
-4.9617e-05
0.006761
-0.0023128
-0.015034
-0.0042077
-0.0019944
-0.0039661
0.66518
-0.065106
-0.0021708
-0.0025231
-0.0082608
0.0047035
-0.29787
1.0624
-1.0635
-0.0061761
-0.0039337
0.0023829
-0.017655
1.2538
0.006984
1.2895
-0.22184
-0.3674
-0.93932
-0.0031525
0.0058577
0.0082567
0.0015499
-1.2674
0.00083394
-0.014565
0.00038377
0.004877
0.38108
-0.00025809
1.5163
-0.013294
-0.008327
0.0042945
-0.0004889
-0.00309
-0.24295
-0.013055
0.0090605
-0.67382
-0.004687
-1.2871
0.0016647
0.0079552
0.43367
-0.60436
-0.004053
0.021448
-0.0033701
0.024881
-1.2428
-0.0052241
-0.0010048
-0.47515
-0.0045662
-0.004275
-0.0039391
0.14098
0.00097514
0.003679
0.0087979
-0.00038526
0.01334
0.71271
0.35835
0.0090991
0.011532
-0.0039474
-0.0062691
0.0050998
-0.42543
0.0021421
-0.0056453
0.011882
-0.029532
-0.0033423
-0.0003198
1.1155
0.0010541
0.003986
-0.0073815
1.0706
0.0053956
0.0042002
-0.028415
-0.0032376
0.002598
0.0029312
-0.00014949
0.0088636
-0.0014927
-0.88054
-0.0029053
0.00070454
0.00095199
-0.011727
-0.0046691
0.92424
-0.0045829
0.0039862
0.0060018
-0.0027332
-0.0022297
0.0047295
0.01293
-0.0085294
-0.092123
0.0017294
-0.010007
0.00055925
0.00075691
-0.0055176
-0.77079
0.00043733
0.0054041
-0.0017348
-0.024346
-0.0034592
-0.0017319
-0.0021802
0.21757
-0.1059
-0.0017871
-0.0027381
0.026224
0.0036818
-1.4575
-0.43234
0.32798
0.0057737
-0.0080427
0.00035575
-0.013261
0.74576
0.0050268
1.3205
-0.50227
-0.80626
-1.1897
-0.0011577
0.0042313
0.012447
-0.00013713
-0.54355
-0.00040155
-0.0020207
0.0002178
0.0026016
0.98096
0.00024657
0.196
-0.013573
-0.0084432
0.0017963
0.00053266
-0.0030932
-1.0069
-0.028056
0.0059041
-0.85572
-0.011799
-0.28319
0.00297
0.0062187
1.0285
1.0217
-0.0014989
-0.26405
-0.0019091
0.034577
-0.81808
-0.0033744
0.00074917
-0.018958
-0.0032519
-0.036896
-0.0034776
-0.046256
0.00096293
0.0045655
0.0058219
8.0879e-05
0.024961
0.76445
1.6921
0.011756
0.010589
-0.0024249
-0.0044702
-0.00051528
-0.58756
0.0026388
-0.0049096
0.015829
-0.015945
-0.0014134
5.886e-06
1.0487
0.0018307
0.00073514
-0.0051401
0.90708
0.016907
0.011708
-0.026757
-0.0039411
-0.0024316
0.0041122
0.0012521
0.0054982
0.0019683
-0.8662
0.0022957
0.0041321
0.00023329
-0.011446
-0.00088802
0.50654
-0.0078818
0.0014761
-0.0029212
-0.0024113
-0.0028854
-0.0041031
0.018704
-0.0061805
-0.11503
0.00086943
-0.0099822
-0.0040695
-0.0015585
-0.001546
-0.42596
-8.7538e-05
0.0024364
-0.0027049
-0.0193
-0.0058267
-0.0026795
0.00012759
-0.22411
-0.036423
-0.00013102
-0.0018131
0.036626
0.00042889
-1.5206
-1.2794
1.0681
0.013145
-0.0080602
-0.00011629
-0.0084864
-0.29811
0.0027895
0.77106
-0.46195
-0.5781
-0.95926
-0.0014409
-0.0018412
0.010613
-0.0007866
0.30897
0.00095061
0.0070492
-0.002093
-0.00081394
0.69553
-0.0006427
-0.87432
-0.0086299
-0.0079912
0.0024061
0.0010776
-0.0018868
-1.0879
-0.02693
0.00095389
-0.52466
-0.011641
0.82337
0.0016822
0.0017856
0.62752
1.347
-0.0017576
-0.29467
0.0008014
0.024701
-0.33407
-0.00025866
-0.0010485
0.089364
0.00020649
-0.042392
-0.0016124
0.013927
0.00095458
0.0031521
0.0033146
-0.00091294
0.025304
0.34323
2.0424
0.0096909
0.0048497
-0.0019692
-0.0009437
-0.0051145
-0.61666
0.0012237
-0.0034995
0.012296
0.040322
-0.002513
-0.002738
-0.12772
0.0079694
-0.0024821
-0.0086104
1.0373
0.015835
-0.0029906
0.020181
-0.0015402
0.00033845
0.0012439
-0.0023613
0.0032448
0.00076093
-1.0597
0.0008208
-0.00063114
-0.0041001
0.008643
-0.0064144
-0.4608
0.0082174
0.0076919
0.0022283
-0.00027576
0.0018295
-0.0010288
-0.007513
-0.010586
-0.26184
0.0052335
-0.006894
-0.00041728
-0.0025356
-0.00023233
0.51206
-7.2584e-05
0.00056171
-0.0049425
0.0046857
-0.0007043
2.381e-05
-0.0010786
0.94065
0.62219
-0.0037371
-2.8481e-05
-0.0062541
-9.6955e-05
0.504
-0.5771
-0.084727
-0.0042927
-0.019672
0.0029121
-4.7913e-05
-0.87681
-0.0035489
-0.68277
0.12614
1.1846
0.11055
0.0005261
-0.0010639
0.0016527
0.00038322
0.68872
-0.0026098
0.019572
-0.0015263
-0.0028144
-0.50193
-3.1178e-07
-0.71815
-0.01554
-0.0076724
-0.0059841
0.0037155
-0.0021379
0.12567
-0.0063285
-0.0078307
1.1964
-0.0045899
0.28766
0.0011589
-0.00050465
-0.14627
0.66159
0.0037748
-0.12233
-0.0017834
-0.016973
-0.33463
0.00035508
-0.00028274
-0.68191
-0.00085408
0.03329
0.0012907
0.042392
-0.00053155
0.0009481
0.010962
0.0025693
-0.015184
-0.89494
-0.66677
-0.0019065
-0.008947
0.0015079
-0.0056453
0.0019572
-0.68207
-0.00078301
-0.0011644
0.017887
0.021183
-0.0017705
-0.00045229
-0.44567
0.0036312
-0.001146
-0.0082999
1.2932
-0.0018166
-0.0072635
0.01505
-0.0010589
-0.0032889
0.001062
0.0010414
0.00076319
-0.00077512
-1.3197
0.00038292
-0.0002195
-0.0035477
0.006524
0.00032692
-0.58234
0.0072112
0.0086572
0.00050907
0.00095475
-0.0029828
-0.0018909
-0.01257
-0.0069614
0.75549
0.00034866
-0.0068612
-0.0017186
-0.00018687
-0.0014395
-0.22691
-0.0034448
0.0010744
-0.0029133
0.010454
-0.0018346
0.00056743
0.00095329
1.5384
0.57176
-0.0034819
-0.0010742
-0.019248
0.00046184
0.76833
0.15202
-0.40663
-0.0069026
-0.019284
-0.00019007
-0.0012926
-0.86253
-0.0035039
-0.26595
0.10735
1.6107
0.17482
0.0008164
0.00057562
0.0046993
-0.0010977
-0.15382
0.00029049
0.00093079
-0.0016341
-0.00031226
-0.65473
-0.0033329
0.22002
-0.01361
-0.015927
-0.0029531
0.00035899
-0.0021616
0.32988
-0.0036187
-0.0050928
1.4512
-0.004073
0.20777
0.00025695
-0.00058376
-0.61986
-0.25412
0.0020681
-0.19407
-0.0010187
-0.015061
-0.67904
-0.0012129
-0.0013808
-0.73128
-0.0012453
0.039951
0.00013168
0.14019
0.0010616
0.0001177
0.018235
0.00033603
-0.018612
-1.1575
-0.53812
0.0039025
-0.005213
0.00060111
-0.0014129
0.0035638
-0.60946
-0.0016651
0.0025096
0.011587
-0.016755
-0.00011144
0.00085306
-0.73895
-0.0047718
-0.000499
-0.0050113
0.82374
-0.021205
-0.014796
-0.0018805
0.00020567
-0.00023701
0.0035075
0.0046637
0.0024528
-0.0032971
-1.2415
-0.0029458
-0.0026645
-0.0039317
0.00027988
0.0033395
-0.1446
0.0049362
0.0082492
0.0029801
-0.00032545
-0.0053899
0.003898
-0.011575
-0.0017984
1.04
-0.0029947
-0.0025404
-5.2931e-05
0.0014764
-0.0058065
-0.78884
-0.002514
-0.0011483
-0.00087371
0.0033149
-0.0025272
-0.0010533
-0.00023179
1.9086
0.30637
-0.0048723
-0.0017495
-0.027256
0.001751
0.10506
1.1787
-1.0761
-0.010212
-0.0085211
0.00044782
-0.0065697
-0.069845
-0.0015743
0.80534
0.12887
0.95102
0.022346
-0.001312
0.004333
-0.0016296
0.0017238
-1.063
-0.00011875
-0.018642
0.0029649
0.0013892
-0.29474
-0.0019716
1.24
-0.0077036
-0.013239
0.00033827
-0.0032533
-0.0014428
0.21012
-0.00064084
0.00053401
0.64171
-0.0053389
-0.50018
0.00017531
0.0051152
-0.58388
-0.94943
-0.00098689
-0.27571
-0.0025455
0.0015195
-0.70587
-0.0025631
-0.0034092
-0.28528
-0.0025144
0.025263
-0.0017524
0.16156
-0.00049656
0.002069
0.016253
-0.0015136
-0.0058336
-0.61252
0.041524
0.008554
0.00093227
-0.0016227
0.00031637
0.0084862
-0.097004
0.00086588
-0.0015629
0.0081867
-0.030101
-0.0012251
-0.0022952
-0.82421
-0.0032809
0.0010665
-0.0049572
0.42811
-0.010219
-0.0093284
-0.017056
0.0032774
0.0046128
0.0060509
0.0048029
0.0076268
-0.0034928
-1.2743
-0.0041333
-0.0049494
0.00095623
-0.0074478
-0.0056205
0.56817
0.0043626
0.0060395
0.008892
-0.0022733
-0.0058438
0.0084126
-0.00021116
-0.0033066
0.41314
-0.0026054
-0.0016239
0.0037877
0.0036138
-0.0076788
-0.86151
0.00051005
-0.0042904
-0.0010354
-0.01182
-0.0022153
0.0011458
-0.0033148
1.8474
0.27409
-0.0046549
-0.00085677
-0.0071764
0.0041764
-0.98328
1.1224
-1.2284
-0.006847
-0.0023637
0.0016194
-0.013642
0.71824
0.0062411
1.2488
0.10179
-0.10965
-0.31322
-0.00041548
0.0063475
-0.0057009
0.0016713
-0.93379
-0.00035711
-0.012648
0.0030987
0.004106
0.49734
-0.0017831
0.87259
-0.0093059
-0.010119
0.0029138
-0.0048168
-0.00013556
-0.47012
-0.0098925
0.0049456
-0.39639
-0.0092216
-0.91681
0.0032468
0.0091889
0.365
-0.12875
-0.0025617
-0.4329
-0.00303
0.018687
-0.3339
-0.0026579
0.0029333
0.12608
-0.0030834
-0.00062989
-0.0030235
-0.1005
0.00083868
0.0049993
0.011629
-0.00062641
0.012563
0.27818
0.97741
0.011459
0.0064643
-0.0040933
-0.0023536
0.0096509
0.14557
0.0014354
-0.0065425
0.0075945
-0.022862
0.00085097
-0.0033015
-0.57691
0.00088692
0.001769
-0.0046938
0.42103
0.014827
0.00051536
-0.024498
0.0016431
0.0036711
0.0054605
0.0027159
0.0073054
-0.0028099
-1.4156
-0.00097977
-0.0026352
0.0042323
-0.017627
-0.011949
0.87553
0.0034083
0.0048386
0.0036919
-0.0011415
-0.0054083
0.0062341
0.013442
-0.0073001
-0.015338
-0.00076292
-0.0041271
0.0038155
0.0014396
-0.0041251
-0.7094
-0.0014015
-0.0073014
-0.0035306
-0.022513
-0.0034455
0.00082923
-0.0034417
1.5306
0.43312
-0.006555
-0.0019966
0.023392
0.0041045
-1.4563
-0.12482
-0.44687
-0.00074579
0.0013912
0.00066759
-0.013939
0.69456
0.0085641
0.75431
-0.02234
-0.65599
-0.60937
0.00061064
0.0034487
-0.0042618
0.0009041
-0.15084
-0.0021494
0.0062185
-0.0011074
0.0015727
0.88269
9.0423e-05
-0.34837
-0.0095129
-0.0079859
0.0033471
-0.0032743
0.00035465
-1.0165
-0.020667
0.0058294
-0.82969
-0.013727
-0.49015
0.0029446
0.0085301
1.0388
1.0199
-0.0017009
-0.5494
0.00083642
0.025978
0.24907
-0.0016615
0.0046368
0.32036
-0.00053298
-0.029643
-0.0013019
-0.29565
0.00043345
0.0077688
0.0066792
6.0056e-05
0.022818
0.65775
1.9229
0.011587
0.0084716
-0.0038458
-0.0052173
0.0047183
0.10822
0.001972
-0.0083719
0.0060465
-0.012463
0.0039059
-0.001731
-0.12502
0.0052351
0.00046861
-0.0019886
0.44569
0.018322
0.0069736
-0.022574
0.00098888
0.00038576
0.0030368
0.00053824
0.0037805
0.00082591
-1.2684
0.0054992
-0.00085447
0.00090218
-0.020111
-0.0045082
0.6258
-0.0019705
0.00091546
-0.0027787
-0.001996
-0.0057024
-0.0007063
0.015574
-0.0060026
-0.10942
0.00058924
-0.0070064
-0.0001604
-0.0010194
-0.0014565
-0.3727
-0.0033463
-0.0049275
-0.0067672
-0.017862
-0.005341
-0.0019134
-0.0011042
0.81822
0.37633
-0.0041873
-0.0021756
0.027317
-0.0014452
-1.1457
-0.97381
0.28304
0.0037206
0.001733
-0.00039467
-0.0094488
0.12049
0.0064866
0.19919
-0.12822
-0.67645
-0.69619
0.00059376
-0.0014215
-0.0032448
9.9602e-05
0.26149
-0.0010517
0.0095808
-0.0041389
-0.0018674
0.61835
-0.00031403
-0.90002
-0.0072988
-0.0064915
0.0019598
-0.0039465
0.0014795
-1.0178
-0.0175
0.0019553
-0.67864
-0.010815
0.15913
0.0006914
0.0037421
0.71844
0.9775
-0.0036851
-0.48483
0.0037056
0.018261
0.41624
-0.00073812
0.0019677
0.26224
-0.000752
-0.034242
-0.00072698
-0.20311
-0.0027471
0.0050399
0.0060398
7.2685e-05
0.021323
0.50161
1.8395
0.0098559
0.0044618
-0.0025085
-0.0031892
-0.0014456
0.12502
0.0012335
0.00043183
0.0040868
0.006062
0.0058533
0.0012465
-0.00083332
0.00529
0.0080727
0.0092456
0.0059121
-0.0009394
-0.0027455
0.0032648
0.0056369
0.0052965
0.0031695
-0.0034603
-0.0062931
-0.0029466
-0.0039217
-0.00081541
-0.00054271
-0.002738
-0.0041989
-0.006127
-0.0045534
0.00023236
0.00028504
-0.0036909
-0.0042372
-0.0037332
-0.0019493
0.0037762
0.00058554
-0.003776
-0.0069
0.0092224
0.0054896
-0.0010744
-0.0054538
-0.0049523
-0.0025174
0.011172
0.0062854
-0.0051347
-0.015349
-0.01746
-0.0097368
0.00053915
-0.0048941
-0.011726
-0.01934
-0.015111
-0.0061364
-0.010919
-0.010786
-0.010486
-0.0080357
0.00073332
0.0088228
-0.0013817
0.0037788
0.0055528
0.0062015
0.011951
0.016205
0.011986
0.019349
0.014206
0.0097784
0.0085829
0.0083135
0.021146
0.024017
0.010966
-0.005381
-0.010096
-0.0061744
0.025623
0.019311
-0.0026217
-0.013754
-0.0081527
-0.0021323
0.029287
0.012228
-0.019005
-0.026101
-0.01074
0.00086457
0.04659
0.021872
-0.022593
-0.036074
-0.019618
-0.00449
0.056433
0.030599
-0.020499
-0.038733
-0.025311
-0.0119
0.037599
0.017618
-0.016274
-0.026331
-0.018828
-0.0089081
-0.0017553
-0.0050136
-0.00506
-0.002395
-0.00028263
-7.1183e-05
0.0010789
-0.0038849
-0.0023475
0.00020874
0.00091195
0.0018991
0.003367
0.0031906
0.0023088
-0.00035927
7.9177e-05
0.00086454
0.0049325
0.0051536
0.0018625
-0.0022653
-0.0035623
-0.0029423
0.0026901
0.0038488
0.0015866
-0.0019653
-0.0039425
-0.0012286
-0.00039516
-0.00039965
0.00068054
-0.00020598
0.0012861
0.0051045
-0.0091679
-0.0099963
-0.0064768
0.002272
0.0071622
0.0089538
-0.0074768
-0.0095469
-0.0038156
0.0016333
0.0070244
0.0062166
-0.0015232
0.00032363
0.0014452
0.0025051
0.00098812
-6.7641e-05
-0.00040429
0.0015116
0.0062003
0.0074865
0.0022345
0.00023546
-0.0031141
-0.0033144
0.00072699
0.0037224
0.00053086
0.0010681
-0.0022067
-0.0024372
-0.0013314
-0.001845
-0.0024648
-0.00057024
-0.036991
-0.36737
-0.74317
-1.0055
-1.0577
-0.84955
0.53416
0.23563
-0.37737
-0.97452
-1.3826
-1.4373
0.68403
0.7338
0.72208
0.49024
-0.10637
-0.63648
0.086876
0.42714
1.0492
1.5261
1.5076
1.0003
-0.31489
-0.34534
0.065014
0.61464
1.0349
1.0809
-0.17202
-0.3974
-0.73746
-0.79348
-0.49045
-0.040172
0.0026832
9.6906e-05
-0.0031663
-0.0015961
0.0026083
0.0075011
-0.0019616
-0.0033294
-0.0044837
-0.0029022
0.00082168
0.006805
-0.0046407
-0.0043184
-0.0042344
-0.0031476
-0.0019895
0.003198
-0.0031195
-0.003138
-0.0026484
-0.0042556
-0.0012193
0.0010764
0.0034899
0.00046316
-0.0045096
-0.0034321
0.00083651
0.0046697
0.008812
0.0060568
-0.00099401
-0.0014682
0.0013381
0.0066474
0.00032809
0.0006384
0.0018039
0.001798
-0.0012507
-0.00080605
-0.001524
0.00083391
0.0010778
0.0011665
-0.0013322
-0.0014445
-0.002319
-0.00097511
0.0010724
-0.00073513
-0.0016584
-0.00071386
-0.0016736
-0.0016114
-0.00039524
-0.0012534
-0.002187
-0.0007862
-0.0014062
-0.0006298
0.0021848
0.0015686
0.0028679
0.00066225
-0.0023216
0.00046617
0.00099763
0.0018002
0.0025988
0.0014687
-0.0010165
-0.00074293
-0.00094248
0.00010118
0.0053294
0.0040521
-2.0603e-05
0.0037569
0.004415
0.0036484
0.007471
0.0065044
0.0036948
0.0068251
0.0044907
0.0011125
0.0036181
0.0045946
0.0013361
0.0041531
0.0020211
-0.0032851
-0.00388
-0.00014419
-0.0059024
-0.0055446
-0.0033992
-0.0064165
-0.0067699
-0.0042951
-0.0084024
-0.0067561
-0.0031393
-0.0036395
-0.00403
-0.0018422
-0.33484
-0.50525
-0.59777
-0.78143
-0.93692
-0.7698
-0.98795
-1.1121
-0.96272
-0.87716
-0.81675
-0.53683
-1.217
-1.2402
-0.79094
-0.37008
-0.1413
-0.031063
-0.2921
-0.021128
0.31081
0.6028
0.74877
0.65261
0.86032
1.3196
1.199
1.0166
0.99862
0.85412
1.0624
1.2617
0.83311
0.52139
0.45941
0.52327
0.017138
0.026932
0.017367
-0.0032383
-0.013458
-0.011045
0.024911
0.026694
0.006495
-0.015322
-0.020005
-0.011544
0.024888
0.012526
-0.015773
-0.027368
-0.016585
-0.0034193
0.024355
0.0025794
-0.030475
-0.032697
-0.0094268
0.007415
0.023106
0.0014625
-0.029955
-0.02467
0.0037755
0.016318
0.015148
-0.0010891
-0.017966
-0.0088135
0.012912
0.014663
0.0018383
0.0010164
-0.003983
-0.0068573
-0.0071294
-0.0058836
0.0014223
0.00093102
-0.0014775
-0.00076442
-0.0009217
-0.001039
0.0058327
0.0064135
0.00017274
0.0026432
0.009126
0.010185
0.0065075
0.0054761
-0.0041105
-0.004445
0.0091461
0.01487
4.2179e-05
-0.0037926
-0.015293
-0.013342
0.0034948
0.01188
-0.0018531
-0.0071894
-0.012231
-0.0093038
-0.00061724
0.0059825
0.016461
0.017034
0.0072855
-0.0050227
-0.018497
-0.022212
0.016454
0.021869
0.012082
-0.0049637
-0.020644
-0.025095
0.018566
0.027246
0.016647
-0.0054664
-0.022661
-0.022753
0.026404
0.031191
0.014996
-0.0080679
-0.023474
-0.019967
0.031369
0.030595
0.0089699
-0.016816
-0.027588
-0.025188
0.020384
0.017849
0.0004437
-0.016306
-0.025381
-0.023047
-0.00028335
0.00052145
0.0020918
0.0012098
-0.0020809
-8.2046e-05
-0.0017025
0.00016193
0.0017137
0.0012026
-0.0015924
-0.001913
0.001653
0.0034327
0.001549
0.00025913
-0.0027129
-0.0037199
0.0023134
0.0035544
0.0020155
-0.0003539
-0.0044811
-0.0047066
0.0012548
0.0012351
0.0028807
0.0028034
-0.0017979
-0.0033115
-0.0010217
-0.0015459
0.0008178
0.0036016
0.0018466
0.0010965
-0.0022223
-0.0011324
0.00062686
-0.0015302
5.8185e-05
0.0032608
-0.0037385
-0.00057612
-0.00074011
-0.0025019
-0.0023331
0.0018274
-0.00016885
0.00040565
-0.00033792
-0.0022676
-0.0027211
-0.00091405
0.0017151
0.0026891
0.0015572
-2.1175e-05
-0.00073452
-0.0028629
0.00047769
-7.8545e-05
0.0029352
0.0036214
0.0019308
-0.0017225
-0.00039288
-0.0025197
0.00014105
0.0046449
0.0037056
0.0016411
-0.005489
-0.0003699
0.0064374
0.0086071
0.0028183
-0.00070364
-0.0026319
0.0020095
0.0094956
0.0076588
-0.0010951
-0.0052732
-0.0029903
-0.00062407
0.0017063
-0.0011661
-0.0072239
-0.0085043
-0.0069424
-0.0081787
-0.0052458
-0.0054246
-0.0051158
-0.0031858
-0.0029442
-0.0018638
-0.00028873
0.0016342
0.0030176
0.0027444
0.0016589
0.0014276
0.005049
0.0067296
0.0049597
0.0031139
-0.0021292
0.0025619
0.0069749
0.0088398
0.0035343
-0.0019782
0.0029057
0.0057461
0.0070481
0.0043072
-0.002309
-0.0055042
0.002734
0.00098707
0.00097678
-0.0022744
-0.0067089
-0.00669
-0.0052653
-0.0068313
-0.0053399
-0.0036906
-0.0015687
-0.0014911
-0.0079335
-0.0052821
-0.0011049
0.0010317
0.0019286
0.00039466
-0.0040426
0.0010633
0.0049723
0.0078639
0.0035113
0.0015261
0.0048077
0.0027796
-0.0040439
-0.0074542
-0.0078944
-0.0048514
0.0055965
0.0028192
-0.0062442
-0.012164
-0.0097921
-0.0049113
0.0063865
0.0025515
-0.0075601
-0.0096577
-0.0038016
-0.00062157
0.0042697
-0.00051618
-0.0053174
-0.0040539
0.0046508
0.0054217
0.0022365
0.0013313
-0.00045849
0.0044603
0.0063919
0.0054317
0.0034056
0.0026056
0.004256
0.0063452
0.0067569
0.0028231
0.0034368
-0.00072072
-0.0048695
-0.0029859
-0.00060437
0.00078666
-0.00018923
-0.0018899
-0.0050713
-0.0031468
0.0027022
0.0057865
0.00032431
-0.0010607
-0.0022674
-0.0013841
0.0034929
0.0049952
0.0021629
0.0029777
0.00075703
-0.00013216
0.0024435
0.0049748
0.0019134
0.0016963
-0.00055471
-0.0035392
-0.0024069
0.0025737
0.00051359
0.00027493
-0.0018265
-0.0039848
-0.0022478
0.0014726
0.31174
0.31544
0.054884
-0.17151
-0.28837
-0.32785
0.71448
0.7899
0.60888
0.38609
0.2474
0.15808
0.89342
1.1046
1.1592
1.0824
1.016
0.80885
0.33808
0.47033
0.55402
0.59143
0.61088
0.42302
-0.57019
-0.79391
-0.75569
-0.78922
-0.8975
-0.79365
-1.0849
-1.3158
-1.1851
-1.2271
-1.4042
-1.1879
0.00084639
-0.00095331
-0.0033353
-0.0015104
0.001654
0.0011322
-0.0031596
-0.0042399
-0.0017745
-0.00057328
0.0053377
0.0049867
-0.0048537
-0.0010108
0.00032613
0.00047826
0.0039572
0.0056667
-0.00048997
0.0015862
0.00013278
-0.00222
-0.00096457
0.0013064
0.0025966
0.0026082
-0.0012861
-0.0045353
-0.0012924
0.0028115
0.001642
0.00064274
-0.0022295
-0.0044368
-0.0015294
0.005056
0.0018338
-0.0014957
-0.0054494
-0.0058077
-0.0033898
-0.0037058
0.0017315
-0.0026139
-0.0048842
-0.0016344
0.00052966
-0.00090316
0.00099432
-0.0011675
-0.0016445
0.0031675
0.0063133
0.0081917
0.00010776
0.00077294
-0.00042215
0.001407
0.0067418
0.0098035
-0.0013474
0.00067028
-0.0029004
-0.0044764
0.0014395
0.0050957
-0.00079614
-0.00091339
-0.0037559
-0.0047915
-0.0032503
0.00053912
0.0035969
0.0024264
0.0011071
0.00079585
-0.00091564
-0.0024242
-0.00051367
-0.0029339
-0.00056919
0.0024084
0.0043065
-0.001357
-0.0031905
-0.0049017
-0.0021357
0.0034979
0.0042297
0.0019608
-0.00079722
-0.0022318
0.00092461
0.0017878
0.0020154
0.0031195
-0.001681
-0.0017264
0.00035873
0.0010415
0.0009976
0.0016285
-0.004093
-0.0037927
-0.0032737
0.000788
0.0022515
0.0012458
0.01426
0.012994
0.0028747
-0.0075677
-0.012986
-0.015387
0.017073
0.015431
0.0045388
-0.0025452
-0.0085191
-0.010537
0.010877
0.0090656
0.003017
0.0023396
0.00085647
0.00071185
0.0073451
0.0013786
-0.004787
0.0012181
0.0044111
0.0034283
0.0097567
0.0027608
-0.0047741
-0.0075176
-0.01042
-0.0099844
0.0078294
0.005467
-0.0004764
-0.0067627
-0.016946
-0.018922
-0.0073779
-0.01082
-0.0035175
0.0069025
0.013647
0.011302
-0.0057904
-0.0091985
-0.0035012
0.0061979
0.0099439
0.0074311
-0.0054475
-0.0043224
0.0010258
0.0064539
0.0056531
0.0016729
-0.010226
-0.0041176
0.0060966
0.0069453
0.0025318
0.0024896
-0.0098954
-0.0046116
0.003283
0.001897
-0.0024823
0.0029179
-0.004991
-0.00011521
0.0023009
-0.0055982
-0.0096103
-0.0029797
-1.186
-1.1385
-0.63914
-0.22819
-0.040712
0.028135
-0.8828
-1.1981
-1.0871
-0.8195
-0.57235
-0.39615
0.7512
0.48456
-0.21009
-0.78674
-1.0458
-0.91252
1.4232
1.6261
1.2304
0.4207
-0.26302
-0.50361
0.41902
0.69734
0.98966
1.0929
0.88212
0.43943
-0.45151
-0.54949
-0.12162
0.4969
0.82275
0.65618
-0.00073389
0.0021103
0.0094814
0.010072
-0.0035206
-0.0091349
5.0246e-06
0.0042213
0.010083
0.0059608
-0.0086639
-0.01443
0.0023868
0.0051694
0.0042598
-0.0027316
-0.014014
-0.016082
0.0077189
0.0063827
-0.00046367
-0.0044236
-0.01215
-0.013076
0.0092945
0.0079781
0.0041293
0.0026057
-0.0025274
-0.0056072
0.006941
0.0066169
0.0053073
0.0047089
0.003845
-0.0021032
-0.0019411
-0.0015163
0.002543
0.006031
0.0066043
0.00517
0.00064686
0.0052542
0.0040053
9.4183e-05
-0.0038636
-0.0020543
-0.0018321
-4.123e-05
0.00024678
-0.0073613
-0.012824
-0.0091916
-0.0089609
-0.010015
-0.0054966
-0.0051764
-0.0075191
-0.0050195
-0.0034173
-0.00081079
0.0029647
0.0036247
0.004117
0.00138
0.0073815
0.0092264
0.010096
0.0070821
0.004999
0.0012926
-0.0039449
-0.00018026
0.0032563
0.00060869
-0.00092618
0.0019808
-0.0017004
0.00039673
-0.00093736
-0.0032479
-0.0064699
-0.0019476
-0.00022386
0.0011316
-0.00072113
-0.0049357
-0.0055734
-0.0050042
0.00095024
0.0010456
0.0002377
0.0018462
-0.00065293
-0.0061631
0.0015713
0.00031004
0.0041857
0.010018
0.0042658
-0.0037169
0.002704
0.0018172
0.0036295
0.0083029
0.0036421
-0.003666
0.0021005
0.0038179
0.0026211
0.0014692
0.0013317
-0.00014056
0.00065602
0.0035074
0.0032465
0.00088687
0.0019922
0.0032827
-0.00084614
-0.00047458
-0.00059153
0.00068305
0.001879
0.0023426
0.00013145
-0.002124
-0.0025673
-0.0013857
0.00057452
0.0022873
-0.00018315
-0.0030555
-0.0048358
-0.0042402
-0.0018251
-0.0011704
-0.00080804
0.00015189
-0.0014186
-0.0013739
-0.00028323
-0.0012068
0.0082525
0.0033089
-0.0045485
-0.0083464
-0.0039011
0.00046099
0.0020569
-2.4637e-05
-0.0077218
-0.006653
0.00069374
0.0071652
-0.00050515
-0.0013944
-0.0039054
0.0011118
0.0087189
0.009154
0.0039543
0.0015949
-0.00057397
0.0021057
0.0051241
0.0063943
0.0066892
0.0016159
-0.0045018
-0.0042349
-0.001983
-0.0023804
0.0032638
-0.002076
-0.0054801
-0.005041
-0.0058248
-0.0037287
0.001655
0.0037129
0.0076369
0.004278
-0.0023114
-0.0036576
-0.0010419
0.0023099
0.0054302
0.00077825
-0.0049636
-0.0049654
-0.00019403
0.00042486
-0.0009052
-0.0020346
-0.0047997
-0.0038292
-0.00023746
-0.0031257
-0.0030519
-0.0007741
-0.0009831
-0.003798
-0.0010158
-0.0049301
0.00026455
0.0071216
0.0058148
-0.0031057
-0.0012724
-0.0012186
0.0044595
0.0082523
0.0055579
-0.00037201
-0.0060296
-0.006664
-0.0086196
-0.00032319
0.018744
0.025642
-0.0015347
-0.0050242
-0.0081306
-0.002805
0.015498
0.025512
-0.001561
-0.0070382
-0.010721
-0.0080294
0.0081073
0.018862
-0.0072824
-0.015616
-0.018671
-0.0099725
0.0059782
0.017043
-0.011406
-0.019635
-0.017007
-0.0027802
0.013689
0.018449
-0.0089102
-0.012932
-0.0099756
0.0013247
0.014687
0.015341
0.0036178
0.0041318
0.00051347
0.00058447
0.0034547
0.0031302
0.0073415
0.0062287
0.0043874
0.002014
0.0048895
0.003357
0.004168
0.0067581
0.0037753
0.0017392
0.0023843
0.0027707
0.00066757
0.0027659
0.0029207
-0.00262
-0.0044388
-0.0026091
-0.01006
-0.0057914
0.00021998
-0.0013097
-0.0059877
-0.0060291
-0.010097
-0.0058733
-0.00018423
-0.00068094
-0.0065156
-0.0056583
-1.4001
-1.1028
0.32243
0.87957
0.26885
-0.22171
-1.6927
-1.0212
0.83569
1.088
0.1276
-0.3006
-1.6007
-0.58449
1.1047
0.77728
-0.12695
-0.26761
-1.247
-0.027472
1.1479
0.53556
-0.21191
-0.17142
-0.7425
0.50732
1.2123
0.50374
-0.07637
-0.049687
-0.2937
0.68947
1.0522
0.4566
0.038698
-0.082527
0.0014356
-0.00021855
-0.001578
-0.0003365
0.00070915
0.0015054
-0.0017854
-0.0031477
-0.0023614
-0.00022845
0.0013405
0.0029253
-0.0052838
-0.0064333
-0.0019435
0.00032754
0.00066917
0.0018685
-0.0025826
-0.0026384
-0.0021964
1.412e-05
0.0040814
0.0045059
0.00026203
0.00037403
-0.0030169
-0.0013716
0.0030788
0.0030455
0.004802
0.0022515
-0.0018452
-0.0016665
-0.0012026
0.0022524
0.0049234
0.0083278
0.009765
0.0069575
0.002153
-0.00058977
0.0051536
0.010434
0.0096387
0.0080001
0.0021825
-0.00065234
0.0050969
0.0070365
0.0021204
0.0022298
-0.00014289
-0.0016962
0.0024035
-0.00054128
-0.0038617
-0.004652
-0.0072753
-0.0076779
-0.0056978
-0.0078852
-0.0043619
-0.0040681
-0.0072815
-0.0082668
-0.0095784
-0.008797
-0.0022991
0.0013615
-0.0025247
-0.0049665
0.0046677
0.011475
0.010138
0.0024259
-0.001037
0.0013619
0.0024365
0.0083503
0.0086373
0.00014555
-0.0016949
-0.00034312
-0.0026657
0.0006253
0.00083444
-0.0023546
-0.00038833
-0.001713
-0.004827
-0.0062698
-0.0069782
-0.0021658
-0.00052965
-0.001696
-0.0034202
-0.007069
-0.0047788
0.00056201
0.0027885
-0.0033319
-0.00090779
-0.0035652
-0.00089905
0.0045458
0.0033242
-0.00014334
-0.00088197
0.0050403
0.0058598
0.004608
0.0010936
-0.0010092
-0.00039665
0.0041519
0.0068123
0.0049786
-0.0011983
-0.0018063
0.00019912
0.0023167
0.00077299
-0.0009873
-0.0021994
-0.0015362
-0.00080699
-0.0017841
-0.0035825
-0.002712
-0.0017306
-0.0019873
-0.0044768
-0.0046718
-0.0012864
0.00012627
-0.00069008
-0.0034822
-0.0032804
-0.0014457
0.00080071
0.0029348
0.00075778
-0.0013287
-0.00031719
-0.001701
0.0011618
0.0021966
0.0044101
0.0032988
-0.00098272
-0.0009098
-0.00092589
0.0027139
0.0036678
0.0026226
0.0016888
0.00034726
0.00019231
0.0016137
0.0028304
0.0030681
0.0019282
0.001206
-0.00070885
-0.0013443
-0.00035806
0.0027115
0.00017394
0.00029923
-0.0012281
-0.0057691
-0.0041437
0.00034109
0.00135
-0.00050109
-0.0046222
-0.0067733
-0.003846
-0.0011931
1.328
0.83118
-0.48452
-0.8738
-0.2101
0.48831
1.7058
1.0506
-0.60439
-1.0898
-0.4318
0.34949
1.6741
1.0465
-0.44446
-0.84045
-0.47329
-0.022456
1.4664
0.83985
-0.38016
-0.74232
-0.58613
-0.27001
1.0294
0.38648
-0.59543
-0.92322
-0.78252
-0.39658
0.49933
-0.15601
-0.81697
-0.88384
-0.74745
-0.4004
0.0019621
0.0033648
-0.00038135
-0.0026726
-0.00036964
0.0024483
0.0024229
-0.00019337
-0.0022991
-0.001914
0.002306
0.0033133
-0.0013952
-0.0031393
-0.0015424
0.0023787
0.0045966
0.0050352
-0.00082249
-0.0017949
-0.0022961
0.0025384
0.0063217
0.0030553
-0.0011688
-0.0036314
-0.0040391
0.00059006
-0.00014628
0.00053547
0.00034807
-0.0035423
-0.0025009
-0.00037838
-0.0018432
-0.0039198
-0.0038989
-0.0089147
-0.011561
-0.008308
-0.0074215
-0.0043016
-0.0096277
-0.012934
-0.011308
-0.0066253
-0.0022897
-0.0024335
-0.0022737
-0.0031998
0.00082139
0.0075778
0.0092262
0.0053387
0.0046393
0.0075884
0.010103
0.015358
0.018192
0.0099347
0.0050576
0.0049675
0.0048396
0.006401
0.0082025
0.0036797
0.00041729
-0.00093647
-0.0020527
-0.0037904
-0.0054395
-0.0038557
0.0018782
0.0030368
0.0010873
-9.0227e-05
0.0013705
0.0023516
0.0028698
0.0041539
0.00062956
-0.00059101
0.0020781
0.0051078
0.00058198
0.003115
0.00018821
-0.00053765
0.0036595
0.0051395
0.0006247
-0.0014002
-0.0016717
0.00012505
0.0034326
0.0039984
-0.0030832
-0.0050382
-0.0030233
-0.0017692
-0.0017294
-0.003282
-0.004945
-0.0028649
-0.00083694
-0.0014273
-0.0047654
-0.0065879
0.0075441
0.0076372
0.0039974
0.0023443
0.0025797
-0.00084023
0.014003
0.011901
0.0081006
0.0068524
0.00035465
-0.004737
0.014259
0.014865
0.0081159
0.0020129
-0.0048217
-0.0087881
0.012246
0.010778
0.0032698
-0.0053597
-0.015389
-0.011689
0.0067798
0.0078122
0.0015555
-0.01376
-0.023101
-0.019007
0.005434
0.0089991
0.0027454
-0.011139
-0.021571
-0.018114
0.0089451
0.00681
0.00052459
-0.002817
-0.0043506
-0.0075209
0.0034812
0.002626
-0.0014355
0.0014265
0.0014072
-0.0015129
0.00047406
-2.9146e-05
-0.0020253
0.0017602
0.0040422
0.0050639
0.0041151
0.0022342
-0.002781
-0.0013108
0.0017931
0.0012581
0.0037893
0.00098135
-0.00096529
-0.0031645
-0.003336
-0.0045967
0.00038734
-0.00093569
-0.00027055
-0.0023301
-0.003509
-0.0056772
-0.00031035
0.0014717
0.0040541
0.0028764
-0.001803
-0.0016784
0.00017527
0.0030436
0.0041623
0.0023421
-0.000593
-0.0013719
-3.9589e-05
0.00011817
0.002197
0.001373
-0.0025575
-0.0021748
-0.0014166
-0.0019298
-0.0021779
0.001245
-0.002001
-0.0016552
-0.0018684
-0.00076003
-0.0017866
-0.00038268
-0.00043001
-0.0024728
-0.00090065
-0.0012368
0.00037349
0.0012585
0.0019498
-0.0010089
0.0021842
0.0022587
0.00078785
0.0028919
-7.3192e-05
-0.0026479
0.0032222
-0.00056477
-6.0084e-05
0.0026197
0.00067859
-0.001966
0.0028657
0.00047256
-0.0018471
0.00069169
0.00069531
0.00091163
0.00076972
0.0013085
-0.00061508
-0.0033564
-0.0013694
0.0032738
-0.0017955
0.00089287
0.00087597
-0.0035026
-0.0022506
0.0013454
-0.0018727
0.0006506
-4.2448e-05
-0.0027349
-0.0034991
-0.00057253
-0.066836
0.046591
0.060299
0.22231
0.29096
0.20352
-0.20857
-0.17099
-0.24065
-0.091367
0.094769
0.081037
-0.70689
-0.91131
-0.95863
-0.92051
-0.90423
-0.80876
-0.81745
-0.98253
-0.91545
-0.98505
-1.2189
-1.1574
0.17528
0.42842
0.78555
0.74485
0.2914
-0.20593
0.94037
1.435
1.7899
1.7522
1.4767
0.82283
0.98458
0.81117
-0.10611
-0.87764
-1.0688
-0.81269
1.0984
1.0038
0.0065868
-0.87147
-1.156
-0.94961
0.77301
0.73039
0.032016
-0.61507
-0.93333
-0.82139
0.50624
0.48903
0.011295
-0.43201
-0.67708
-0.56079
0.54373
0.56571
0.2096
-0.081912
-0.1499
-0.09367
0.63507
0.5859
0.28279
0.2668
0.36533
0.30635
0.0072039
0.0015165
-0.0039413
-0.0050642
-0.00272
-0.00055952
0.0019795
-0.0027174
-0.007607
-0.0032848
0.0032621
0.0043864
-0.00050115
-0.0017738
-0.002264
0.0017489
0.010352
0.011567
0.0032141
0.0031453
0.0010836
0.0014914
0.008159
0.008765
0.002444
0.00161
-0.002459
-0.0033338
-0.002383
0.0011631
-0.0038765
-0.0039338
-0.0049217
-0.0056461
-0.0065395
-0.0037788
-0.0013293
0.001985
0.0033016
0.0019138
-0.0010927
-0.00056592
0.00053005
0.0015483
0.0040636
0.002571
-0.0001157
0.00029308
-0.00086215
0.0018885
0.0011628
0.0018222
0.0034326
0.0009737
-0.00031123
-0.002522
-0.0032571
-0.0018654
0.00077001
0.00075673
-0.0026158
-0.0045023
-0.0036291
0.00052198
-0.00061287
-0.0010755
-0.00035688
-0.00068354
-0.0011404
0.00022367
-0.0014593
-0.0012152
0.0083121
0.012273
0.0082553
-0.00052459
-0.0063063
-0.0076058
0.0064773
0.0098071
0.0051055
-0.0051248
-0.01457
-0.014877
0.0042521
0.0057659
0.00015618
-0.0045145
-0.0076929
-0.0056985
0.0013502
-0.0035785
-0.010002
-0.0070679
0.011374
0.019369
-0.0063124
-0.016169
-0.025542
-0.0083652
0.024141
0.035886
-0.0064197
-0.01748
-0.025633
-0.0084676
0.020017
0.027179
0.0024037
0.0010514
0.00014048
0.0006912
-0.00034254
-0.0022992
0.0011471
-0.0010035
-0.00069105
0.0010953
0.00057523
-0.0027641
0.00032132
-0.0023369
-0.0019755
0.0012773
0.001382
-0.00054154
-0.0019804
-0.0051687
-0.0033084
0.001932
0.0014461
0.0015018
-0.0020049
-0.004052
-0.00023998
0.0049971
0.0036031
3.0231e-05
-0.00065359
0.00066721
0.002118
0.0051809
0.0032736
-0.00088623
-0.069717
-0.39195
-0.40412
0.30245
0.97927
0.68144
-0.38411
-0.5018
-0.086989
0.70661
0.93029
0.24318
-0.58593
-0.16933
0.73878
1.0003
0.24115
-0.61032
-0.16819
0.62349
1.29
0.69423
-0.71566
-1.2801
0.4576
1.1021
0.89343
-0.33336
-1.4151
-1.4966
0.58833
0.78185
0.031879
-0.94553
-1.4204
-1.144
0.24899
-0.0032931
-0.543
-0.85981
-0.56634
-0.064813
0.67253
0.49117
-0.39842
-1.045
-0.88772
-0.4056
0.86321
1.1148
0.3043
-0.67737
-1.005
-0.82087
0.4333
1.1386
1.2043
0.24702
-0.78175
-1.176
-0.2268
0.71273
1.5164
1.0059
-0.42166
-1.2765
-0.53302
0.18771
1.1796
1.1208
-0.095808
-0.92112
-0.4351
-0.060378
0.83885
1.0557
0.16864
-0.44481
-0.65569
-0.56118
0.57515
1.3525
0.67134
-0.27353
-0.5152
-0.82856
-0.20723
0.94451
1.2068
0.55706
-0.16832
-0.66555
-0.86849
-0.010318
1.1797
1.2773
-0.056534
-0.48508
-1.1894
-0.9837
0.37805
1.0729
-0.14886
-0.40978
-1.0312
-1.2277
-0.53175
0.269
-0.0025507
-0.0066637
-0.0057888
-0.00082747
0.0013026
0.00079216
-0.00013476
-0.0023797
-0.0027285
0.00077727
0.00045761
0.00064316
0.0053055
0.0048336
0.0017913
0.0026844
0.0057977
0.0046126
0.0027859
0.0020953
-0.00011171
0.00058914
0.0099758
0.01168
-0.0040861
-0.0055547
-0.010649
-0.005057
0.0064089
0.013394
-0.0052232
-0.0078791
-0.010152
-0.0065523
0.00055001
0.0044492
0.0073779
0.0074668
0.0089339
0.011304
0.011289
0.0095413
0.011026
0.0067217
0.0027192
0.0012224
0.0012245
0.0022812
0.015934
0.011128
0.0016259
-0.0091908
-0.010085
-0.0086524
0.009811
0.0085024
0.0019205
-0.0045449
-0.011714
-0.011603
-0.0078337
-0.011636
-0.0058465
-0.0027862
-0.0063587
-0.0050005
-0.017709
-0.01727
-0.0083009
-0.0022531
0.0031977
0.0046301
-0.0022583
-0.002103
-0.0029537
-0.002236
-0.00021899
0.0029695
-0.0028619
-0.0012772
-0.0038199
-0.0075281
-0.0042864
0.0013967
0.0031413
0.0029327
-0.00022308
-0.0052389
-0.0054045
-0.0019616
0.0050213
0.0050169
0.0029735
0.0022564
-0.00031413
-0.0027476
0.0041717
0.0022871
0.0028112
0.002843
0.0010787
0.00091204
0.0033315
-0.0010097
0.0003865
0.00056537
0.0001007
-0.00024526
0.014633
0.0069981
-0.0029626
-0.0071146
-0.0058561
-0.0056037
0.015054
0.012043
0.0040408
0.00078709
0.0018601
0.00071855
0.011501
0.012131
0.0073841
0.0083861
0.010759
0.0074419
0.0044516
1.261e-07
-0.0037792
-0.0032426
0.0017524
0.0035659
0.0021845
-0.0054237
-0.013149
-0.017045
-0.013387
-0.0063391
-0.00047112
-0.0021658
-0.0074254
-0.014035
-0.014721
-0.0088505
0.14342
0.65681
0.60237
-0.26515
-1.1321
-1.2085
-0.16048
0.72506
1.2568
0.42107
-0.98394
-1.3612
-0.71983
0.21953
1.2749
1.031
-0.3974
-1.0852
-0.99459
-0.33869
1.0162
1.3174
0.26313
-0.73705
-0.98436
-0.71987
0.51386
1.2375
0.75013
-0.21738
-0.91503
-0.93021
-0.12263
0.72457
0.73078
0.15081
-0.010305
-0.0088144
-0.00043654
0.0051465
0.0069325
0.0057709
-0.011214
-0.0072443
0.0010694
0.0042181
0.0024898
0.0018538
-0.0040362
-0.001606
0.00042425
0.00084496
-0.004456
-0.0031061
-0.0020554
-0.00089583
0.0015164
0.0023869
-0.0019845
-0.0057052
-0.0030349
-0.0017786
0.0021631
0.0062015
0.0046975
0.0013259
-0.0027661
-0.0028355
-0.0015475
0.0066856
0.011222
0.0082681
0.10619
-0.011853
-0.41353
-0.86265
-0.8419
-0.44691
0.14526
-0.13244
-0.76228
-1.0926
-0.64563
0.044154
-0.055607
-0.49492
-0.84242
-0.56396
0.35488
0.92077
-0.43633
-0.81407
-0.46363
0.50454
1.217
1.1555
-0.78819
-0.69457
0.33502
1.2686
1.2444
0.7723
-0.70843
-0.31427
0.7934
1.2482
0.79305
0.25506
-0.92446
-0.74946
0.11488
1.3944
1.8997
1.5072
-0.94842
-1.2554
-0.86761
0.35481
1.5192
1.5529
-0.29434
-0.82539
-1.1742
-0.85099
0.086779
0.63655
0.39417
0.09686
-0.47006
-0.87311
-0.71236
-0.35742
0.52124
0.40415
0.11853
-0.24621
-0.51582
-0.47043
0.10371
0.072733
0.17229
0.12918
-0.030736
-0.14485
0.31458
0.52115
0.51721
0.020815
-0.56062
-0.64793
-0.16095
-0.037985
0.12094
-0.026424
-0.49453
-0.62496
-0.32283
-0.56082
-0.65045
-0.51032
-0.38059
-0.30576
0.68084
0.48502
-0.29543
-0.74331
-0.63243
-0.31765
1.5235
1.6578
0.75021
-0.37599
-0.80997
-0.59181
1.1726
1.5445
0.90516
-0.078071
-0.63547
-0.65632
0.28318
0.92262
1.2307
1.0383
0.64236
0.29843
-0.43511
0.28855
1.2139
1.5236
1.3374
0.85803
-0.93631
-0.77592
-0.050559
0.6563
0.93523
0.73765
-0.83172
-1.0197
-0.96438
-0.81123
-0.57747
-0.25382
-0.41716
-0.4498
-0.60058
-0.92806
-1.13
-0.9209
0.060328
0.10779
-0.036481
-0.34047
-0.63438
-0.7111
-0.0015051
0.0013264
0.0025423
0.0024569
-0.0019642
-0.0030256
-0.00068158
0.002831
0.0039101
0.0053382
0.00037391
-0.0014309
0.0013767
0.0024166
0.0024482
0.0035145
-0.00081124
-0.0012504
-0.00045482
-0.0017561
-0.0029183
-0.0030826
-0.0018245
-4.2934e-05
-0.00085588
-0.0019115
-0.0036202
-0.0028414
-0.0028681
-0.00091481
0.0014644
0.00077215
-0.00053339
5.5607e-05
0.00043557
0.001332
0.0019362
0.0003121
-0.00027714
-0.0024109
-0.00049633
0.0004422
0.0036702
0.00069387
-0.0013688
-0.0052164
-0.0039517
-0.001432
0.0019783
0.00066635
-0.003003
-0.0030789
-0.0036957
-0.002255
0.00086141
-0.00086738
0.00070161
0.0018482
0.00078275
-0.003921
0.001389
-0.00041581
0.0021761
0.0047339
0.0032702
-0.0027083
0.00044736
0.0015629
0.0045724
0.0052767
0.0031419
-0.002376
-0.00045799
-0.0040346
-0.0087933
-0.0066593
-0.0093305
-0.010643
-0.0056733
-0.011041
-0.012845
-0.010014
-0.010156
-0.010526
-0.0025861
-0.006477
-0.0033415
0.0035679
0.0064994
0.002621
0.0033212
0.00565
0.0059253
0.013511
0.021748
0.016197
0.0040695
0.0058409
0.004245
0.0088339
0.014388
0.012326
0.00022092
0.0021882
-0.0033864
-0.0056829
-0.0025177
-0.0020318
-0.0017266
7.3456e-05
0.0013336
0.001447
-0.0017429
-0.00073579
0.0010067
0.0010487
0.0029893
0.00083599
-0.0011847
-0.0023885
0.0013652
0.0022944
0.00091858
-0.0013935
-0.0031506
-0.0042808
0.00025961
0.0019529
0.00075521
-0.0012939
-0.0032482
-0.0020045
-0.00020988
0.00082898
0.0015751
0.0015611
-0.0010942
-0.0010069
0.0012282
0.0011165
0.0037223
0.0025092
0.0017484
0.00040275
-0.77584
-0.14993
0.9344
0.90711
-0.023119
-0.70176
-0.49185
0.43067
1.1801
0.54866
-0.67296
-1.0776
0.39883
1.1169
0.98824
-0.2099
-1.0085
-0.75629
1.1525
1.2572
0.20826
-0.91928
-0.8536
-0.069782
1.1973
0.7246
-0.74367
-1.2592
-0.56654
0.24386
0.67452
-0.13216
-1.0598
-0.9959
-0.18847
0.20981
-0.003531
-0.0045241
-0.0029084
0.00027016
0.0014879
0.0012949
0.00097701
-0.00017331
-0.0020394
-0.0026678
-0.0034125
-0.0006154
0.0038888
0.0051853
0.0021915
-0.0018371
-0.0042299
-0.0024657
0.0049172
0.0042519
0.0024334
-0.00039346
-0.0032788
-0.0019775
0.00052342
0.0033537
0.0012726
0.00059985
-0.0012849
-0.00033183
-0.00019968
0.0013491
-0.00043863
-0.00076998
-0.0016512
-0.0010098
0.019808
0.028712
0.01797
-0.0067154
-0.024965
-0.026063
0.020332
0.034346
0.023691
-0.011295
-0.038829
-0.038476
0.016793
0.027685
0.016998
-0.012375
-0.033033
-0.030899
0.013702
0.020029
0.002555
-0.015738
-0.019565
-0.0092835
0.020211
0.011522
-0.0098496
-0.0144
-0.0041534
0.0055877
0.018835
0.0067458
-0.010063
-0.007945
0.0017537
0.0046481
0.0069959
0.0068008
0.0052718
0.0027522
-0.0010669
-0.0048061
0.0074767
0.0039546
0.002342
0.0023036
-0.0010959
-0.0039584
-0.00042552
-0.0021272
-0.0025814
-0.00021852
0.00018077
-0.0012487
-0.0051093
-0.0068057
-0.0063103
-0.00066924
0.0015072
-0.00075367
-0.0041853
-0.004892
-0.00044563
0.0016228
0.0021917
0.000726
-0.0014943
-1.133e-06
0.0043386
0.0052555
0.00098583
-0.0018373
0.0051788
0.0020976
-0.0014367
-0.0037125
-0.0019223
0.00069259
0.0034835
-0.0015508
-0.0077062
-0.0092487
-0.0056055
-0.00099829
0.002828
-0.0021276
-0.0052277
-0.005367
-0.0038816
-0.0013459
0.0032162
0.0033355
0.0032002
0.0019983
0.00057384
0.00014838
0.0020095
0.0030355
0.0053942
0.0058562
0.0028748
-0.00059569
-0.0029692
0.00015612
0.0011212
0.0046458
0.0017587
-0.00022077
0.39583
0.049162
-0.67107
-0.84657
0.1011
0.73659
0.27072
-0.21763
-1.0294
-0.77548
0.53998
1.0892
-0.023327
-0.56597
-0.99417
-0.33904
0.856
1.0384
-0.34619
-0.84038
-0.86529
0.079581
0.94734
0.82743
-0.56459
-0.95103
-0.64085
0.38931
0.98292
0.70534
-0.53974
-0.72708
-0.2912
0.5038
0.88489
0.65836
-0.0036454
-0.0043817
-0.0058474
-0.0036792
-0.0033832
0.001765
-0.0021546
-0.0047695
-0.0043156
-0.0013842
0.00074563
0.00093865
0.0037842
0.003077
0.0038423
0.0020544
0.00090469
0.00010992
0.0064819
0.0075533
0.0052348
0.0026036
0.00064603
-0.0028686
0.0037205
0.000615
-0.0018081
0.0010171
0.0010038
-0.00047969
-0.00026997
-0.0046734
-0.0043072
-0.002166
0.0019292
0.00059934
0.070065
-0.54503
-1.094
-0.41288
0.66799
0.68909
-0.1356
-0.8974
-1.0883
0.1052
1.0291
0.61865
-0.51642
-1.1094
-0.61969
0.80658
1.0512
0.15747
-0.98332
-0.99691
0.3638
1.4967
0.81835
-0.33628
-1.1022
-0.42371
1.1645
1.5318
0.24568
-0.74562
-0.74863
0.13142
1.1328
0.93032
-0.22304
-0.78299
0.0045351
0.0058209
0.011307
0.011724
0.0090638
0.0044754
0.0086863
0.0092038
0.010644
0.01243
0.0067129
0.0008759
0.01023
0.010054
0.0045672
0.0018388
0.0020737
-0.0012101
0.0037358
0.0015323
-0.0026167
-0.0070446
-0.007341
-0.0045423
-0.010227
-0.010457
-0.0091963
-0.01104
-0.010371
-0.0055143
-0.014567
-0.012093
-0.0062775
-0.0068007
-0.0067839
-0.0062485
0.0016799
0.0037914
0.0035416
0.0041145
0.010752
0.014973
-0.0023254
0.0004755
0.0015145
0.0048519
0.012967
0.016501
-0.0020629
0.0018927
0.0036734
0.0016943
0.0056726
0.0081965
-0.0018005
0.0012017
0.0026048
4.7227e-05
-0.00011683
0.0012262
-0.0070564
-0.0092215
-0.0083265
-0.0082311
-0.0053225
-0.0010064
-0.0080179
-0.013813
-0.010501
-0.0087532
-0.0066712
-0.0036307
-0.0035868
-0.0064804
-0.0043082
-0.00092973
0.00041295
-0.0025338
-0.0012529
-0.0038765
-0.0045577
-0.0016199
-0.0010886
-0.0018707
0.0040638
0.0026158
0.0029288
0.00033849
-0.0015073
-0.0028958
0.0041308
0.0061403
0.0056076
0.0022469
-0.003558
-0.0019375
-0.00084761
0.0022776
0.0048495
0.0031526
0.0011265
0.0020485
-0.0044665
-0.0022718
0.00036946
0.0022506
0.0041129
0.00363
0.001658
-0.0024011
-0.0075709
-0.0080411
-0.0031199
0.003728
0.0015289
-0.0049948
-0.012642
-0.011854
-0.0042127
0.0048722
0.0025958
-0.00052808
-0.0055229
-0.0030945
0.00011175
0.004854
0.0062054
0.0052258
0.0033612
0.0029241
0.0047448
0.0050493
0.0075303
0.0053765
0.0012088
-0.0013117
0.00099728
0.0031301
0.0038245
0.0012862
-0.0029349
-0.0042273
-0.0028612
-0.0025011
-0.0021433
-0.002566
0.0022866
0.0048858
0.001187
-0.0019486
-0.00044445
-0.00071561
0.0042784
0.0049199
0.0016885
-0.00070982
0.000798
0.0015959
0.0035484
0.0026453
-0.0013218
-0.0025908
0.0018302
0.0014198
-0.00023739
-0.001925
-0.0059416
-0.0062856
-0.00061801
0.0014366
-0.00025394
-0.0034733
-0.0037103
-0.0021721
-0.0019148
-0.00063006
-0.00082058
0.00023026
0.00092152
0.002205
0.51426
0.75686
0.87364
0.465
-0.46876
-1.0357
0.55957
0.90897
1.1124
0.65254
-0.59764
-1.2343
0.45428
0.7552
0.9893
0.50399
-0.64322
-1.1346
0.32741
0.60681
0.69034
0.12007
-0.78552
-1.0275
0.2115
0.54406
0.4259
-0.30729
-1.0312
-1.0657
0.091402
0.33875
0.17225
-0.48831
-1.056
-1.0092
0.0049769
0.0085582
0.012234
0.010834
0.0075878
0.0041596
0.0066178
0.0097836
0.011634
0.010134
0.0050193
0.0017508
0.011163
0.014131
0.010528
0.0018641
-0.0099044
-0.014047
0.014763
0.016855
0.011684
-0.0041186
-0.023586
-0.025584
0.0052658
0.0090628
0.0057993
-0.008567
-0.025744
-0.027842
-0.0060732
-0.002994
0.0012228
-0.0082329
-0.018968
-0.018012
-0.017656
-0.016296
-0.00034564
0.010698
0.011208
0.0070084
-0.017937
-0.016058
-0.001914
0.0085015
0.0083044
0.0033891
-0.007063
-0.0058526
-0.00092751
0.0024432
0.00039057
-0.0032809
-0.0026691
0.00093427
0.0041579
0.0052124
-0.00078975
-0.0039172
-0.0041944
-0.001822
0.0050751
0.0096368
0.0062723
0.0018964
-0.0078794
-0.0055469
0.00032178
0.0070099
0.0087798
0.0043315
-0.33917
-0.84959
-0.88929
-0.50645
-0.029489
0.10369
0.011278
-0.65415
-0.90727
-0.43417
0.13598
0.2849
0.79918
0.13129
-0.75441
-0.62765
0.042144
0.37731
1.4235
1.0472
-0.25673
-0.8584
-0.50812
-0.041188
1.6338
1.6121
0.43425
-0.69911
-0.88529
-0.57438
1.1589
1.4009
0.65567
-0.33697
-0.79083
-0.68739
0.0045378
0.0085464
0.0056765
0.0034331
0.0031589
0.0055236
0.0051783
0.0069984
0.0040489
0.0042944
0.0064121
0.006049
0.0019878
-0.00012282
0.00027535
0.00379
0.0055993
0.005411
-0.0029112
-0.0059404
-0.001481
0.0032042
0.0026405
-0.00085994
-0.0052878
-0.0081457
-0.0031509
-0.0016286
-0.0078045
-0.0099925
-0.0039075
-0.0030271
-0.0027708
-0.0063319
-0.011402
-0.010385
-0.21626
-0.52354
-0.8447
-0.5826
0.63549
1.2664
0.023237
-0.30433
-0.91691
-0.59823
1.0161
1.7438
0.20928
0.031823
-0.73142
-0.65594
1.0473
1.8851
-0.021775
-0.16867
-0.88895
-1.0528
0.52212
1.6132
-0.047101
-0.16174
-0.87111
-1.2481
-0.20163
0.88606
0.20519
0.1879
-0.46466
-0.92783
-0.55526
0.13672
0.0010637
-0.0016108
-0.0036587
-0.0021555
-0.0046147
-0.0094158
-0.002094
-0.004483
-0.0047294
-0.0013009
-0.0039908
-0.0061907
0.001417
-0.0014729
-0.002616
-0.00042662
0.0014103
0.0011809
0.0040086
0.0028533
-0.00057305
-0.00033733
0.0025841
0.0013437
0.004755
0.0036595
0.0017961
0.0022394
0.0042366
0.0023162
0.00098217
0.0010398
0.00070754
0.0034777
0.0044653
0.00019397
-0.001687
0.0024314
0.0067035
0.0051053
0.00058643
-0.0014492
-0.0010333
0.0022869
0.0048121
-0.00025074
-0.0046351
-0.0051081
-0.0021745
-0.0022008
-0.0026445
-0.0064599
-0.0075496
-0.0057891
-0.0013359
-0.0052276
-0.0051583
-0.0028022
-0.0029631
-0.0018538
-0.0016594
-0.0032623
0.0019475
0.0072875
0.0066075
0.00062614
0.00016831
-2.3867e-05
0.0062503
0.010994
0.0095464
0.0034108
-0.54346
-1.0693
-0.80106
0.3703
0.98696
0.54705
-0.49711
-1.0544
-0.73131
0.64488
1.1053
0.40631
-0.37138
-0.96893
-0.72807
0.56298
0.90145
0.18207
-0.26873
-0.80558
-0.7049
0.44069
0.87612
0.33785
-0.2192
-0.73274
-0.65149
0.4355
1.034
0.64753
-0.15537
-0.6578
-0.60356
0.33524
0.97474
0.72558
0.25202
0.46045
0.21573
-0.57414
-1.1123
-0.76558
0.52728
0.52727
-0.12749
-0.93287
-1.0337
-0.39377
0.79715
0.33199
-0.76417
-1.0549
-0.30628
0.47098
1.0011
0.13235
-1.1914
-0.95203
0.52417
1.1363
0.89994
-0.10093
-1.2424
-0.54898
0.98756
1.2958
0.61401
-0.23623
-0.87362
-0.11138
0.94291
0.95566
3.3004e-05
0.0025153
0.0009919
0.001142
0.00035594
0.00063224
0.002075
0.0048465
0.0034051
0.00083746
-0.0014612
-8.7066e-05
0.0026873
0.0010692
0.0020666
3.6351e-05
-0.0011111
-0.0021658
0.00038729
-0.00010852
-0.001489
-0.001979
-0.00052502
-0.00071471
0.00084507
-0.00071924
-0.0036788
-0.0039095
-0.0016456
-0.0026572
0.0042373
0.0019075
-0.00061657
-0.0021177
-0.0016913
-0.0026787
-1.0008
-1.3163
-1.4871
-1.3184
-0.74083
-0.31988
-0.98171
-1.1113
-0.86529
-0.35822
0.29872
0.46779
-0.156
0.2054
0.86603
1.2389
1.4587
1.1694
0.42819
0.9119
1.2759
1.1926
1.031
0.73603
0.1902
0.39432
0.35949
0.032212
-0.18671
-0.24814
-0.14847
-0.26187
-0.33197
-0.40503
-0.49219
-0.49477
0.0014264
-8.2889e-05
-0.001707
-0.00019911
-0.0016679
-0.0028646
-0.001335
-0.0024366
-0.0012298
0.0024048
0.0037755
0.0024364
-0.002026
-0.0016534
0.00039903
0.0031738
0.0038693
0.0028621
3.9617e-05
0.0018851
0.0011031
-0.001821
-0.0011345
0.0019618
0.001543
0.0016032
3.4498e-05
-0.0036349
-0.0020301
0.0018633
-0.0017407
-0.00047996
-0.0018727
-0.0025358
0.00072623
0.0045201
-0.016455
-0.019072
-0.00043302
0.025488
0.023708
0.007219
-0.026913
-0.027929
-0.0026427
0.02823
0.02474
0.0021329
-0.031748
-0.036561
-0.0085239
0.018552
0.016727
-0.0014549
-0.037079
-0.037389
-0.0086704
0.020136
0.026811
0.010834
-0.032437
-0.034117
-0.0077428
0.025575
0.038389
0.028033
-0.016951
-0.018477
-0.0012599
0.01866
0.028892
0.023461
-1.0832
-1.1711
-0.62699
-0.011564
0.41901
0.52824
-0.46146
0.045785
0.82572
1.2432
1.1859
0.81836
0.57545
1.1778
1.4336
1.1065
0.42135
-0.030494
0.49946
0.44234
-0.069763
-0.6791
-0.947
-0.78155
-0.10043
-0.60499
-1.1421
-1.1643
-0.80329
-0.32717
-0.31864
-0.66469
-0.7277
-0.38366
0.14102
0.33614
-0.0039909
-0.00016141
0.0021244
0.0041063
0.0034476
0.0025356
-0.0015187
0.0019387
0.0032448
0.003096
0.00023961
-0.00062783
0.0022104
0.0048129
0.0045968
0.00067109
-0.0023646
-0.0013696
0.0040002
0.0029599
0.0010389
-0.0022783
-0.0029742
-0.00064217
0.0023266
0.00025276
-0.0027304
-0.0041116
-0.0030938
-0.000146
0.00080342
-0.0030199
-0.0032401
-0.0035066
-0.00090228
-0.00057981
-0.0010767
0.0016708
0.0040621
0.0023587
-0.00013683
0.00014796
-0.0019792
0.0020925
0.0058856
0.0023112
-0.00010206
0.00032605
-0.00011824
0.0014301
0.0010204
0.00021263
-0.0031409
-0.0020562
0.00069935
-0.00012853
-0.0023287
-0.0012799
-0.0014282
-0.0039454
-0.0010247
-0.001755
-0.003487
-0.0006256
0.00050024
-0.0023839
0.00027596
-0.0014047
-0.0021669
0.0033411
0.0045794
0.0022029
1.3754
1.3293
0.45627
-0.25386
-0.50998
-0.48309
1.7596
1.7893
0.89971
0.13403
-0.10345
-0.045424
0.7728
0.55174
0.057826
-0.057222
0.1808
0.36933
-0.80827
-1.1696
-1.0941
-0.67814
-0.087557
0.19157
-1.1825
-1.3676
-0.99368
-0.46488
0.014554
0.10644
-0.67317
-0.69319
-0.25202
0.10238
0.31238
0.2691
-0.0012006
-0.00012383
0.0012625
0.0037149
0.0027827
0.0043632
-3.0565e-05
0.0030905
0.0013578
0.00099399
0.00070658
0.00042794
0.0013552
0.0036256
0.0017458
-0.00054047
-0.0027149
-0.0028983
0.0025731
0.00097281
0.0015685
-0.00051048
-0.0023865
-0.0014313
-0.00028706
-0.0014248
-0.0014295
-0.0035164
-0.0029203
0.0010426
0.00084526
-0.00022364
-0.0029601
-0.0029907
-0.0014383
-0.0015059
0.0005963
0.0009033
-0.0023688
-0.0078182
-0.013482
-0.013247
-0.0032047
-0.00030193
0.0010991
0.0023464
-0.0023322
-0.0084495
-0.0075145
-0.0032024
0.0047151
0.010398
0.0066779
0.00075394
0.0044412
0.0064516
0.0084414
0.0027301
-0.013345
-0.016929
0.025705
0.030985
0.020411
-0.0021961
-0.031509
-0.039516
0.027374
0.03282
0.023324
0.0016973
-0.024973
-0.031871
0.00049052
0.0009453
-0.00097718
-0.0031795
-0.0015509
-0.00015044
0.00024868
-0.00063931
-0.0026425
-0.0020937
0.0021649
0.0027277
-0.0013691
-0.0031511
-0.0011132
0.0005786
0.004211
0.0053234
0.00067145
-0.0016477
-0.0013072
0.0008536
0.00368
0.0044492
0.00054246
-0.00061244
-0.0015265
-0.001877
1.061e-05
0.00076414
0.00088616
-0.0012527
-0.002008
-0.0011996
8.5683e-05
0.00018099
1.5884
2.0614
1.7617
1.1777
0.72695
0.402
0.7353
0.80891
0.29818
-0.27225
-0.34848
-0.15072
-0.92124
-1.2543
-1.3179
-1.1477
-0.83393
-0.41945
-1.0458
-1.037
-0.65407
-0.43122
-0.30826
-0.09627
-0.30865
-0.042813
0.26487
0.089201
-0.071868
0.07656
0.047043
0.10254
0.09486
-0.13111
-0.26712
-0.13662
0.0026224
0.0035456
-0.0013412
-0.0025519
-0.00040715
-0.0022972
0.00076884
-0.00055474
-0.0045892
-0.0024249
0.0025355
0.0024212
-0.0024723
-0.0046671
-0.0040432
-0.00025169
0.0041605
0.0049855
-0.0031716
-0.0041858
-0.0025077
0.0027696
0.0054914
0.0047113
-0.0013292
-0.0012999
-0.00097681
0.0018998
0.0018416
0.0034687
-0.0012101
-9.8258e-05
8.4784e-05
0.0016412
0.0015073
-0.0005908
-0.0024583
0.0011951
0.0064444
0.0051601
0.0027097
0.0023815
-0.0023493
0.0012514
0.0058946
-0.0004524
-0.002643
-0.002186
-0.0023168
-0.00064945
-9.0141e-05
-0.0050514
-0.010082
-0.0066217
-0.0039965
-0.0036156
-0.0016542
-0.0036095
-0.0049626
-0.0031311
-0.0040016
-0.0020103
0.0011923
0.004
0.0041027
0.0024694
0.0011122
0.00079909
0.0032108
0.0065301
0.007339
0.0052973
0.0098184
0.0045284
-0.0011335
0.0019823
0.0046475
0.0032847
0.0063146
0.0015578
-0.0042267
-0.0061803
-0.0052331
-0.0031617
-0.0074669
-0.0098148
-0.011618
-0.012076
-0.0097938
-0.0042813
-0.01367
-0.012112
-0.0074562
-0.0055311
-0.0032205
-0.0024357
0.0004198
0.0038648
0.0090516
0.0077488
0.0039793
0.0011782
0.01117
0.018885
0.017622
0.0102
0.0044858
0.0045478
0.0047067
0.0025459
-0.0018277
-0.0038991
-0.003605
0.00015976
0.0017135
-0.0037866
-0.0049977
-0.004881
-0.0018688
0.0022802
-0.00052855
-0.003805
-0.0041824
-0.0012234
0.0022976
0.0034237
0.0032968
0.0012217
-0.00035757
-0.00098952
0.00058233
-0.00035903
0.0031056
0.0035355
0.001827
-0.00026894
-0.00096932
0.00030568
0.0015593
0.00071
-0.0012805
0.00045854
0.0016538
0.00054418
-0.024738
-0.022928
-0.0090358
0.001569
0.017662
0.023004
-0.029534
-0.025105
-0.01308
-0.001776
0.019375
0.02835
-0.021286
-0.018071
-0.01032
-0.0052804
0.012384
0.023761
-0.016594
-0.013785
-0.0038215
0.0040397
0.016471
0.020799
-0.018916
-0.01843
-0.0017434
0.014657
0.026005
0.023983
-0.015193
-0.019048
-0.0036255
0.015306
0.024971
0.020814
-0.69025
-0.077153
0.6851
0.6881
0.33907
0.25366
-0.90773
-0.23964
0.89041
0.98095
0.496
0.28169
-1.2337
-0.74713
0.59119
0.98768
0.50268
0.12302
-1.2863
-1.1247
0.20522
0.95201
0.66517
0.19787
-1.2968
-1.3532
-0.32285
0.71129
0.81278
0.41974
-0.95493
-1.1905
-0.61424
0.23495
0.58546
0.4763
-0.36656
-0.14307
0.39192
0.46251
0.13407
-0.15326
-0.40501
-0.082027
0.27964
-0.11117
-0.74171
-0.72941
-0.22123
-0.025807
-0.20018
-0.98396
-1.3105
-0.76442
-0.27062
-0.31555
-0.5862
-0.79144
-0.18002
0.57604
-0.59391
-0.7128
-0.41906
0.4292
1.645
1.9652
-0.65939
-0.56208
0.051174
0.99522
1.8632
1.7645
-0.0066845
-0.0076161
0.002553
0.010284
0.010511
0.0064772
-0.0055984
-0.007914
-2.0118e-05
0.0020215
-0.00044266
-0.00081466
-0.0058968
-0.0067858
-0.0059541
-0.0085424
-0.01287
-0.0086742
-0.01141
-0.0082534
-0.0017575
-0.0027298
-0.0044911
-0.00081774
-0.0097148
-0.0008627
0.0079473
0.010047
0.010916
0.0082524
0.00018413
0.0043364
0.010503
0.011782
0.011787
0.0096842
-0.020701
-0.023219
-0.0084477
0.0044285
0.0055857
0.0020104
-0.020916
-0.021374
-0.0061283
0.0064562
0.0095821
0.0044873
-0.0064691
-0.0065641
0.0011475
0.0077315
0.0043155
-0.00023779
0.00091778
0.0049523
0.0096047
0.011084
0.0061721
0.00041655
-0.0043621
-0.00050907
0.0049875
0.011485
0.012305
0.0056131
-0.0087546
-0.0059684
-0.00091326
0.0080326
0.010631
0.0069363
-0.0007352
-0.0018445
0.0014601
0.0017302
0.0027323
0.0027274
0.0023564
0.0025389
0.0021152
0.002579
-0.0008133
-0.0016257
0.0031652
0.0036682
0.002884
-9.4849e-05
-0.0038188
-0.0037545
0.00056064
0.00043578
-0.00084857
-0.0026473
-0.0012499
-0.00069778
-0.00055854
-0.00093881
-0.0025318
-0.0041169
-0.0029653
-0.0013768
0.0022172
0.0016504
-0.002304
-0.0033723
-0.0032442
-0.001196
-0.0019658
0.0039823
0.0076111
0.006212
0.0028152
-0.00062656
0.0011462
0.0031758
0.0058306
0.0048321
0.00041433
-0.0027941
0.0024548
0.0027612
0.0023939
-0.0010295
0.0012238
0.0010091
-0.0018748
-0.0018506
-0.0026489
-0.0034231
-2.7301e-05
0.0038308
-0.0061083
-0.0042409
-0.0010839
-0.0023755
-0.002076
0.00012832
-0.0056835
-0.0018679
0.00058733
-0.00096226
-0.0028067
-0.003064
-0.0033555
0.00075899
0.0089429
0.0062975
-0.0017948
-0.0030978
-0.0017396
0.0027259
0.0075505
0.003071
-0.0045912
-0.0069724
0.00035975
0.00086801
0.0020536
-0.0011442
-0.0066169
-0.0070448
-0.0027204
-0.0031991
-0.0025725
-0.0035334
-0.0062023
-0.0091752
-0.0020185
-0.00037083
0.0046643
0.0077398
0.0011521
-0.0040635
-0.00013518
0.0020514
0.0094798
0.011728
0.0060546
-0.0013177
0.15092
0.45409
0.79312
1.2524
1.5665
1.38
0.71981
0.98397
0.83347
0.57802
0.47249
0.37619
0.89449
0.81516
0.078127
-0.74797
-1.1812
-1.0025
0.0731
-0.085781
-0.51725
-1.0467
-1.3902
-1.18
-0.73958
-0.76033
-0.53267
-0.44414
-0.61651
-0.57024
-0.68002
-0.60021
-0.15333
0.050824
0.052223
0.16081
-0.00032971
-0.0034129
-0.0040955
-0.0020503
-0.0013934
0.00051699
-0.0025488
-0.0022628
-0.0035755
-0.0016738
-0.0012388
0.00059321
-0.00099242
-0.00078373
-0.0029986
-0.00020831
0.0024326
0.0025196
0.0012279
-0.0011374
-0.0034027
0.0012413
0.0031521
0.00212
-0.00058587
-0.0020918
-0.00053243
0.0019288
0.003908
0.00071676
0.0013323
-0.0010248
0.00101
0.0015511
0.003409
0.00071661
-4.5862
-4.5847
-4.588
-4.5864
-4.5839
-5.1341
-4.5857
-4.5877
-4.586
-5.3322
-4.5886
-4.5881
-4.5753
-4.5873
-4.5875
-4.5873
-4.5879
-4.5877
-4.5875
-5.276
-4.5868
-4.5878
-4.5869
-4.5837
-4.5825
-5.0692
-4.5827
-4.5867
-4.5861
-4.5874
-4.5869
-4.5868
-4.5853
-4.5864
-5.2536
-4.5871
-4.587
-4.5876
-4.5877
-4.586
-5.1386
-4.5876
-4.5858
-4.5872
-4.584
-4.5852
-4.5876
-4.5874
-5.1817
-5.0526
-4.5867
-4.5874
-4.5863
-4.5869
-5.3785
-5.2044
-5.1038
-4.5856
-4.5819
-4.5867
-4.5868
-5.2648
-4.5831
-5.1682
-5.0425
-4.9918
-5.1308
-4.5873
-4.5874
-4.5865
-4.5876
-5.1426
-4.5868
-4.5807
-4.587
-4.5874
-5.1283
-4.5868
-5.276
-4.5857
-4.5831
-4.5859
-4.5867
-4.5853
-5.3891
-4.5822
-4.5809
-5.0843
-4.5845
-5.104
-4.586
-4.5873
-5.2709
-4.9812
-4.5872
-5.2491
-4.5875
-4.5743
-4.9086
-4.5867
-4.5868
-4.9843
-4.5873
-4.5931
-4.5874
-4.9367
-4.5875
-4.5869
-4.5849
-4.5871
-4.58
-5.3688
-4.8801
-4.5828
-4.5812
-4.5868
-4.5872
-4.5866
-5.056
-4.5875
0.021264
0.0090641
-0.0042882
-0.0017582
-0.0024585
-0.005425
0.01285
0.0016632
-0.0049355
-0.00069716
-0.0027811
-0.0046165
0.0023024
0.0030859
0.0069045
0.0072789
-0.00073762
-0.0047729
0.003225
0.0011114
0.0067801
0.01046
-0.0029348
-0.011765
0.0085318
-0.0021416
-0.0035517
-0.00087606
-0.009398
-0.014695
0.013756
0.006666
-0.00094861
-0.0056104
-0.0083929
-0.0063669
