0.5207
-0.78399
0.67558
-0.45043
-0.51124
1.3325
0.091657
-0.65646
0.00011166
-0.88668
-0.57132
-0.75643
-0.9712
0.74878
-0.55913
-0.30969
-0.95123
-0.11077
0.2284
0.047649
0.61193
0.27056
1.2665
1.3846
-0.77787
0.24483
-0.71167
0.99635
-0.70475
-1.1543
1.1497
-0.18499
-0.61965
-0.0027549
-1.057
0.22871
0.067348
-0.47105
1.4547
-0.67158
-0.38271
-1.0378
-0.15452
0.25229
-0.34045
0.98283
0.38274
1.6161
0.86819
-0.59222
-0.42717
-0.22539
0.74245
-0.57162
-1.3434
-0.065612
-0.68226
-0.3541
-0.0041558
-1.1632
0.99376
1.0109
0.89559
1.9085
-0.26551
-0.52571
-0.69015
-0.11024
0.285
-0.83777
0.68568
0.037433
1.3842
-0.40453
0.27806
-0.60139
0.57955
0.069699
0.30352
-0.45037
-0.99213
-1.2223
-0.46608
0.0016536
-1.2892
0.55192
0.57511
1.3459
1.9819
0.64297
-0.18064
-0.14643
0.005447
0.093452
-0.66188
0.17777
-0.81657
0.69993
-0.95213
0.7117
-0.15779
1.277
-0.43138
0.92781
0.44665
-0.86356
-1.296
-0.87123
0.0077133
-1.2839
-0.46955
-0.35712
0.46246
1.7253
1.3541
0.45984
0.35925
0.11707
-0.20477
0.57543
0.15598
-1.3034
-0.20445
-0.72032
0.11263
0.21844
1.2441
-0.41261
0.76136
0.49712
-0.21794
-0.87994
-0.89109
0.0064012
-1.0348
-0.6927
-0.51255
-0.30213
1.1959
1.079
0.6688
0.49599
0.12711
-0.28186
1.1591
0.1396
-1.1292
-0.74172
-0.3171
-0.47312
0.73082
-0.77765
0.9814
-0.31069
-0.8895
0.68292
0.71411
-0.79777
-0.00079644
-0.95935
-0.299
-1.1094
-1.2605
-0.16598
-0.029387
0.050139
-0.93934
-0.15258
-0.085819
0.048606
0.59597
0.46959
1.3472
1.7415
-0.91887
0.40828
-1.0361
1.0432
-0.77522
-1.4763
0.11261
0.74824
-0.82106
-0.0062422
-1.0993
0.77587
0.061507
-0.85837
0.11619
0.25804
0.17443
-1.3812
-0.20299
-0.035255
-0.44169
1.1154
0.9954
1.7254
0.89705
-0.3163
-0.51326
-0.76997
0.34836
-0.76814
-1.0005
-0.95924
0.095844
-0.6115
-0.0092145
-1.0351
1.2279
1.251
0.91349
0.5296
0.75664
0.13254
-1.3192
-0.13655
-0.011997
-1.0839
1.1193
0.94295
1.3581
-0.57748
0.94741
-0.94942
0.24274
-0.44596
0.26137
0.46648
-1.3311
-0.95356
-0.82265
-0.0029152
-0.88124
0.074598
0.72003
1.7317
0.77785
1.3232
0.41682
-1.0182
0.02584
-0.27508
-0.86199
0.95118
0.088013
0.48545
-0.94635
1.2833
-0.32904
1.5403
-0.79543
1.0189
1.2056
-0.60956
-1.4659
-1.0041
0.0044427
-0.63678
-0.96256
-0.2131
0.74428
0.62709
1.5261
0.87674
-0.63328
0.17001
-0.57757
0.8334
1.1431
-0.85705
-0.58451
-0.52779
0.20259
0.31831
1.6416
-0.53759
0.78732
0.65854
0.19564
-1.2269
-0.634
0.0050686
-0.41403
-0.66455
-0.41057
-0.31255
0.35043
1.0489
0.8358
-0.2799
0.1767
-0.49872
1.6653
0.93466
-1.096
-1.0159
-0.14832
-0.77302
0.6856
-0.18645
0.94451
-0.18386
-1.318
-0.68022
0.8255
-0.50342
-0.002607
0.095196
0.4629
-1.443
-1.1366
-0.98929
0.39275
0.91522
0.11722
-0.15259
-0.95455
0.052413
-0.28298
-0.063495
0.6398
1.576
-0.5142
0.74991
-0.67314
0.47728
-0.74392
-1.3254
-1.4243
1.3526
-0.5449
-0.0065141
0.28195
1.2281
-0.21347
-1.0492
-1.3209
0.65538
1.296
-0.32733
-0.18904
-1.1159
-0.41926
0.0034587
0.58768
0.8875
0.50085
0.23565
-0.21424
-1.0385
-0.43487
-0.75265
0.027608
-1.3727
1.1375
-0.45009
-0.0080679
0.52713
0.75221
1.0566
0.24504
-1.1512
0.64046
1.2415
-0.75903
-0.10959
-0.99138
-1.0572
0.34395
1.2488
0.58836
-0.80318
1.2414
-1.0701
-0.55034
-0.90352
0.17978
1.3591
-0.37162
0.059111
-0.53888
-0.0047872
0.82315
-0.74231
0.677
1.2931
-0.90465
0.28501
1.1571
-1.0389
0.043337
-1.0661
-0.8728
0.7754
1.3823
-0.032868
-0.73858
1.2283
-0.75765
0.80079
-0.77336
0.70333
1.1911
0.70973
-1.1019
-0.22139
-0.0018764
0.99389
-1.1202
-0.13592
0.96879
-0.85083
-0.36784
0.95457
-1.1934
0.16616
-1.1499
0.79619
1.3341
0.76841
-0.82441
-0.2374
-0.1707
-0.020375
1.3137
-0.22854
0.38973
0.31528
0.98626
-1.3767
0.40355
-0.00096138
0.78
-0.23308
-0.39531
0.16957
-0.6434
-0.71195
0.38826
-0.98414
0.16589
-0.79933
1.7231
1.2733
-0.064858
-1.0942
0.03644
-1.142
0.58486
0.56745
0.349
-0.53781
-1.1983
-1.1013
0.25858
-0.19491
-0.0071654
1.1806
1.1783
-1.6102
-0.63062
-0.75796
-0.25905
0.82645
1.2142
-0.15309
-0.90137
0.095861
-0.92552
-0.88001
-0.14383
1.4864
0.16155
1.2128
0.16679
-0.52693
-1.007
-0.5399
-1.3667
0.94013
-0.30103
-0.0062195
1.3794
1.3394
-0.30261
-0.94109
-0.96697
-0.40356
1.1266
1.1201
-0.1785
-1.2188
-0.40981
-1.0177
-0.63053
0.08492
0.27231
0.86177
0.64348
-0.75756
-1.176
-0.51204
0.85304
-0.46959
1.3811
-0.14075
-0.0013789
1.2874
-0.0093775
1.1914
-0.57596
-0.8678
-0.75296
1.0738
0.58459
-0.080578
-1.1239
-1.0188
-0.84989
0.40901
0.12523
-1.0253
1.1597
-0.73232
-1.1154
-0.90679
0.64215
1.2754
0.93629
0.92205
0.28697
0.00028426
1.3123
-1.2839
0.84533
0.38714
-0.69246
-1.2798
0.77669
0.012746
0.067863
-1.0088
-0.91059
-0.54564
1.5082
-0.20207
-0.80795
0.50364
-1.3043
-0.37717
-0.0050408
0.82879
0.49357
1.4187
-0.33257
1.1253
-0.0028047
1.2216
-0.88102
-0.19946
0.96621
-0.66591
-1.7738
0.22391
-0.40856
0.17205
-0.83104
0.68753
-0.03354
1.5567
-0.79738
-0.33606
-0.86283
-0.85481
0.31745
0.6407
0.21066
-0.16451
0.90182
-1.0427
1.4948
-0.0038693
0.80824
0.2067
-0.57628
0.72377
-0.56447
-1.6278
-0.32619
-0.48754
0.16135
-0.48941
1.6499
0.32446
0.77875
-1.0144
-0.070585
-1.3233
0.34079
1.0008
-0.51276
-1.1567
-0.40003
-0.43396
-0.28658
-0.050137
-0.011687
0.97208
1.233
-1.6095
-0.16912
-0.21426
-0.7982
-0.60469
1.2302
-0.15165
0.59703
0.14055
-0.62104
-0.94523
-0.63419
1.6183
0.84476
1.31
0.85245
-1.315
-1.3976
0.52827
-0.17466
0.20258
-0.24199
-0.0076811
0.81769
0.95456
-0.32912
-0.80489
-0.34612
-0.92696
-0.75624
1.4163
-0.16778
0.59569
-0.42606
-0.82844
-1.2534
-0.37951
0.45026
1.2479
1.4827
-0.1408
-1.3741
-0.15735
1.1655
0.64892
0.88272
-0.0068053
0.00194
0.38288
-0.58986
1.4415
-1.0609
-0.26032
-0.94271
-0.79732
1.0873
-0.04887
0.61323
-1.031
-1.033
-0.78107
-0.096898
-0.98218
0.68152
0.13023
-1.0803
-0.25062
1.3114
0.61643
1.2215
1.1644
0.81352
0.0041036
0.22803
-1.3824
1.3205
-0.48249
-0.12251
-0.85872
-0.70594
0.70349
0.1044
0.59509
-0.94081
-1.2601
0.29842
-0.27005
-0.95441
-0.44832
-1.4208
-1.1949
1.2225
1.2373
-0.24681
0.73505
0.51151
1.7907
-0.001821
0.12794
-0.64093
0.010596
0.63068
-0.15017
-0.62784
-0.79252
0.50028
0.19708
0.58953
0.51378
-1.3433
0.80236
-0.78095
-0.53573
-1.3636
-1.4671
-0.66073
1.6395
0.21499
-0.39454
-0.161
-0.23334
1.8217
-0.0041338
-0.022702
0.33963
-0.64703
0.91372
-0.19134
-0.28005
-0.87934
0.40018
0.16762
0.48339
1.4406
-0.92712
0.50238
-0.9162
-0.17745
-1.2047
0.040219
0.93451
-0.75132
-1.1697
0.15632
0.2071
-0.40945
0.0096758
-0.010352
0.22818
0.84696
-1.3946
-0.17389
0.034699
-0.45607
-1.2041
0.65483
-0.10901
1.3828
0.15581
-0.11464
-0.41336
-0.60331
1.4763
0.94584
0.87553
0.93863
-1.2394
-1.1998
0.88622
0.56277
-0.23845
-0.10058
-0.0061307
-0.064759
0.27193
-0.36869
-0.63389
-0.151
-0.20926
-1.5613
0.98041
-0.10837
1.6754
-0.3103
-0.19827
-0.86091
-0.45873
0.55341
0.95269
1.45
0.34624
-0.91775
0.060503
0.86679
0.86478
0.25133
0.091686
0.0019632
-0.36449
-0.90874
1.1446
-1.0075
-0.12773
0.15415
-1.564
0.76497
-0.013792
1.7098
-0.84104
-0.3542
-1.018
-0.23741
-0.6986
0.12331
0.63918
-0.53043
0.36548
1.2886
0.048086
0.6418
0.74213
0.82456
0.0027351
-0.50241
-1.1664
1.2387
-0.82978
-0.15919
0.66581
-1.2898
0.56771
0.099648
1.5692
-0.7536
-0.68293
-0.7005
-0.30765
-0.84188
-0.8958
-0.87485
-1.0902
1.5241
1.0152
-0.4659
-0.17936
0.61183
1.4239
-0.0022105
-0.53761
-0.43259
0.21344
0.12721
-0.1674
1.1883
-1.0381
0.50043
0.15707
1.2762
0.29615
-1.0834
-0.3788
-0.59855
-0.52115
-1.296
-1.3023
-0.95975
1.5315
0.10415
-0.36037
-0.7207
0.086975
1.1943
-0.0030493
-0.46943
0.20087
-0.5177
0.62633
-0.066728
1.1038
-0.76119
0.4924
0.11782
0.82977
0.93382
-0.95956
-0.24866
-0.63093
-0.17817
-0.91124
0.56932
0.29671
-0.39766
-0.59589
-0.12644
0.24227
0.86279
0.49135
-0.52156
-1.0485
-0.40012
0.29938
0.82991
0.82431
-0.17084
-1.0809
-0.84959
-0.070094
0.67384
1.1902
0.66395
-0.72826
-1.3092
-0.86576
0.39387
1.3221
1.464
0.063429
-1.3944
-1.4413
0.069918
0.94917
1.5115
0.61529
-0.84435
-1.2473
-0.8716
-0.7327
-0.18742
0.54842
1.3117
1.2401
-0.80299
-1.0414
-0.77046
0.28043
1.5566
1.6156
-0.15786
-0.65264
-1.1051
-0.48909
0.83776
1.4142
0.53732
0.15102
-0.81014
-1.112
-0.29207
0.42571
0.94616
0.82286
-0.18564
-1.0692
-1.1901
-0.57903
0.97781
0.92923
0.33327
-0.54221
-1.1303
-0.92947
0.62819
0.97665
0.73359
0.079125
-0.46711
-0.43734
0.99233
1.0691
0.33986
-0.46503
-0.82482
-0.53216
0.9892
0.49208
-0.43177
-0.95302
-0.74059
-0.081918
0.37576
-0.49152
-1.1717
-0.92348
0.076109
0.75106
-0.56381
-1.3292
-1.3939
-0.23001
1.271
1.6396
-0.75721
-1.2779
-0.99538
0.3485
1.506
1.4649
-0.46323
-0.80974
-0.61699
0.31136
1.011
0.83627
-0.38164
-0.86938
-0.83947
0.30145
1.0808
0.88533
-0.29592
-0.83997
-0.75652
0.2604
0.80184
0.43089
-0.66205
-1.0821
-0.48107
0.7309
0.93734
0.20598
-1.1936
-1.4266
-0.21804
1.3242
1.2993
0.2614
-1.2125
-1.2248
-0.07163
1.2524
1.1269
0.25782
-0.60772
-1.2289
-1.2896
-0.39865
0.54607
0.56338
-1.0005
-1.5178
-1.0206
0.49627
1.2236
0.78264
-1.3768
-1.3681
-0.022824
1.3524
1.2011
0.32909
-1.2247
-0.57111
0.91275
1.312
0.49865
-0.22673
-0.3832
0.4916
1.1924
0.68739
-0.1638
-0.34352
0.16043
0.87764
0.87916
0.091946
-0.34612
-0.20577
1.2237
1.0144
-0.12485
-0.98806
-0.84989
-0.18013
0.60561
0.10353
-0.96741
-1.3175
-0.61133
0.22425
-0.67647
-1.3356
-1.3794
-0.44852
0.69878
1.0433
-1.0927
-1.3125
-0.48829
0.85678
1.3999
0.93451
-0.45637
-0.18455
0.64757
1.2309
0.78071
-0.091087
0.23273
0.5941
0.8902
0.67221
-0.071566
-0.63027
0.13007
-0.13954
-0.69294
-1.3114
-1.3495
-0.93493
0.76789
0.73562
0.07816
-1.0498
-1.5322
-1.2762
0.89094
1.3757
1.1636
-0.013901
-1.2022
-1.4478
0.30984
0.953
1.399
0.94536
-0.39305
-1.0281
-0.25345
0.25207
0.95607
1.2144
0.52538
-0.27359
-0.31267
-0.1704
0.27633
0.74842
0.62173
0.081705
-0.75467
-0.74241
-0.43412
-0.5159
-0.84827
-0.81242
-0.91175
-0.89381
-0.69009
-0.8846
-0.99109
-0.57933
-0.54829
-0.54295
-0.56469
-0.61245
-0.14975
0.44069
-0.28356
-0.31189
-0.17245
0.34355
1.2509
1.5307
-0.14433
-0.27217
0.054956
0.97064
1.8673
1.8561
0.010049
-0.15401
0.13633
0.90916
1.512
1.2689
-0.00024047
-0.0040342
-0.00409
0.0041113
0.011428
0.0078652
0.002912
-8.8012e-05
-0.0025297
0.0055828
0.012437
0.0076178
0.0016486
0.00063412
0.00037293
0.0061563
0.0079287
0.0029579
-0.0066626
-0.0069054
-0.00046258
0.0038001
0.0018119
-0.00094519
-0.013873
-0.014293
-0.0026008
0.0032532
0.0002251
-0.0016271
-0.012224
-0.011691
-0.0020031
0.0045642
0.0022361
8.5561e-05
-0.91533
-1.085
-1.1958
-1.2846
-1.2897
-1.0585
-1.0126
-1.1859
-1.1114
-0.94482
-0.69072
-0.48495
0.15378
0.35061
0.50943
0.72885
0.85058
0.69852
1.1823
1.4076
1.3241
1.3172
1.2234
0.86637
0.86442
0.82639
0.49059
0.28665
0.17424
0.00049847
0.22547
-0.1127
-0.42685
-0.50404
-0.50378
-0.47754
-0.51563
0.32647
1.0044
0.42267
-0.55698
-0.7242
-0.20123
0.86905
1.1827
-0.06041
-1.0312
-0.73978
0.53076
1.3237
0.81494
-0.72007
-1.1017
-0.31689
1.1705
1.3665
0.034261
-1.2681
-0.8922
0.13776
1.2028
0.9255
-0.57428
-1.4007
-0.70154
0.2857
0.80776
0.29586
-0.8169
-1.1532
-0.47587
0.19496
-0.87172
-0.025149
1.0124
0.58612
-0.37071
-0.50615
-1.138
0.012012
1.2611
0.76946
-0.2086
-0.39423
-1.4699
-0.35743
1.0669
0.75159
-0.10017
-0.37046
-1.6221
-0.43399
1.1979
0.87627
-0.1486
-0.56469
-1.5703
-0.35443
1.4228
1.3012
0.090089
-0.58941
-1.3884
-0.39758
1.1319
1.2513
0.32385
-0.39085
-0.95935
-0.41921
0.98709
1.3904
0.51619
-0.25674
-1.3619
-0.92061
0.86667
1.7386
0.81616
-0.13574
-1.2056
-1.1465
0.22499
1.3665
1.0035
0.20075
-0.63858
-1.0567
-0.58315
0.50735
1.0448
0.66326
-0.24162
-0.85735
-1.1279
-0.38184
0.71829
0.9598
-0.29971
-0.73737
-1.0499
-0.7615
0.19285
0.72849
0.76106
1.4111
1.817
1.911
1.669
1.1856
-0.21201
0.13966
0.56394
0.81855
0.70108
0.41259
-1.0109
-1.3293
-1.1351
-0.86099
-0.79574
-0.64945
-0.72911
-0.9766
-0.88696
-0.67182
-0.65023
-0.55604
-0.15419
-0.36725
-0.25383
-0.069513
-0.13471
-0.19341
-0.031478
-0.22448
-0.17469
-0.16096
-0.15884
-0.041319
-0.51524
-0.60017
-0.22371
0.61434
1.2985
1.0655
-0.049673
0.21156
0.70789
1.2872
1.4831
1.0528
0.41718
0.6239
0.66419
0.2898
-0.32525
-0.60563
-0.22435
-0.42721
-0.77442
-1.226
-1.6583
-1.5107
-0.7505
-0.93813
-0.91313
-0.81102
-0.61539
-0.3122
-0.414
-0.15296
0.17141
0.55906
1.0835
1.081
-0.27378
-0.35872
-0.48754
-0.13552
0.49795
0.73351
0.067944
0.17861
0.14399
0.4161
0.8518
0.79671
0.91875
1.2868
1.2411
1.1629
1.0129
0.45798
0.74959
1.0464
0.99773
0.76279
0.31492
-0.29029
-0.66002
-0.84554
-0.8496
-0.77785
-0.87011
-0.95782
-1.2083
-1.5344
-1.5276
-1.273
-1.0435
-0.76311
-1.0112
-1.1121
-0.74431
-0.19442
0.34474
0.51328
-0.98035
-1.4561
-1.3577
-1.0902
-0.76969
-0.2977
0.15558
-0.28349
-0.78344
-1.0957
-1.2392
-1.0423
1.2362
1.1693
0.61199
0.076893
-0.32497
-0.54561
1.2302
1.4638
1.1718
0.82614
0.69883
0.45411
0.63547
0.89218
0.75195
0.58473
0.64391
0.60866
-0.10843
-0.15346
-0.11094
0.0029726
0.11403
0.12602
-0.15175
-0.20213
-0.13716
0.022453
0.16564
0.1759
-0.15596
-0.19098
-0.10806
0.044856
0.16597
0.16688
-0.15594
-0.17721
-0.072004
0.077872
0.17752
0.1632
-0.14746
-0.15905
-0.038447
0.11322
0.20138
0.16689
-0.10249
-0.096947
-0.0039486
0.10584
0.15898
0.11811
0.16646
0.23663
0.18247
-0.031705
-0.1995
-0.20559
-0.059593
0.013559
0.022119
-0.25961
-0.5791
-0.57868
-0.95895
-1.1386
-1.0549
-1.1106
-1.1639
-0.89817
-1.0114
-1.2059
-1.138
-1.0198
-0.82405
-0.52612
0.52228
0.71404
0.75122
0.74972
0.77162
0.60092
1.3841
1.6629
1.7024
1.572
1.2902
0.89732
-0.010822
-0.41819
-0.92292
-0.7116
0.55817
1.2722
0.02278
-0.48443
-1.1721
-0.86854
0.86634
1.7297
-0.016853
-0.45411
-1.1426
-0.85771
0.95374
1.7822
0.0089457
-0.42318
-1.1007
-0.89148
0.89923
1.7337
0.013294
-0.42631
-1.083
-0.94712
0.62307
1.5454
0.078506
-0.32869
-0.8974
-0.77216
0.31541
0.99905
0.69174
0.99851
0.72575
0.23163
0.15554
0.21062
0.59471
1.1477
1.1302
0.99072
1.1363
0.96934
-0.28684
0.063643
0.46524
0.86522
1.3129
1.2648
-0.9076
-1.0642
-0.93152
-0.52958
-0.023971
0.28829
-0.61984
-0.91989
-1.0893
-1.2646
-1.3057
-0.93595
-0.049374
-0.219
-0.35433
-0.70439
-1.112
-0.96737
0.26641
0.35036
0.032927
-0.75958
-1.2164
-1.0409
0.49011
0.98889
0.9047
0.094376
-0.84252
-1.0727
-0.096644
0.58467
1.2747
1.3788
0.7233
-0.14784
-0.82833
-0.66841
0.35115
1.4624
1.5503
0.80346
-1.0006
-1.3068
-0.88972
0.25146
0.78551
0.5733
-0.45456
-0.8709
-0.99035
-0.67287
-0.37064
-0.22518
1.3556
1.6876
1.3846
0.59875
-0.28787
-0.78097
1.4131
1.7826
1.4292
0.46999
-0.63919
-1.0178
0.72042
1.0266
0.71872
0.010516
-0.8491
-1.0602
-0.066385
0.19621
0.1462
-0.25627
-0.87754
-1.0204
-0.61173
-0.39965
-0.13772
-0.34895
-0.87385
-0.95521
-0.54141
-0.44509
-0.25984
-0.37193
-0.68503
-0.68103
1.3782
0.9914
-0.35657
-0.96801
-0.75705
-0.34047
1.786
1.0348
-0.59171
-1.0292
-0.58106
-0.12981
1.6813
0.62998
-0.78953
-0.81243
-0.27357
-0.00023036
1.5853
0.39474
-0.97845
-0.88744
-0.3923
-0.13371
1.6532
0.49518
-0.96634
-1.0244
-0.59375
-0.27258
1.4839
0.57464
-0.63347
-0.83266
-0.55011
-0.18324
-0.83908
-0.58343
0.32658
0.79588
0.14844
-0.57747
-0.88673
-0.25667
0.98002
1.306
0.17217
-0.86779
-0.51162
0.30896
1.3204
1.2218
-0.23031
-1.2115
0.11919
0.9176
1.2441
0.52413
-0.92332
-1.4337
0.82483
1.3026
0.69022
-0.49055
-1.3942
-1.2682
1.031
1.0862
0.20078
-0.926
-1.3227
-0.94883
-5.216
-4.9207
-5.2014
-5.3383
-5.2866
-5.2367
-5.4931
-5.1235
-4.5536
-5.2541
-5.237
-5.1975
-5.1758
-4.7767
-4.8879
-5.2784
-5.2826
-4.5736
-5.0321
-5.2493
-5.175
-5.1207
-5.2267
-5.1254
-5.2751
0.0271
0.011156
-0.0055488
-0.0073848
-0.013049
-0.013925
0.021628
0.0019953
-0.0078205
-0.012354
-0.019682
-0.014603
0.016396
0.0021555
-0.0034511
-0.012116
-0.018017
-0.0078872
0.017966
0.010632
0.0024582
-0.0064455
-0.0095782
-0.0013678
0.0075834
0.010613
0.0058765
-0.0040868
-0.006127
-0.0028314
0.00064014
0.011082
0.012499
0.0070501
0.00086147
0.00043701
