0.063088
-0.19746
-0.057236
-0.060264
0.042403
0.068303
0.37606
0.00054974
-0.12594
-0.13089
-0.11823
-0.033177
-0.19115
-0.18436
-0.10529
-0.015429
-0.34496
-0.23285
0.05754
-0.03362
0.1412
0.51145
-0.1575
0.0052183
-0.1262
0.040618
-0.16236
-0.15821
-0.1971
-0.077107
0.052739
-0.3596
-0.16305
0.12659
-0.17292
-0.086722
0.62248
-0.23412
0.0061593
-0.31818
0.10396
-0.18069
-0.0089597
-0.18723
-0.12649
0.080621
-0.23287
-0.081881
-0.033796
-0.26182
-0.20185
0.57363
-0.17815
-0.15619
-0.2286
0.086011
-0.126
0.055746
-0.15104
-0.091301
0.13139
-0.23782
-0.14747
-0.20064
-0.32092
-0.13549
0.19064
-0.13858
-0.29644
-0.11508
-0.045892
-0.20233
0.11849
-0.088995
0.053926
0.078607
-0.11603
-0.13299
-0.45401
-0.2429
-0.11874
-0.37156
-0.11148
-0.41644
0.081508
-0.087952
-0.26133
0.11628
-0.071395
0.041794
-0.16842
0.22144
0.038004
-0.63141
-0.16921
-0.21229
-0.54426
-0.12075
-0.36098
0.23683
-0.064074
-0.37687
0.14833
-0.094339
0.075967
-0.42648
0.36852
0.20743
-0.56671
0.028735
-0.37269
-0.30333
-0.049877
-0.070085
0.091087
-0.056243
-0.3598
0.10757
-0.088587
0.40785
-0.52127
0.31424
0.25377
-0.26918
0.28857
-0.36242
-0.12692
0.064908
0.083904
-0.038195
-0.092602
-0.31097
0.02248
-0.14889
0.35072
-0.40423
0.16062
0.20437
0.021994
0.31753
-0.23988
-0.043329
0.15259
0.18434
0.056824
-0.22772
-0.24083
-0.00025499
-0.20251
0.12243
-0.27978
-0.12174
0.16511
0.21018
0.23341
-0.12952
-0.052089
0.11506
0.26621
0.10983
-0.35139
0.034186
-0.10116
-0.22378
0.11239
-0.24645
-0.15214
-0.033009
0.17787
0.17304
-0.12355
-0.054691
0.050707
0.075105
-0.0414
-0.39222
0.51784
-0.25103
-0.33484
0.053108
-0.19457
0.036433
-0.21014
-0.025939
-0.051699
-0.13531
-0.020128
0.024739
0.0060273
-0.036838
-0.27635
0.78273
-0.27616
-0.5052
-0.14573
-0.24443
0.14207
-0.22123
-0.15871
-0.41273
-0.19389
-0.099119
-0.041372
0.10042
-0.077698
-0.24013
0.608
-0.094581
-0.59532
-0.19573
-0.25735
0.066213
-0.06022
-0.093384
-0.45733
-0.33702
-0.17971
0.023662
0.10614
-0.26631
-0.050203
0.48856
0.054295
-0.41279
-0.06414
0.011782
-0.13377
-0.33713
0.20311
0.080878
0.13992
0.57578
-0.025513
0.00051784
-0.14863
-0.14398
-0.0024831
-0.093743
-0.32218
-0.26057
-0.12921
-0.33968
-0.46943
0.35822
0.014353
0.036152
0.78081
-0.10105
-0.093258
-0.33033
0.077497
-0.085943
-0.05905
-0.33732
-0.042129
-0.082047
-0.51883
-0.42646
0.35784
-0.0092663
-0.20499
0.82244
-0.12098
-0.099095
-0.41833
0.14588
-0.11138
0.2151
-0.22271
-0.023909
-0.044253
-0.45539
-0.44004
0.057308
-0.13554
-0.22595
0.77753
-0.19289
0.054388
-0.10184
0.084204
-0.090649
0.26506
-0.076393
-0.14574
-0.035227
-0.25871
-0.47384
-0.43751
-0.27264
-0.14745
0.45746
-0.14092
0.011275
0.11556
0.0048498
-0.17756
0.29434
0.0093584
-0.055231
-0.18629
0.093521
-0.38139
-0.87343
-0.13842
-0.1449
-0.11732
0.036616
-0.27819
0.32447
-0.0034953
-0.25751
0.17007
-0.11136
-0.035537
-0.4042
0.60858
-0.091202
-0.98184
0.025963
-0.23687
-0.45713
0.10349
-0.31017
0.33795
0.039922
-0.40997
0.12527
-0.13401
0.059207
-0.51926
0.74888
0.13163
-0.75904
0.12689
-0.35493
-0.4636
0.044678
-0.09038
0.067367
0.063106
-0.46213
0.086877
-0.054708
0.29364
-0.81464
0.39852
0.22834
-0.21194
0.3778
-0.37783
-0.34195
0.17976
0.004492
0.00071671
-0.048345
-0.53173
-0.14083
-0.22949
0.34485
-0.84283
0.10674
0.27512
0.39716
0.51298
-0.204
-0.3127
0.32835
0.14711
0.054405
-0.29935
-0.4829
-0.41729
-0.33501
0.16291
-0.65283
-0.084597
0.22058
0.54522
0.5391
-0.065748
-0.20031
0.21715
0.18842
0.12368
-0.59053
0.070757
-0.61416
-0.24696
0.060706
-0.49355
-0.16483
-0.00022953
0.30204
0.28628
-0.055423
-0.11058
0.014022
-0.060915
0.010449
-0.57719
0.76699
-0.64906
-0.28772
-0.070777
-0.30792
0.074694
-0.18041
-0.020664
-0.05564
-0.098914
-0.14051
0.0058596
-0.21329
0.07117
-0.44348
1.2065
-0.4892
-0.47523
-0.20032
-0.2509
0.25895
-0.1823
-0.13202
-0.40102
-0.18117
-0.2004
0.051154
-0.12423
0.1237
-0.34898
1.0825
-0.22237
-0.65371
-0.19818
-0.31985
0.12208
-0.18708
-0.066948
-0.54876
-0.27422
-0.30952
0.11081
-0.093975
0.021874
-0.10637
0.63134
0.074869
-0.54758
-0.092469
-0.14025
-0.2128
-0.38736
0.28181
-0.041051
0.37851
0.52219
-0.15941
-0.10031
-0.23243
0.11452
-0.052394
0.077148
-0.27595
-0.11314
-0.1829
-0.38621
-0.62666
0.36666
-0.040926
0.13517
0.76868
-0.12364
-0.26167
-0.4689
0.15681
-0.15776
0.080178
-0.26712
0.040461
-0.13388
-0.60476
-0.76807
0.34929
-0.10152
-0.20837
0.87885
-0.035305
-0.28595
-0.45732
0.090005
-0.14553
0.14852
-0.24088
-0.026081
-0.23906
-0.598
-0.77612
-0.014409
-0.098154
-0.25621
0.78315
-0.10157
-0.07685
-0.0011876
0.0020027
-0.16334
0.13649
-0.22035
-0.2222
-0.3095
-0.26994
-0.77872
-0.56757
-0.10038
-0.14193
0.51872
-0.15303
-0.021372
0.40445
-0.015312
-0.20248
0.13062
-0.18221
-0.12362
-0.47588
0.33067
-0.65108
-1.0664
0.039201
-0.1585
0.15353
-0.12397
-0.21824
0.59621
0.14763
-0.26158
0.14829
-0.2402
0.038503
-0.58463
0.83728
-0.25619
-0.94795
0.17921
-0.19905
-0.30283
-0.096716
-0.32707
0.37435
0.23844
-0.32055
0.14442
-0.27731
0.080154
-0.68798
0.9117
-0.063232
-0.4587
0.37157
-0.30747
-0.50024
-0.12252
-0.21514
-0.043935
0.2205
-0.41372
0.029872
-0.26271
0.12255
-0.91529
0.37033
0.091373
0.15984
0.45919
-0.29369
-0.32545
0.094592
-0.12569
-0.080425
0.041364
-0.65922
-0.17536
-0.45024
0.075589
-1.0407
-0.0085092
0.25064
0.73873
0.49381
-0.12602
-0.31951
0.31206
0.012478
0.079719
-0.24478
-0.72047
-0.47735
-0.48973
0.068847
-0.88
-0.10638
0.24675
0.74929
0.49543
0.00044482
-0.38487
0.26231
-0.065348
0.11925
-0.58107
-0.044343
-0.83358
-0.31634
-0.0072435
-0.65871
-0.18435
0.13159
0.29471
0.2403
-0.00071864
-0.28652
0.026282
-0.24521
-0.095052
-0.73127
0.7636
-0.8181
-0.15137
-0.025256
-0.44468
0.052026
-0.057596
-0.097081
-0.16361
-0.13725
-0.19572
-0.036507
-0.31223
-0.092612
-0.57509
1.407
-0.48763
-0.20884
-0.033149
-0.33123
0.18388
-0.053809
-0.16045
-0.40212
-0.28196
-0.16957
0.0058383
-0.33513
0.076561
-0.27303
1.3038
-0.23015
-0.45931
-0.15428
-0.307
0.041007
-0.10071
-0.078567
-0.51317
-0.30255
-0.20738
0.021546
-0.28696
0.19112
0.16137
0.64814
-0.018084
-0.52626
-0.13508
-0.19702
-0.30754
-0.40979
0.29086
0.022224
0.46458
0.25922
-0.057596
-0.13028
-0.2374
0.18905
-0.048557
0.088032
-0.12421
-0.044672
-0.18165
-0.5349
-0.54988
0.32439
-0.021456
0.4177
0.64477
-0.10569
-0.20785
-0.44669
0.15557
-0.17929
0.17584
-0.16949
0.046169
-0.19219
-0.67536
-0.64269
0.21407
-0.26203
0.21141
0.97893
-0.013873
-0.19091
-0.50482
0.033404
-0.25214
0.1402
-0.26417
-0.047464
-0.27607
-0.71143
-0.73943
-0.11718
-0.15405
0.031381
1.0425
0.040215
-0.20256
-0.056988
-0.019489
-0.35538
0.081912
-0.35455
-0.23087
-0.31983
-0.34312
-0.78459
-0.5761
-0.010568
-0.079925
0.83804
-0.15317
-0.16266
0.48598
0.0086696
-0.36007
0.17166
-0.23663
-0.10547
-0.44606
0.24466
-0.66191
-0.97659
0.073028
-0.12081
0.44491
-0.2958
-0.25787
0.71893
0.2076
-0.1896
0.21119
-0.15313
0.096767
-0.63693
0.80125
-0.34387
-0.6645
0.26489
-0.19177
-0.014052
-0.26313
-0.32681
0.40153
0.27468
-0.15987
0.1772
-0.13937
0.072616
-0.78992
0.85204
-0.12223
-0.014997
0.53677
-0.31062
-0.20263
-0.25225
-0.28055
0.028358
0.21969
-0.32171
0.011956
-0.041559
-0.072482
-0.87561
0.35817
0.080012
0.68523
0.65887
-0.38635
-0.086707
0.032554
-0.21438
0.0075138
0.00081379
-0.57443
-0.19639
-0.20621
-0.058433
-0.85456
-0.08377
0.29461
0.88325
0.52723
-0.22577
-0.11335
0.32287
-0.093209
0.098755
-0.16983
-0.59663
-0.50751
-0.32857
0.091067
-0.66664
-0.26564
0.24664
0.65598
0.35635
-0.054543
-0.21967
0.42484
-0.10959
0.11501
-0.51977
-0.17545
-0.89395
-0.19548
0.19244
-0.36983
-0.19257
0.13371
0.31825
0.15668
-0.093441
-0.24159
0.32227
-0.17834
-0.00023791
-0.7215
0.51825
-0.7642
0.050445
0.25774
-0.19419
0.074321
-0.017982
0.013504
-0.25786
-0.15939
-0.22972
0.08935
-0.20211
-0.073768
-0.5264
1.3225
-0.33593
0.10842
0.26913
-0.24553
0.14622
-0.020405
-0.00023444
-0.6311
-0.29083
-0.27569
-0.06745
-0.30277
0.031203
-0.14047
1.2942
-0.1315
-0.062676
0.060789
-0.26173
0.055406
0.0083684
0.084117
-0.59986
-0.29356
-0.22087
-0.067171
-0.34435
0.1048
0.32704
0.63235
-0.081748
-0.10455
-0.040494
-0.22632
-0.18106
-0.30628
0.23703
-0.0050386
0.39459
0.311
-0.030012
-0.089999
-0.28556
-0.055457
-0.071793
-0.05602
-0.22458
-0.20061
-0.24528
-0.38374
-0.25307
0.231
0.0033474
0.6997
0.68936
-0.02897
-0.16839
-0.54602
-0.13318
-0.12236
0.19881
-0.24526
-0.085027
-0.17873
-0.56029
-0.25444
0.075139
-0.18502
0.65496
0.9912
0.039379
-0.23921
-0.53285
-0.16413
-0.11487
0.23684
-0.38001
-0.044006
-0.17918
-0.63655
-0.32214
-0.12519
-0.09367
0.45546
1.163
0.18409
-0.29305
-0.12451
-0.055181
-0.18447
-0.021716
-0.35397
-0.18729
-0.14922
-0.36548
-0.41943
-0.57995
-0.088451
0.15227
1.1271
-0.016921
-0.33226
0.42052
0.073066
-0.13385
0.1571
-0.097254
-0.15222
-0.20741
0.048341
-0.4044
-0.99664
-0.048718
-0.15414
0.71106
-0.39654
-0.48511
0.67252
0.2228
0.021266
0.13109
0.075522
-0.063863
-0.38826
0.46873
-0.25194
-0.68318
0.28
-0.26559
0.24428
-0.56034
-0.44922
0.48126
0.17353
-0.020249
0.10361
0.25676
-0.072311
-0.5879
0.67022
-0.069306
0.20454
0.66962
-0.46928
0.022379
-0.4445
-0.29921
0.20317
0.048726
-0.38811
0.095044
0.47674
-0.15381
-0.55196
0.40327
0.12986
0.89271
0.78058
-0.55226
0.044711
0.0012549
-0.17773
0.089317
0.025694
-0.60785
-0.1476
0.44313
-0.056917
-0.40854
0.05281
0.27193
0.90476
0.42454
-0.28275
0.041384
0.41592
-0.11953
0.038512
-0.12251
-0.51518
-0.61379
0.26938
0.15387
-0.12351
-0.2156
0.17139
0.49524
0.17713
-0.023407
0.051359
0.53336
-0.16681
0.015505
-0.47796
-0.13732
-1.0046
0.37319
0.25999
0.089942
-0.17025
0.10816
0.24162
0.12185
-0.045532
0.049797
0.47162
-0.12823
0.062974
-0.61893
0.37897
-0.73596
0.55133
0.47027
0.011144
0.015827
-0.029396
0.10579
-0.38287
-0.095911
-0.059918
0.25284
-0.11779
0.023228
-0.38894
0.9931
-0.30434
0.5335
0.46996
-0.17074
0.086448
-0.11387
0.18151
-0.83442
-0.16097
-0.2453
0.046124
-0.20896
-0.018906
0.018455
1.0689
-0.031492
0.33734
0.2152
-0.27728
0.12955
-0.05123
0.22604
-0.7358
-0.24622
-0.23986
0.0065256
-0.34487
-0.10903
0.26978
0.56102
-0.046646
0.23753
-0.016291
0.0043481
-0.21726
-0.1248
0.31201
-0.21583
0.56606
0.11634
-0.10076
-0.21507
-0.59478
0.030774
-0.11591
-0.027923
-0.27844
-0.25607
-0.0882
-0.3807
0.17912
0.33232
-0.29962
0.95691
0.53898
-0.021161
-0.25287
-0.78723
-0.071461
-0.042869
0.13148
-0.28115
-0.17131
-0.14226
-0.49298
0.29368
0.15173
-0.27737
0.9324
0.80732
-0.04475
-0.27239
-0.6858
-0.088532
0.035754
0.23222
-0.24389
-0.16689
-0.17738
-0.49567
0.25303
-0.22459
-0.21678
0.74182
0.91235
0.068139
-0.40078
-0.22433
-0.016077
0.18468
-0.0446
-0.12621
-0.33834
-0.13938
-0.27
0.10585
-0.73029
-0.20794
0.24393
0.92822
-0.03173
-0.55856
0.22359
0.20807
0.14086
0.14346
0.068732
-0.34195
-0.092662
-0.065677
0.10157
-0.99436
-0.057923
-0.1526
0.68242
-0.45178
-0.72315
0.51956
0.36741
0.13436
0.21812
0.31603
-0.33675
-0.10399
0.31969
0.020336
-0.64624
0.19119
-0.35459
0.32401
-0.79289
-0.5911
0.39455
0.25759
0.083376
0.10011
0.60008
-0.34236
-0.083321
0.61347
-0.058273
0.19013
0.45426
-0.58562
0.075032
-0.67712
-0.36843
0.061291
0.12122
-0.36794
0.080315
0.84598
-0.32277
-0.09914
0.50202
0.081624
0.78229
0.58165
-0.60756
0.014528
-0.10709
-0.26221
-0.14476
0.1625
-0.62615
-0.21393
0.84003
-0.28516
-0.0030035
0.21747
0.12281
0.6675
0.27608
-0.33145
0.062018
0.44271
-0.26509
-0.16537
-0.063766
-0.50167
-0.76244
0.71446
-0.1443
0.17654
-0.0022858
0.0010964
0.22578
0.063186
-0.045248
0.10245
0.61208
-0.15697
-0.056646
-0.4192
-0.14481
-1.065
0.77579
0.0054043
0.15648
-0.090631
-0.056634
0.046508
0.046973
-0.051273
0.22364
0.6371
0.043179
-0.016211
-0.52681
0.21105
-0.77749
0.94401
0.11673
-0.028404
0.021027
-0.14015
0.077929
-0.27717
-0.11713
0.11175
0.50136
0.0039783
-0.056161
-0.34211
0.60782
-0.31884
0.84788
0.13828
-0.29706
0.09549
-0.26551
0.18094
-0.61471
-0.090326
-0.11639
0.19738
-0.22017
-0.061344
0.060862
0.8573
0.12285
0.57953
0.080342
-0.27754
-0.0054458
-0.14127
0.1749
-0.6244
-0.26857
-0.063236
0.034708
-0.3281
-0.14973
0.29387
0.49734
0.22396
0.35651
0.06475
0.14274
-0.27965
0.16398
0.25472
-0.26752
0.72561
-0.073701
-0.1756
-0.35088
-0.46562
0.092896
-0.09109
-0.054564
-0.10627
-0.038745
-0.0061365
-0.5223
0.70061
0.35607
-0.41482
1.1468
0.095836
-0.044256
-0.32806
-0.70027
0.012598
-0.20587
-0.042755
-0.13858
0.003238
-0.19434
-0.58378
0.83116
0.1155
-0.39693
1.0775
0.26061
-0.10239
-0.4057
-0.68577
-0.060881
-0.16116
0.12871
-0.1971
-0.096597
-0.28957
-0.65464
0.86097
-0.34284
-0.36316
0.78107
0.35681
-0.058747
-0.53735
-0.23872
0.063875
0.082664
-0.018524
-0.23688
-0.27988
-0.14703
-0.45186
0.90707
-0.8437
-0.32673
0.34682
0.36782
-0.16344
-0.67664
0.25987
0.2944
0.10779
0.080867
-0.22917
-0.34782
0.028561
-0.13734
0.9103
-0.86712
-0.032464
-0.11979
0.29635
-0.59461
-0.77101
0.51568
0.30095
0.087932
0.2073
-0.044688
-0.47022
0.19654
0.23387
0.64155
-0.4318
0.21204
-0.50707
0.13175
-0.93851
-0.61982
0.37452
0.1781
0.057554
-0.010556
0.31242
-0.57257
0.3233
0.65731
0.23889
0.16877
0.20513
-0.73522
-0.025043
-0.9001
-0.40044
-0.058092
0.079658
-0.29709
-0.19876
0.54742
-0.56953
0.25428
0.63762
0.23279
0.49981
0.16827
-0.64863
-0.0029149
-0.30027
-0.27448
-0.27933
0.10016
-0.58388
-0.33057
0.62161
-0.56594
0.30938
0.43234
0.22427
0.33483
0.18251
-0.43359
0.10279
0.50026
-0.21327
-0.24426
-0.063042
-0.54922
-0.6536
0.54565
-0.49112
0.37798
0.30277
-0.063608
0.027484
0.14779
-0.22591
0.11841
0.87692
-0.11253
-0.091407
-0.42329
-0.26494
-0.91336
0.56246
-0.2979
0.17292
0.2477
-0.26127
-0.13115
0.015799
-0.22209
0.13535
0.86705
0.13624
0.00037678
-0.58195
0.02734
-0.68245
0.68564
-0.25676
-0.12283
0.30743
-0.35367
-0.022982
-0.3139
-0.24988
0.054044
0.7069
0.086981
-0.0070771
-0.49389
0.34986
-0.11478
0.66587
-0.30267
-0.34243
0.27309
-0.35418
0.082781
-0.47421
-0.3143
-0.072014
0.24721
-0.13912
0.00053891
-0.13129
0.5087
0.62362
0.55147
-0.22405
-0.232
0.053426
-0.20888
0.014147
-0.48725
-0.40917
-0.071637
0.054641
-0.29395
-0.017062
0.28697
0.29316
0.77343
0.37151
-0.04447
0.043125
-0.23131
0.25847
0.23449
-0.11295
0.72493
-0.15254
-0.16422
-0.11
-0.41322
0.17365
-0.1484
-0.18254
-0.025237
0.037266
-0.055169
-0.42716
0.68928
0.15003
-0.23253
1.031
-0.2393
0.030028
0.00029423
-0.63511
0.065095
-0.21568
-0.096874
-0.11759
-0.038783
-0.26124
-0.55952
0.98964
-0.042029
-0.32509
1.0398
-0.23527
0.05063
-0.066293
-0.50093
-0.044276
-0.21727
0.030551
-0.12401
-0.075269
-0.2812
-0.76059
1.1167
-0.45237
-0.36979
0.65593
-0.24812
0.0069972
-0.25568
-0.14605
0.089504
-0.19418
-0.055324
-0.19668
-0.16745
-0.13659
-0.64991
1.2203
-0.79876
-0.42603
0.2907
-0.25951
-0.20338
-0.36935
0.37925
0.3166
-0.10164
-0.059972
-0.34954
-0.28547
0.068771
-0.2081
1.2709
-0.72917
-0.19015
-0.014301
-0.34969
-0.52551
-0.40858
0.75048
0.21926
0.030461
0.11217
-0.42533
-0.48889
0.20267
0.25627
1.107
-0.1848
0.1394
-0.48157
-0.28807
-0.80692
-0.26189
0.42465
0.12154
-0.021753
0.052431
-0.32012
-0.68758
0.30412
0.61712
0.67054
0.26257
0.14123
-0.69257
-0.10809
-0.86293
-0.10489
-0.11687
0.050271
-0.12576
-0.12165
-0.17937
-0.86072
0.39747
0.56093
0.51078
0.28641
-0.0023896
-0.5555
0.019045
-0.25059
0.024739
-0.36132
-0.0062102
-0.38149
-0.13966
-0.092789
-1.0222
0.64342
0.34421
0.44058
0.084113
0.06565
-0.43908
0.18963
0.6085
-0.046829
-0.29691
-0.16614
-0.34536
-0.27443
-0.12748
-0.83161
0.76779
0.20581
0.01469
-0.12764
0.21893
-0.28789
0.11724
0.97264
-0.041329
-0.16556
-0.49635
-0.13803
-0.54978
0.010875
-0.51201
0.38749
0.21327
-0.28752
-0.2418
0.099842
-0.30971
-0.028179
0.88063
0.092958
-0.087424
-0.68821
0.041778
-0.39486
0.30543
-0.43593
-0.089177
0.33288
-0.35092
-0.1051
-0.38787
-0.37861
-0.060378
0.67201
0.071396
0.00414
-0.60894
0.27755
0.31944
0.35681
-0.54106
-0.29588
0.29535
-0.25247
0.024658
-0.66577
-0.50978
-0.069796
0.39626
-0.046851
0.030813
-0.22458
0.33498
1.0712
0.2668
-0.38505
-0.16436
0.17246
-0.1473
-0.057656
-0.57295
-0.40781
-0.098885
0.27291
-0.17695
0.055764
0.22852
0.3393
1.0975
0.16742
-0.28487
0.06562
-0.26572
0.19988
0.16242
-0.026351
0.5213
-0.19514
-0.1691
0.22058
-0.6952
0.23217
-0.11545
-0.18489
-0.11077
-0.10308
-0.068332
-0.45047
0.41472
-0.11788
-0.11672
0.70768
-0.31561
0.17708
0.38398
-0.82201
0.19706
-0.080181
-0.14114
-0.1255
-0.21673
-0.27783
-0.571
0.74871
-0.38548
-0.28338
0.64967
-0.32219
0.24901
0.61198
-0.5064
0.14457
-0.138
-0.11903
0.003159
-0.099598
-0.36569
-0.67667
0.83783
-0.51342
-0.43065
0.35864
-0.339
0.030781
0.64858
-0.082765
0.24984
-0.18269
-0.22224
-0.034021
-0.072545
-0.23623
-0.56593
0.74925
-0.52443
-0.37328
0.13907
-0.2257
-0.24898
0.59938
0.54123
0.38044
-0.082655
-0.17802
-0.27821
-0.15653
0.032808
-0.19062
0.67106
-0.29302
-0.20645
-0.025099
-0.1924
-0.40982
0.5667
0.88338
0.31593
0.085218
-0.054579
-0.46455
-0.42429
0.23245
0.27877
0.63096
0.13309
0.031151
-0.39419
-0.20944
-0.69052
0.43668
0.46962
0.24211
0.1458
0.082032
-0.63657
-0.69257
0.36221
0.54427
0.49861
0.36135
0.10315
-0.51059
-0.18912
-0.75721
0.19305
-0.025658
0.25784
-0.019787
0.027724
-0.63429
-1.0165
0.52814
0.37246
0.35609
0.17992
0.013155
-0.452
-0.11449
-0.11687
0.056838
-0.27316
0.16184
-0.32263
-0.014359
-0.54101
-1.1842
0.8447
0.071788
0.47118
-0.10739
0.065746
-0.34457
0.0094395
0.61879
-0.15027
-0.227
-0.12149
-0.30153
-0.089796
-0.54824
-1.0244
0.85083
-0.056597
0.29557
-0.23346
0.26629
-0.058292
-0.042067
0.88272
-0.18781
-0.041591
-0.52501
-0.16288
-0.16084
-0.23455
-0.75729
0.39609
0.01453
0.038972
-0.22664
0.13409
-0.067545
-0.13374
0.76636
-0.081601
-0.068501
-0.83855
-0.10332
0.01907
0.2253
-0.57506
-0.12906
0.12663
-0.01819
-0.095684
-0.40862
-0.36266
-0.15975
0.62596
-0.023352
-0.075585
-0.78446
0.0028298
0.67307
0.2869
-0.51064
-0.29908
0.20697
0.10919
-0.027412
-0.71801
-0.51204
-0.12889
0.58545
-0.043047
0.035908
-0.32201
0.12004
1.1074
0.068024
-0.37331
-0.066491
0.17704
0.14188
0.0089257
-0.58357
-0.29622
-0.081892
0.47536
-0.099957
0.094214
0.077078
0.25241
0.89224
-0.026582
-0.31478
0.01996
-0.048717
-0.061832
0.071956
0.013888
0.33438
-0.3031
-0.16754
0.17912
-0.60825
0.10667
0.03332
-0.0065591
-0.079016
-0.19511
-0.23931
-0.21212
-0.059908
-0.22707
0.016104
0.43509
-0.32939
-0.023446
0.59571
-0.74542
0.18096
-0.0093662
-0.15551
0.027804
-0.1833
-0.35362
-0.42019
0.22708
-0.5508
-0.14204
0.2534
-0.19848
0.061353
1.1835
-0.49417
0.18925
-0.11185
-0.22317
0.18395
0.02327
-0.48778
-0.53607
0.36071
-0.53221
-0.25034
0.0069542
-0.13711
-0.14585
1.392
-0.0078307
0.20897
-0.22153
-0.28205
0.12936
0.010943
-0.29448
-0.45239
0.19753
-0.43167
-0.17304
-0.095067
0.05711
-0.29784
1.3528
0.63481
0.17598
-0.18717
-0.19149
-0.086999
-0.027097
0.035382
-0.15359
0.0025357
-0.015224
-0.22024
-0.18708
0.091528
-0.43943
1.278
0.69343
0.24672
-0.094296
-0.12463
-0.21381
-0.2134
0.24197
0.219
-0.057954
0.37381
-0.22712
-0.44275
-0.069289
-0.76567
0.97954
0.25823
0.37226
0.077346
-0.093215
-0.45225
-0.3612
0.48317
0.48749
-0.051761
0.37873
0.01195
-0.51204
-0.26392
-0.77484
0.4743
-0.093557
0.48913
0.0067419
-0.063939
-0.56036
-0.543
0.7346
0.25985
0.035384
0.13791
0.13756
-0.43085
-0.31341
-0.040608
0.1079
-0.23171
0.36587
-0.26386
-0.18546
-0.66425
-0.72312
0.84819
-0.12326
0.24098
-0.14983
0.20544
-0.32767
-0.2365
0.52816
-0.11506
-0.18032
0.0027778
-0.45148
-0.25609
-0.70924
-0.77828
0.76098
-0.21803
0.32671
-0.29673
0.30956
-0.009277
-0.20397
0.73554
-0.12328
0.12706
-0.448
-0.4386
-0.10021
-0.35478
-0.72214
0.38176
-0.20008
0.23863
-0.2224
0.099106
0.038064
-0.25121
0.64482
-0.014471
0.064949
-0.87603
-0.28577
0.22665
0.20067
-0.41276
-0.064128
-0.087948
0.082327
-0.11799
-0.42741
-0.26888
-0.31655
0.56695
0.051679
-0.055302
-0.85794
-0.14711
0.68018
0.41065
-0.30615
-0.37225
0.073595
0.11623
-0.037603
-0.71871
-0.37043
-0.2665
0.59213
0.073975
0.01667
-0.37864
-0.02081
0.78101
0.24774
-0.22133
-0.28387
0.037554
0.14391
0.10851
-0.6136
-0.22449
-0.18842
0.40946
-0.096694
0.078027
0.049765
0.082767
0.53961
0.091118
-0.20215
-0.17098
0.091839
-0.44621
-0.004345
0.10863
0.35827
-0.32435
-0.028785
0.062528
-0.71134
0.12803
0.098003
-0.086455
-0.12742
-0.20945
-0.43565
0.058283
-0.48005
-0.30936
0.30295
0.44863
-0.39825
-0.10953
0.53655
-0.81139
0.26209
0.024667
-0.26397
0.091483
-0.10322
-0.43154
-0.14591
-0.36238
-0.58172
0.27103
0.31638
-0.34402
-0.061394
1.1885
-0.52136
0.32669
-0.046328
-0.18888
0.35464
0.038695
-0.50718
-0.40525
-0.16607
-0.47675
0.20604
0.022704
-0.22596
-0.14578
1.3458
0.090721
0.24613
-0.036899
-0.24454
0.224
-0.0525
-0.29265
-0.4582
-0.016885
-0.31581
0.087313
-0.10548
-0.03398
-0.24863
1.1761
0.62891
0.18462
-0.005225
-0.24503
0.053338
-0.0827
0.084378
-0.17682
-0.15148
0.09766
-0.30306
-0.22619
0.016345
-0.44261
1.0892
0.60087
0.38448
-0.047695
-0.36123
-0.06078
-0.071731
0.2681
0.14776
-0.3802
0.35472
-0.44341
-0.37692
-0.098106
-0.71254
1.0155
0.18441
0.70737
-0.040311
-0.35068
-0.22002
0.034508
0.45995
0.42588
-0.43751
0.41795
-0.14884
-0.46788
-0.16424
-0.59655
0.7721
-0.035337
0.83007
0.020719
-0.23338
-0.42419
0.060682
0.82371
0.40885
-0.34594
0.34978
0.047397
-0.38263
-0.25434
-0.0069696
0.36224
-0.14699
0.54663
-0.1634
-0.28867
-0.65859
0.030857
0.82223
-0.031209
-0.20863
0.020022
0.19116
-0.18442
-0.2315
0.30323
0.0065119
-0.12585
-0.021391
-0.54849
-0.31806
-0.87929
-0.048162
0.68733
-0.21133
-0.17867
-0.20903
0.22494
0.01161
-0.17566
0.46354
0.0065463
0.079533
-0.60107
-0.63744
-0.16992
-0.59556
-0.20479
0.64793
-0.24428
-0.14314
-0.175
-0.085082
0.063101
-0.28167
0.44899
0.17208
0.15258
-0.96492
-0.40243
0.14122
-0.0018158
-0.14495
0.27497
-0.16168
-0.1716
-0.13947
-0.59478
-0.094978
-0.27571
0.30568
0.15638
0.03484
-0.86502
-0.28909
0.50111
0.54162
-0.083573
-0.16162
0.061206
-0.10547
-0.14234
-0.87255
-0.11207
-0.31148
0.2359
0.084501
-0.04988
-0.44685
-0.11634
0.51633
0.62786
-0.10515
-0.27542
0.024759
0.0041319
0.036504
-0.78685
-0.09826
-0.32852
0.083132
-0.16113
-0.15747
0.035301
0.075858
0.35207
0.39031
-0.079184
-0.067275
0.022139
-0.59498
-0.13855
0.27048
0.49552
-0.39749
-0.042631
-0.021688
-0.7379
0.17604
0.048977
-0.22238
-0.14514
0.064962
-0.26452
-0.04155
-0.59737
-0.32279
0.63459
0.49728
-0.45691
-0.13877
0.20849
-0.87813
0.37547
-0.12462
-0.22668
-0.036034
0.15104
-0.29919
-0.29585
-0.49731
-0.46175
0.75922
0.36802
-0.51882
-0.099469
0.66695
-0.56845
0.47398
-0.070601
-0.054855
0.16823
0.01331
-0.37988
-0.59815
-0.34724
-0.24736
0.66121
0.15723
-0.52144
-0.1346
0.63889
0.10902
0.43541
0.062188
-0.082019
0.098167
-0.16977
-0.070404
-0.68193
-0.12792
-0.018542
0.37606
0.066012
-0.35345
-0.36028
0.42859
0.78035
0.40307
0.089767
-0.080919
-0.05567
-0.12764
0.31868
-0.30575
-0.060342
0.24641
-0.20642
-0.11193
-0.21488
-0.62961
0.38766
0.75823
0.53112
0.071939
-0.25267
-0.16961
0.16185
0.36161
0.060747
-0.22347
0.36227
-0.46955
-0.33384
-0.15168
-0.76874
0.3788
0.29483
0.74143
0.12851
-0.39955
-0.24616
0.32448
0.37632
0.39038
-0.38242
0.36859
-0.34813
-0.47836
-0.057543
-0.49089
0.29972
-0.033045
0.79919
0.099297
-0.22738
-0.2686
0.39314
0.51552
0.51276
-0.43525
0.25418
-0.27037
-0.32538
-0.023899
0.075817
0.019146
-0.20837
0.52422
-0.15415
-0.25775
-0.47525
0.57612
0.54651
0.22322
-0.42332
-0.0066172
-0.040158
-0.049196
-0.02731
0.28063
-0.18541
-0.1586
-0.06097
-0.411
-0.28566
-0.80377
0.61388
0.62968
-0.026081
-0.36803
-0.16323
-0.014536
0.062006
-0.019682
0.37964
-0.023409
0.10499
-0.68644
-0.50022
-0.15299
-0.73043
0.38396
0.66229
-0.12687
-0.26521
-0.17919
-0.15635
0.018511
-0.16742
0.34251
0.2394
0.1086
-1.0314
-0.36372
0.18251
-0.10429
0.18196
0.43409
-0.004818
-0.24477
-0.1537
-0.55131
-0.10545
-0.30638
0.087617
0.15341
-0.093683
-0.96916
-0.37822
0.43325
0.57488
0.13762
0.21419
0.16322
-0.20943
-0.13474
-0.89635
-0.017575
-0.39615
-0.11844
0.038563
-0.14083
-0.5819
-0.15093
0.60809
0.85674
0.058189
0.05262
-0.026437
-0.065393
0.025519
-0.83649
0.051621
-0.36214
-0.23805
-0.066273
-0.19707
-0.10486
0.11813
0.44238
0.61069
-0.0043797
-0.11959
-0.088669
-0.5148
-0.19629
0.4525
0.4826
-0.33775
-0.19175
-0.11208
-0.6021
0.11898
0.027092
0.0027902
-0.011523
0.13325
-0.097459
-0.15359
-0.45972
-0.2143
0.91234
0.47944
-0.43011
-0.20845
-0.065545
-0.76299
0.34085
-0.14365
-0.043479
0.030702
0.070047
-0.12675
-0.44977
-0.33146
-0.1527
1.1556
0.45113
-0.49709
-0.20207
0.18459
-0.37747
0.34411
-0.078575
0.075793
0.19889
-0.02139
-0.20501
-0.77419
-0.32287
-0.01914
0.95149
0.42906
-0.52074
-0.2216
0.1171
0.3254
0.33672
0.00066526
0.06854
0.301
-0.18076
0.17975
-0.89316
-0.24423
0.13813
0.54538
0.39042
-0.54057
-0.38383
-0.098939
0.87655
0.41988
-0.078186
-0.036513
0.23371
0.0046813
0.54757
-0.52311
-0.13152
0.3066
-0.12291
0.070936
-0.43178
-0.61555
-0.23273
0.78292
0.34634
0.0082679
-0.17695
-0.015993
0.27296
0.39306
-0.012403
-0.13092
0.38437
-0.41711
-0.34197
-0.18006
-0.65426
-0.35314
0.30452
0.40752
0.17064
-0.37652
-0.21493
0.4207
0.25942
0.38683
-0.16075
0.28143
-0.43538
-0.53495
0.061436
-0.44896
-0.34065
-0.17563
0.56765
0.12625
-0.40003
-0.15641
0.64253
0.27942
0.48612
-0.10631
0.097563
-0.27148
-0.42454
0.18885
0.01847
-0.45822
-0.47622
0.40077
-0.097379
-0.34368
-0.33482
0.97231
0.30282
0.22897
-0.14824
-0.027522
-0.032828
-0.23859
0.14543
0.17408
-0.4101
-0.33201
-0.14609
-0.25405
-0.12998
-0.73863
1.1675
0.48018
0.056782
-0.19368
-0.10512
-0.047089
-0.034254
-0.01895
0.16426
-0.01085
0.071148
-0.61962
-0.28951
0.10457
-0.7678
1.0595
0.53991
-0.088831
-0.14501
-0.1175
0.024138
0.053296
-0.21699
0.081095
0.29134
0.0073149
-0.8429
-0.25649
0.24113
-0.14388
0.76335
0.39511
0.022697
-0.17999
-0.054981
-0.21391
-0.053466
-0.46415
-0.11008
0.15787
-0.26446
-0.84041
-0.31106
0.42713
0.43684
0.46725
0.35613
0.16828
-0.21081
0.016769
-0.61744
0.057925
-0.49608
-0.31917
0.01562
-0.31702
-0.56806
-0.14416
0.78531
0.68791
0.22047
0.23749
0.0074097
-0.18272
0.052846
-0.63859
-0.031012
-0.36746
-0.32981
0.1931
-0.26576
-0.11078
0.0278
0.67596
0.55762
0.024175
-0.27294
-0.083392
-0.28019
-0.19354
0.34291
0.33093
-0.20122
-0.33502
-0.1955
-0.59942
-0.0069633
-0.17142
-0.015983
-0.095508
-0.14171
-0.16117
-0.20682
-0.22616
-0.096914
0.62641
0.44472
-0.34758
-0.32433
-0.22551
-0.66279
0.14569
-0.23061
-0.084384
0.08966
-0.20989
-0.089555
-0.46139
-0.17325
0.041379
0.73045
0.58811
-0.50082
-0.27246
-0.074402
-0.12932
0.25318
-0.11027
0.073771
0.32996
-0.13621
-0.089463
-0.70646
-0.28504
0.067075
0.6874
0.64178
-0.58802
-0.31944
-0.15695
0.44904
0.31335
-0.071077
-0.064718
0.55346
-0.077604
0.24242
-0.79559
-0.32153
0.088279
0.4435
0.52882
-0.66403
-0.47707
-0.31285
0.781
0.3571
-0.17382
-0.3644
0.57488
0.081343
0.61231
-0.5134
-0.14514
0.15021
0.0016604
0.18081
-0.49304
-0.60011
-0.3936
0.73188
0.29892
-0.02844
-0.3913
0.4202
0.2071
0.58198
0.058517
-0.083469
0.26094
-0.31247
-0.22279
-0.078835
-0.56721
-0.45405
0.29112
0.34613
0.18868
-0.50298
0.11445
0.4077
0.37213
0.53755
-0.096581
0.18758
-0.40227
-0.46273
0.24969
-0.36589
-0.45936
-0.17731
0.46441
0.12338
-0.54766
-0.046372
0.76099
0.19914
0.48831
-0.014292
0.071353
-0.11043
-0.47904
0.41711
-0.15102
-0.56258
-0.40403
0.30753
-0.01353
-0.28371
-0.28864
1.0405
0.1521
0.29328
-0.067567
-0.10748
0.18361
-0.45421
0.25546
0.060436
-0.45357
-0.26952
-0.26046
-0.21787
0.086507
-0.62946
0.99266
0.25218
0.089964
-0.10612
-0.13112
0.356
-0.12843
0.097222
0.10044
-0.070128
-0.0072014
-0.57494
-0.18147
0.3529
-0.67681
0.96034
0.30733
-0.052932
-0.09949
-0.049226
0.3135
0.037669
-0.13768
0.0078625
0.20655
0.065121
-0.58299
-0.05315
0.44385
-0.26574
0.81074
0.22823
-0.092803
-0.12855
-0.075157
-0.067567
0.023265
-0.46151
-0.1631
0.10127
0.020922
-0.5337
-0.086399
0.69037
0.24062
0.55766
0.27509
-0.0008146
-0.11444
0.057157
-0.34179
0.090736
-0.50525
-0.29254
-0.085555
-0.20398
-0.4053
-0.16915
0.86613
0.39423
0.32198
0.30499
0.076915
-0.16891
0.1154
-0.47829
0.013919
-0.3957
-0.25402
0.021738
-0.34232
-0.12575
-0.029898
0.66607
0.41218
0.16594
-0.19174
-0.12767
-0.17069
-0.21992
0.11688
0.16088
-0.095147
-0.30648
-0.16662
-0.42971
-0.18093
-0.07143
-0.13336
-0.25099
-0.28112
-0.17284
-0.2125
-0.10565
-0.10966
0.22968
0.27203
-0.19117
-0.25636
-0.182
-0.56003
0.0042198
-0.14754
-0.19472
-0.02456
-0.25
-0.0702
-0.45489
-0.11556
-0.061271
0.22704
0.38705
-0.38738
-0.15263
-0.16722
-0.237
0.22473
-0.1812
-0.053345
0.23139
-0.12483
0.030059
-0.64268
-0.28725
0.0049475
0.33143
0.37751
-0.5183
-0.24465
-0.15579
0.17634
0.2766
-0.095536
-0.12653
0.27748
-0.05379
0.21192
-0.49148
-0.30215
0.028626
0.28373
0.32282
-0.50708
-0.42138
-0.147
0.49496
0.31238
-0.17092
-0.28667
0.37536
0.050843
0.40966
-0.23354
-0.075521
-0.0070279
0.074031
0.1319
-0.29183
-0.53345
-0.21109
0.56369
0.28308
-0.097776
-0.29748
0.4397
0.27519
0.51938
0.070366
-0.0073886
0.0042357
-0.12793
-0.21244
-0.017375
-0.41218
-0.31563
0.24348
0.1875
0.028411
-0.42743
0.1645
0.47745
0.33119
0.41306
-0.019214
0.076972
-0.23914
-0.32468
0.30013
-0.24379
-0.23398
-0.095286
0.21672
-0.0079971
-0.38871
-0.10166
0.66124
0.041376
0.41895
-0.055416
0.11854
-0.10377
-0.31232
0.35631
-0.21968
-0.21555
-0.25349
0.1182
-0.052177
-0.046558
-0.22067
0.63805
0.051657
0.17724
-0.11375
-0.18157
0.158
-0.35257
0.18095
-0.034132
-0.19621
-0.13161
-0.24554
-0.12122
0.24401
-0.43438
0.42146
0.25305
0.016392
0.00066018
-0.26319
0.43296
-0.21618
0.17526
0.14175
-0.045812
0.033808
-0.45363
-0.13709
0.21869
-0.45377
0.49682
0.32078
-0.012826
-0.025308
-0.11896
0.32232
-0.11525
-0.035493
0.016517
0.0089094
0.32341
-0.50399
0.010597
0.2853
-0.23753
0.56761
0.1656
-0.028065
-0.093547
-0.038484
0.089822
-0.1138
-0.31181
-0.14787
-0.04158
0.33145
-0.40254
-0.012597
0.53356
0.10469
0.35683
0.061787
0.0056658
0.0078248
0.03277
-0.11004
0.018196
-0.31651
-0.068611
-0.14227
0.045132
-0.35517
-0.12176
0.65827
0.14695
0.18337
0.070296
0.15829
0.0088831
0.13647
-0.29213
0.037912
-0.17678
0.011088
-0.17628
-0.22114
-0.1983
-0.14344
0.44687
0.17309
0.073958
-0.036716
0.10996
0.18351
0.17774
0.15908
0.17468
-0.11999
-0.45477
-0.60029
-0.49501
-0.32979
-0.20958
-0.23085
-0.22705
-0.16422
-0.011459
0.03869
0.076599
-0.028717
-0.080114
-0.1806
-0.53051
-0.82563
-0.93361
-0.87815
-0.77612
-0.58007
-0.40513
-0.32954
-0.25804
-0.1267
-0.179
-0.20051
-0.23807
-0.32382
-0.4564
-0.77624
-1.0877
-1.1687
-1.0864
-1.0079
-0.77424
-0.53051
-0.44846
-0.3628
-0.19481
-0.33812
-0.32689
-0.29281
-0.32419
-0.44943
-0.69359
-1.0506
-1.1921
-1.0448
-0.82426
-0.50616
-0.27861
-0.37681
-0.39447
-0.26701
-0.36115
-0.3084
-0.23805
-0.22473
-0.2669
-0.4054
-0.64216
-0.67519
-0.49206
-0.27809
-0.093033
-0.043219
-0.26307
-0.32692
-0.15632
-0.14586
-0.18342
-0.28476
-0.22262
-0.058254
-0.0024215
-0.059449
0.0074384
0.13035
0.24373
0.20805
-0.052735
-0.37211
-0.39593
0.021273
-0.067949
-0.25027
-0.38814
-0.24933
0.082133
0.28488
0.32639
0.46111
0.66041
0.62505
0.33582
-0.13503
-0.33644
-0.31399
0.18567
-0.091576
-0.34209
-0.37689
-0.1629
0.14346
0.361
0.52524
0.74814
1.0181
0.94753
0.4637
-0.065505
-0.2298
-0.19315
0.10711
-0.21916
-0.42267
-0.45423
-0.22495
0.14218
0.46826
0.74363
0.99311
1.1584
1.0863
0.56571
-0.037357
-0.26602
-0.27646
-0.091573
-0.40923
-0.51811
-0.5634
-0.39537
0.069827
0.49527
0.84123
1.1438
1.1933
1.062
0.60433
0.012558
-0.3189
-0.26228
-0.27612
-0.49353
-0.56584
-0.57948
-0.3954
0.15972
0.58217
0.77183
1.0688
1.2034
1.0823
0.78986
0.34017
-0.063008
-0.2087
-0.32974
-0.45949
-0.48887
-0.53367
-0.18699
0.43322
0.62553
0.57471
0.80384
1.0036
0.98474
0.86722
0.5332
0.1459
-0.051285
-0.21368
-0.32235
-0.29526
-0.2361
0.14223
0.63091
0.69935
0.56798
0.59223
0.6012
0.62223
0.64087
0.47183
0.36456
0.2281
-0.13156
-0.19778
-0.18277
-0.0096659
0.34495
0.78984
0.87396
0.70279
0.48432
0.37157
0.43746
0.37153
0.27687
0.36694
0.28736
-0.072281
-0.12061
-0.074833
0.021793
0.31457
0.59406
0.66024
0.57986
0.33975
0.193
0.28747
0.20409
0.064173
0.10586
0.055854
-0.22623
-0.49286
-0.62589
-0.40498
0.0075092
0.158
0.37709
0.62013
0.54356
0.17377
-0.017402
-0.023351
0.024278
0.11778
0.067148
-0.18681
-0.4488
-0.69539
-0.69816
-0.28412
0.22881
0.75032
0.97287
0.75168
0.25382
-0.010545
0.018346
0.16891
0.26977
0.25234
-0.21724
-0.46586
-0.77298
-0.92261
-0.49724
0.33378
1.072
1.1352
0.68808
0.15004
-0.055647
0.056681
0.23121
0.33509
0.34355
-0.3067
-0.56906
-0.80585
-0.89631
-0.50356
0.33909
1.0836
1.1031
0.53153
0.0073215
-0.18776
-0.10003
0.087831
0.15734
0.175
-0.23696
-0.54023
-0.7409
-0.84274
-0.58787
0.088655
0.85396
1.0552
0.54333
0.054114
-0.17799
-0.22157
-0.036901
0.083964
0.11613
-0.17793
-0.4444
-0.62677
-0.76365
-0.62996
-0.09752
0.6466
1.0073
0.68087
0.2963
0.025897
-0.091125
0.041793
0.14867
0.11549
-0.2214
-0.46226
-0.61272
-0.75907
-0.664
-0.18563
0.51919
1.0042
0.87057
0.5477
0.29075
0.24317
0.3017
0.29532
0.17377
-0.28504
-0.48964
-0.66749
-0.87454
-0.82442
-0.2715
0.42089
0.88031
0.8484
0.52745
0.2801
0.26321
0.30213
0.34931
0.27893
-0.36571
-0.52075
-0.68811
-0.95242
-0.85773
-0.28344
0.39339
0.7484
0.65155
0.28566
0.03101
-0.039013
0.074989
0.22448
0.22772
-0.11
-0.20651
-0.4253
-0.69617
-0.70848
-0.24964
0.36705
0.74224
0.58829
0.13498
-0.12265
-0.18545
-0.04331
0.10074
0.12537
0.11924
0.087531
-0.24946
-0.62536
-0.76171
-0.43438
0.24553
0.76037
0.71939
0.26565
-0.15406
-0.21932
-0.052992
0.097246
0.13718
0.091489
0.00066013
-0.44669
-0.89079
-0.97258
-0.60698
0.17643
0.77035
0.84622
0.42269
-0.097615
-0.19917
0.018776
0.21743
0.178
0.0001335
-0.18698
-0.55373
-0.92314
-1.1281
-0.73907
0.082652
0.69391
0.80895
0.5358
0.058799
-0.11891
0.043128
0.18637
0.21871
-0.027758
-0.29905
-0.54313
-0.81211
-1.0708
-0.69776
0.12705
0.68175
0.78769
0.53848
0.17357
-0.036452
-0.018857
0.081308
0.18378
-0.070934
-0.33643
-0.50778
-0.64868
-0.70081
-0.32238
0.24702
0.51113
0.59161
0.40092
0.057296
-0.13651
-0.068067
0.091769
0.12641
-0.1332
-0.17619
-0.14851
-0.27911
-0.34902
-0.20518
0.051948
0.15891
0.2159
0.28348
0.12264
-0.064064
-0.13503
-0.18029
-0.085169
-0.16623
-0.33083
-0.46398
-0.63961
-0.72989
-0.59194
-0.15425
0.23402
0.38723
0.39969
0.29613
0.027127
-0.15174
-0.14914
-0.10104
-0.38025
-0.712
-0.91872
-0.9622
-0.96239
-0.74548
-0.25485
0.15798
0.34902
0.43082
0.46549
0.17457
-0.10233
-0.071577
0.013208
-0.50819
-0.76516
-0.90346
-0.91226
-0.92582
-0.78003
-0.41941
-0.12836
0.14663
0.40583
0.47587
0.28752
0.0084657
0.0085783
0.1002
-0.33546
-0.28737
-0.27485
-0.39186
-0.61092
-0.56185
-0.36145
-0.16749
0.14988
0.34545
0.37322
0.25213
-0.023383
-0.083031
-0.050194
0.050782
0.26182
0.37358
0.39972
0.24435
0.22099
0.1689
0.055083
0.13293
0.20144
0.11924
-0.047643
-0.29679
-0.40013
-0.25567
0.32979
0.73553
1.0465
1.2558
1.2717
1.1747
0.90615
0.49363
0.25819
0.13646
-0.069322
-0.30989
-0.55229
-0.56465
-0.3135
0.452
0.98622
1.3765
1.5928
1.6116
1.5634
1.3815
1.0275
0.78165
0.53093
0.23161
-0.068805
-0.30181
-0.30885
-0.11907
0.31793
0.69602
1.0275
1.1803
1.0983
0.89646
0.73983
0.69591
0.72952
0.66171
0.4889
0.33072
0.18573
0.1767
0.2761
-0.19844
0.021004
0.26397
0.41829
0.34431
-0.0044888
-0.23605
-0.11994
0.13956
0.2954
0.34
0.31285
0.20319
0.18633
0.2847
-0.49363
-0.57727
-0.45617
-0.21708
-0.064585
-0.28887
-0.53853
-0.54572
-0.44035
-0.32313
-0.23511
-0.15351
-0.16716
-0.1948
-0.10807
-0.54296
-0.76322
-0.68812
-0.36667
-0.11031
-0.14023
-0.30457
-0.44717
-0.51357
-0.55019
-0.54939
-0.40695
-0.26883
-0.24404
-0.19177
-0.42414
-0.55106
-0.55415
-0.40391
-0.21278
-0.13994
-0.17187
-0.23613
-0.23353
-0.2521
-0.27952
-0.21493
-0.138
-0.13283
-0.10258
-0.30071
-0.31616
-0.36641
-0.37798
-0.34929
-0.19548
-0.14201
-0.11801
-0.098688
-0.037168
-0.063579
-0.072124
-0.086959
-0.11263
-0.065318
-0.21516
-0.12257
-0.092111
-0.16701
-0.28428
-0.15888
-0.040658
-0.0037784
-0.0048694
-0.0083384
-0.059199
-0.12744
-0.18897
-0.12145
0.030434
0.1947
0.29082
0.29629
0.12225
-0.30705
-0.72243
-0.96034
-0.74
-0.23265
0.14584
0.32677
0.24785
0.0045143
-0.23831
-0.25647
0.30015
0.47219
0.47604
0.14231
-0.44589
-1.1106
-1.3563
-0.97749
-0.2108
0.42992
0.72019
0.52236
0.10293
-0.20337
-0.20434
0.36917
0.55238
0.44052
0.056606
-0.62562
-1.3064
-1.2977
-0.66442
0.25561
0.98785
1.0632
0.68033
0.13616
-0.15947
-0.042598
0.39447
0.43697
0.24594
-0.075718
-0.76165
-1.3421
-1.0804
-0.08302
0.93872
1.3438
1.0362
0.53241
0.065728
-0.015781
0.082442
0.35935
0.36458
0.065402
-0.2952
-0.88169
-1.4048
-1.0064
0.28871
1.3072
1.2532
0.80182
0.32219
0.16213
0.26947
0.2882
0.40767
0.40358
0.022145
-0.40136
-0.94407
-1.3592
-0.94666
0.36959
1.2106
0.97551
0.49698
0.17639
0.20941
0.4173
0.40415
0.49039
0.40264
0.016406
-0.46106
-0.98707
-1.2042
-0.56842
0.42309
0.77933
0.54885
0.17687
-0.051552
0.022701
0.18766
0.15175
0.41606
0.269
-0.08601
-0.5413
-0.94024
-0.84594
-0.077486
0.56574
0.48983
0.11705
-0.10133
-0.20256
-0.18323
-0.1177
-0.032992
0.25538
0.061298
-0.29233
-0.62587
-0.77522
-0.43602
0.24712
0.6103
0.35402
-0.065746
-0.23303
-0.24447
-0.18918
-0.050762
0.053982
0.027367
-0.27633
-0.63192
-0.77126
-0.5386
-0.039507
0.50588
0.67204
0.38587
-0.051413
-0.28214
-0.32967
-0.17794
0.11028
0.14269
-0.067861
-0.42979
-0.71704
-0.647
-0.18617
0.26142
0.56387
0.65756
0.37799
0.037068
-0.22775
-0.35869
-0.2068
0.082766
0.10524
-0.14899
-0.39864
-0.52906
-0.39208
0.0019759
0.33302
0.52495
0.5007
0.37279
0.095934
-0.14759
-0.15452
-0.028416
0.064205
0.031478
-0.18006
-0.26695
-0.26093
-0.18223
0.11556
0.33377
0.48261
0.4208
0.29832
0.041388
-0.1854
-0.071222
0.10235
0.12661
0.047687
-0.20489
-0.13289
-0.049346
-0.035234
0.076106
0.21699
0.42147
0.38516
0.15969
-0.11258
-0.20684
-0.087886
0.12579
0.15757
0.080675
-0.12068
-0.028354
0.0091917
-0.088421
-0.039508
0.052472
0.24365
0.25833
0.068757
-0.17511
-0.18206
-0.054004
0.025737
0.073522
0.055881
-0.029857
-0.069994
-0.097744
-0.20249
-0.30878
-0.29011
-0.072243
0.1354
0.38817
0.52293
0.4491
0.31781
0.045883
-0.46023
-0.62451
0.0035404
-0.11632
-0.14684
-0.20234
-0.31256
-0.29053
0.020462
0.39177
0.66418
0.80793
0.79776
0.50434
0.022272
-0.48
-0.65664
0.0012432
-0.10546
-0.14275
-0.043703
-0.066035
-0.046035
0.27337
0.67774
0.88484
0.88329
0.74756
0.38269
-0.083588
-0.50396
-0.57755
0.12521
0.001887
-0.032134
0.031885
0.03933
0.14783
0.5406
0.94955
0.99315
0.83989
0.62814
0.25069
-0.30513
-0.79228
-0.71596
0.12412
-0.020383
-0.15103
-0.17474
-0.14525
0.053796
0.54418
0.9598
0.90217
0.62685
0.40177
0.087956
-0.41557
-1.0131
-0.88373
-0.067921
-0.14757
-0.26894
-0.39044
-0.3759
-0.08117
0.41913
0.77628
0.72289
0.45375
0.21024
-0.016244
-0.39627
-0.93398
-0.84549
-0.2218
-0.33363
-0.48802
-0.58093
-0.42359
-0.08366
0.34071
0.47686
0.4053
0.31469
0.16785
0.016753
-0.30249
-0.80168
-0.75063
-0.16439
-0.34616
-0.55644
-0.58487
-0.39246
-0.095546
0.24307
0.2216
0.060935
0.13773
0.20075
0.13637
-0.28037
-0.82867
-0.79444
0.026379
-0.16936
-0.42652
-0.45512
-0.3961
-0.27992
0.03433
0.1044
0.010139
0.23085
0.3529
0.16956
-0.3961
-0.929
-0.79858
0.11154
0.025678
-0.15452
-0.26679
-0.32944
-0.42578
-0.20749
0.066487
0.20903
0.3901
0.47968
0.09593
-0.59212
-1.0466
-0.83913
0.25321
0.46348
0.4992
0.26837
-0.032786
-0.36164
-0.33354
-0.14005
0.018559
0.1999
0.28931
-0.09493
-0.7721
-1.1723
-0.92048
0.46611
0.90528
1.1573
0.98629
0.37193
-0.26602
-0.46166
-0.42856
-0.27064
-0.076184
0.00082802
-0.261
-0.79313
-1.1134
-0.86395
0.59602
1.0653
1.388
1.294
0.64143
-0.12348
-0.51192
-0.52805
-0.38333
-0.081831
0.19275
0.081898
-0.34192
-0.8238
-0.76439
0.53713
0.86921
1.0614
0.94125
0.44737
-0.054785
-0.33212
-0.38458
-0.23592
0.14368
0.42213
0.38664
0.056517
-0.51073
-0.64132
0.33517
0.46517
0.41182
0.36696
0.23481
0.055247
-0.1306
-0.24354
-0.16533
0.14859
0.39474
0.41278
0.19799
-0.21275
-0.36034
0.18424
0.089978
-0.098336
-0.15294
-0.23246
-0.30282
-0.36374
-0.39841
-0.42082
-0.30767
-0.22387
-0.25691
-0.26868
-0.26927
-0.27692
0.30126
0.14882
-0.19874
-0.33057
-0.37415
-0.28903
-0.28978
-0.44504
-0.42722
-0.26861
-0.15043
-0.1265
-0.2341
-0.33591
-0.34215
0.40459
0.3025
-0.099394
-0.32169
-0.30519
-0.16912
-0.20955
-0.37785
-0.33088
-0.17828
0.0014498
0.087394
-0.12113
-0.26417
-0.20189
0.58363
0.6351
0.33015
0.097743
-0.07444
-0.15768
-0.30156
-0.38728
-0.41606
-0.28361
0.010229
0.10643
-0.15334
-0.32718
-0.23291
0.77455
1.0488
0.92148
0.60531
0.22446
-0.1932
-0.40657
-0.53017
-0.62102
-0.47077
-0.14731
0.015343
-0.14297
-0.3182
-0.28658
0.93021
1.3147
1.3347
1.0205
0.40219
-0.2183
-0.58995
-0.72981
-0.71997
-0.50704
-0.20651
-0.017353
-0.029085
-0.22279
-0.20774
1.0199
1.4837
1.4859
1.1566
0.5784
-0.1929
-0.77244
-0.93513
-0.79612
-0.5832
-0.35147
-0.2032
-0.25233
-0.37816
-0.25578
0.96124
1.387
1.3871
1.1057
0.6762
-0.02345
-0.67501
-0.89509
-0.74121
-0.58248
-0.42551
-0.40588
-0.54506
-0.596
-0.40595
0.79014
1.0476
0.91401
0.64086
0.35669
-0.012997
-0.54207
-0.69392
-0.58193
-0.37662
-0.17165
-0.23403
-0.50208
-0.62534
-0.4445
0.72157
0.76025
0.49355
0.20329
-0.025007
-0.22162
-0.5483
-0.6799
-0.53326
-0.23928
-0.013955
-0.02806
-0.20948
-0.35102
-0.27187
0.72897
0.68439
0.36979
0.16241
-0.049529
-0.33495
-0.62497
-0.65024
-0.44151
-0.11874
0.046682
0.076468
-0.0078692
-0.089196
-0.10042
0.72479
0.79426
0.55312
0.39936
0.19262
-0.16833
-0.50847
-0.60707
-0.4815
-0.14145
0.078751
0.093593
-0.0090872
0.04047
0.033251
0.61547
0.79379
0.73964
0.66096
0.49079
0.10447
-0.34079
-0.6457
-0.68542
-0.34536
-0.046978
0.025669
-0.016676
0.099623
0.1038
0.47116
0.68079
0.79106
0.82896
0.58712
0.22786
-0.22789
-0.60338
-0.69399
-0.43642
-0.13646
-0.040772
0.014009
0.16962
0.086914
0.28722
0.49495
0.67926
0.74846
0.50708
0.19671
-0.13918
-0.35901
-0.44902
-0.32068
-0.14401
-0.038669
0.015
0.059857
-0.020305
0.47744
0.79923
0.81805
0.56513
0.20801
-0.21438
-0.56633
-0.47224
-0.14836
-0.048703
-0.070162
-0.078516
-0.094504
-0.1487
-0.11608
0.66771
1.0335
1.1414
0.99704
0.60885
-0.045121
-0.64291
-0.68423
-0.41347
-0.37904
-0.35685
-0.2319
-0.139
-0.14423
-0.087128
0.70984
1.1074
1.2254
1.2135
0.90198
0.26245
-0.43399
-0.67785
-0.48871
-0.44128
-0.46692
-0.37707
-0.24457
-0.28577
-0.24854
0.65616
1.1022
1.3354
1.4633
1.2781
0.7299
0.063092
-0.30787
-0.25317
-0.25731
-0.36118
-0.3471
-0.23642
-0.28526
-0.21512
0.54818
1.0657
1.4094
1.6152
1.5324
1.0494
0.44761
0.033085
0.014589
0.028402
-0.049329
-0.1122
-0.088304
-0.16776
-0.10613
0.16209
0.65446
1.1091
1.3893
1.2934
0.87641
0.37552
0.051907
0.026578
0.19015
0.19919
0.11587
-0.034443
-0.17579
-0.14044
-0.23451
-0.022543
0.32522
0.68532
0.66387
0.38759
0.29721
0.14704
0.073838
0.19863
0.27573
0.14407
-0.070026
-0.21958
-0.13098
-0.36632
-0.4845
-0.33536
-0.11287
-0.066305
-0.16485
-0.06585
0.018189
0.093067
0.2355
0.20129
0.01278
-0.086655
-0.08758
-0.012166
-0.34066
-0.58865
-0.58161
-0.34679
-0.13821
-0.11922
-0.18633
-0.1532
0.08208
0.14936
-0.091063
-0.27733
-0.22488
-0.16763
-0.07623
-0.3148
-0.53717
-0.52305
-0.26571
0.060814
0.23143
0.073778
-0.14823
-0.074727
-0.11595
-0.29549
-0.39829
-0.35135
-0.31188
-0.24447
-0.43814
-0.56129
-0.52258
-0.44133
-0.16797
0.11692
0.11046
-0.092584
-0.20858
-0.23101
-0.19993
-0.25022
-0.37921
-0.45815
-0.41248
-0.42897
-0.54995
-0.57257
-0.63255
-0.48816
-0.2314
-0.11433
-0.052093
-0.0039008
-0.010572
-0.003671
-0.19259
-0.42848
-0.53539
-0.44016
-0.28346
-0.49038
-0.63844
-0.74728
-0.70177
-0.46972
-0.20026
0.1777
0.3351
0.20762
0.082565
-0.19462
-0.46159
-0.53422
-0.42497
-0.13198
-0.33172
-0.55327
-0.7411
-0.78933
-0.53561
-0.031303
0.43617
0.60634
0.40482
0.1814
-0.12309
-0.42197
-0.5174
-0.38429
-0.036028
-0.18039
-0.36705
-0.49823
-0.55011
-0.38349
0.017619
0.3665
0.50457
0.37343
0.14591
-0.15448
-0.41337
-0.3966
-0.16678
-0.079162
-0.17972
-0.26704
-0.27475
-0.20015
-0.13098
-0.058776
-0.13136
-0.003578
0.3386
0.40462
0.22696
0.11673
0.17629
0.18428
-0.044287
-0.14616
-0.23943
-0.27118
-0.24905
-0.15047
-0.019762
0.048601
0.21419
0.49625
0.37153
0.1056
0.10265
0.17783
0.15093
0.029379
0.025219
-0.064812
-0.12991
-0.15973
-0.13731
-0.081379
0.01664
0.27316
0.54852
0.40269
0.15883
0.17811
0.13891
0.037466
-0.021812
0.074604
0.09238
0.075416
-0.06879
-0.30996
-0.42708
-0.26283
0.16649
0.6086
0.60201
0.35333
0.30001
0.10571
-0.095229
-0.099855
-0.0078084
0.029656
0.08112
-0.049547
-0.51447
-0.78936
-0.62799
0.011504
0.66089
0.76005
0.59199
0.40829
0.21739
0.07221
-0.14606
-0.025149
0.007672
-0.017355
-0.22681
-0.68465
-1.0402
-0.92241
-0.18484
0.69423
1.0324
0.92555
0.70156
0.38079
0.18829
-0.20225
-0.10836
-0.063303
-0.1041
-0.26852
-0.68653
-1.1791
-1.1209
-0.25064
0.82903
1.2275
1.152
0.90968
0.47714
0.16031
-0.14053
-0.00035563
0.11409
0.025176
-0.21337
-0.61956
-1.1723
-1.2082
-0.21771
0.97407
1.3464
1.119
0.91788
0.64151
0.33723
-0.038331
0.1374
0.25001
0.077332
-0.17084
-0.53256
-1.0699
-1.1718
-0.1576
1.0582
1.3271
1.0125
0.86935
0.78959
0.54724
0.0054373
0.10708
0.13954
-0.030288
-0.25334
-0.57988
-0.99552
-0.98319
-0.15461
0.80335
1.075
0.923
0.79285
0.69757
0.43567
0.032687
0.049332
0.0085004
-0.14708
-0.36988
-0.67656
-0.9808
-0.84148
-0.216
0.53934
0.7669
0.70489
0.56118
0.37433
0.1597
0.0044619
-0.0035958
-0.014825
-0.16969
-0.38303
-0.67691
-0.93175
-0.68016
-0.1329
0.49507
0.57391
0.32158
0.089151
-0.092437
-0.13678
-0.28757
-0.2838
-0.23132
-0.29409
-0.49699
-0.75221
-0.86725
-0.60032
-0.040832
0.53432
0.54353
0.16336
-0.24545
-0.33628
-0.21901
-0.35666
-0.3666
-0.34227
-0.39534
-0.59416
-0.81213
-0.82678
-0.55773
-0.15083
0.33541
0.45397
0.1683
-0.20749
-0.31478
-0.18501
-0.23712
-0.18626
-0.22888
-0.3578
-0.53909
-0.69588
-0.57896
-0.44223
-0.31437
0.0078008
0.18788
0.17987
0.056081
-0.11751
-0.10329
-0.021513
-0.032735
-0.035996
-0.12778
-0.24169
-0.21391
-0.15718
-0.024619
0.176
0.26135
0.23676
0.17553
0.19982
0.23328
0.1673
-0.11058
-0.12064
-0.11393
-0.073914
-0.10001
-0.14951
-0.22917
-0.10963
0.18074
0.22681
0.10892
-0.031174
-0.11643
-0.060654
-0.02531
-0.1544
-0.16473
-0.13392
-0.031199
-0.0070377
-0.10122
-0.25136
-0.33496
-0.15707
0.010781
-0.051847
-0.26505
-0.3844
-0.3626
-0.27202
-0.18257
-0.24864
-0.23796
-0.17239
-0.17366
-0.27573
-0.32356
-0.37896
-0.26407
-0.11831
-0.04667
-0.24479
-0.3951
-0.35044
-0.32595
-0.091544
-0.16464
-0.18437
-0.22205
-0.38192
-0.50161
-0.48066
-0.32298
-0.20185
-0.17549
-0.14757
-0.18123
-0.26104
-0.269
-0.28023
-0.19048
-0.2966
-0.32804
-0.45377
-0.64032
-0.78107
-0.73214
-0.50291
-0.34805
-0.30648
-0.16639
-0.016768
-0.10108
-0.27822
-0.34846
-0.37928
-0.47992
-0.60581
-0.78192
-0.88649
-0.92682
-0.76939
-0.51648
-0.33794
-0.18158
0.0052214
0.17217
0.037759
-0.19911
-0.34761
-0.18725
-0.16324
-0.16018
-0.33977
-0.48272
-0.53525
-0.34302
-0.15255
-0.1026
-0.028422
0.020244
0.15936
0.14154
-0.071151
-0.25532
0.15758
0.53154
0.95311
1.021
0.87441
0.7115
0.61153
0.41358
0.12789
-0.055663
-0.15653
-0.029321
0.13848
0.047681
-0.099745
0.32119
0.90984
1.5815
1.8647
1.8097
1.6832
1.4256
0.95146
0.38651
-0.035951
-0.18566
-0.080732
0.089138
0.11187
0.0134
0.28509
0.738
1.3498
1.6391
1.5909
1.5384
1.3537
0.95927
0.45725
0.024977
-0.026545
0.1219
0.13379
0.11176
0.0070695
0.13604
0.44689
0.78186
0.88482
0.76521
0.60157
0.50372
0.29864
0.018279
-0.12929
0.075268
0.31478
0.16849
0.086835
0.049226
-0.051005
0.07932
0.21763
0.14853
-0.040304
-0.21153
-0.30057
-0.50889
-0.53141
-0.304
0.074211
0.29917
0.18813
0.10248
0.11007
-0.14036
-0.15472
-0.15818
-0.20699
-0.31283
-0.46252
-0.57952
-0.68325
-0.6365
-0.37353
-0.12014
0.12778
0.13439
0.035471
-0.035055
-0.08181
-0.14839
-0.17389
-0.13954
-0.12464
-0.33393
-0.43607
-0.37864
-0.35035
-0.30947
-0.192
-0.046768
-0.067572
-0.18243
-0.20189
-0.20587
-0.36727
-0.43696
-0.24536
0.027513
0.21569
0.37952
0.29828
0.028646
0.053768
0.24661
0.14564
-0.022205
0.098308
0.14752
-0.28786
-0.49606
-0.49738
-0.16646
0.32759
0.56831
0.48463
0.25706
0.064849
0.12301
0.2116
0.069764
0.049843
0.19614
0.16076
-0.33651
-0.55705
-0.55856
-0.1103
0.58619
0.83276
0.56723
0.21761
0.078488
0.24274
0.20865
0.014621
0.057843
0.14612
0.089501
-0.45388
-0.65411
-0.6063
-0.13514
0.6504
0.94645
0.64379
0.27259
0.16276
0.28588
0.22154
0.055202
0.061574
0.049036
-0.011772
-0.66615
-0.84173
-0.7259
-0.26208
0.50587
0.91389
0.73922
0.37303
0.12474
0.14213
0.10268
0.027355
0.044617
0.0088363
-0.10138
-0.69399
-0.92482
-0.8257
-0.36731
0.44379
0.88204
0.70957
0.2747
-0.090021
-0.12695
-0.12403
-0.14426
-0.096043
-0.01775
-0.10379
-0.64012
-0.86348
-0.79294
-0.28907
0.48426
0.84355
0.62162
0.1003
-0.31276
-0.32753
-0.16842
-0.14015
-0.033619
0.081022
0.041753
-0.67519
-0.93189
-0.78025
-0.17822
0.64802
0.9717
0.66885
0.018375
-0.3914
-0.33048
-0.091745
-0.067587
-0.014929
0.06753
0.028922
-0.76153
-1.0603
-0.7442
0.0034482
0.79539
1.0778
0.68255
0.016364
-0.36226
-0.28686
-0.023665
0.0022689
-0.065631
-0.037338
-0.047287
-0.7996
-1.1513
-0.74214
0.13517
0.97482
1.0003
0.4651
-0.033882
-0.23249
-0.10891
0.10741
0.17459
0.012989
-0.013579
-0.0016016
-0.91475
-1.2351
-0.72954
0.28058
1.0966
0.98224
0.38221
-0.063155
-0.18558
-0.049263
0.21779
0.26971
0.069612
-0.026106
-0.044468
-0.98096
-1.2399
-0.67174
0.3928
1.1494
1.0487
0.47389
-0.14673
-0.3813
-0.20695
0.13399
0.21225
-0.0031073
-0.12585
-0.16572
-0.92289
-1.0908
-0.4797
0.51917
1.2424
1.1464
0.52249
-0.22887
-0.57751
-0.36239
0.013631
0.11066
-0.065819
-0.22339
-0.27408
-0.85296
-0.89588
-0.2977
0.51209
1.0557
0.99795
0.48211
-0.22195
-0.53063
-0.28807
0.082263
0.23268
0.14952
-0.063998
-0.16422
-0.64966
-0.64354
-0.20533
0.3302
0.71659
0.7355
0.40144
-0.1268
-0.35924
-0.11589
0.25614
0.43136
0.33652
0.052783
-0.099632
-0.090402
0.067241
0.22357
0.14923
0.011916
-0.10751
-0.10348
-0.026309
-0.084696
-0.25903
-0.44821
-0.53765
-0.46945
-0.24684
0.067863
0.020934
0.19705
0.22238
0.064157
-0.019974
0.021565
0.12929
0.1974
-0.020217
-0.40932
-0.71599
-0.77331
-0.65954
-0.34838
-0.041684
0.1488
0.16107
0.090633
0.027901
0.16347
0.21247
0.22694
0.28804
0.068132
-0.38539
-0.76618
-0.83975
-0.64518
-0.17882
0.10654
0.16492
0.15012
-0.0093486
0.066899
0.2951
0.27041
0.17771
0.1696
0.12269
-0.18397
-0.67044
-0.88598
-0.67431
-0.057635
0.32731
0.061131
0.072273
-0.021542
0.089256
0.29554
0.37329
0.28605
0.15731
0.1386
-0.012207
-0.5516
-0.8607
-0.62076
-0.050563
0.34193
0.13094
0.015058
0.0072614
0.16179
0.36939
0.45248
0.37683
0.12701
0.10028
0.022168
-0.48062
-0.75324
-0.50003
-0.0095501
0.31602
0.21279
0.090953
0.054057
0.20773
0.43168
0.4929
0.32652
0.061542
0.027144
-0.016637
-0.50095
-0.78232
-0.59112
-0.1042
0.35881
0.13854
0.14179
0.1614
0.29854
0.49432
0.5349
0.37084
0.1006
-0.025328
-0.097305
-0.5448
-0.84552
-0.78803
-0.33141
0.30986
0.098879
0.17147
0.26103
0.36302
0.51393
0.50819
0.45838
0.41433
0.3141
0.0073648
-0.51685
-0.88007
-0.92655
-0.52553
0.10662
0.20377
0.2977
0.30612
0.39919
0.50252
0.55951
0.6343
0.70306
0.63841
0.12006
-0.6161
-1.0463
-1.1074
-0.66574
-0.017814
0.37518
0.45986
0.46883
0.49448
0.53024
0.65915
0.84924
0.97501
0.82033
0.090385
-0.82916
-1.2777
-1.1719
-0.66384
-0.069152
0.48778
0.61822
0.65498
0.66333
0.64369
0.69326
0.9016
1.0665
0.84334
0.023335
-0.9121
-1.3021
-1.1041
-0.69987
-0.27634
0.34169
0.49261
0.57112
0.69114
0.70579
0.62631
0.77336
0.92656
0.63806
-0.12905
-0.88454
-1.1438
-1.0173
-0.73984
-0.42119
0.07662
0.22134
0.36699
0.52043
0.57748
0.51898
0.59749
0.66769
0.36022
-0.24553
-0.80047
-0.94412
-0.84032
-0.67509
-0.41717
-0.055821
0.098958
0.25284
0.23323
0.25399
0.29799
0.28683
0.26144
0.10738
-0.2505
-0.59522
-0.60752
-0.50837
-0.45947
-0.27701
0.01101
-0.10466
-0.17047
-0.068263
-0.19965
-0.37602
-0.46535
-0.48008
-0.40908
-0.24836
0.19741
0.76268
1.1445
1.1394
0.68407
-0.0061757
-0.10652
-0.19241
-0.17064
-0.2098
-0.32955
-0.44306
-0.53326
-0.70023
-0.6136
0.13896
1.1354
1.6672
1.5697
0.89819
-0.096626
-0.11737
-0.15046
-0.24827
-0.31715
-0.26778
-0.25306
-0.4671
-0.86909
-0.89373
-0.052098
1.1369
1.8672
1.7816
0.9569
-0.14827
-0.18041
-0.23716
-0.35862
-0.36293
-0.23934
-0.16616
-0.49588
-0.92415
-0.96819
-0.24749
0.90383
1.73
1.7276
0.90555
-0.13579
-0.13047
-0.20856
-0.28655
-0.18992
-0.12148
-0.15125
-0.4987
-0.89551
-0.8996
-0.33655
0.68345
1.5022
1.5641
0.86405
-0.07867
-0.047716
-0.003973
0.029178
0.12948
0.091885
-0.077055
-0.41689
-0.82687
-0.87568
-0.45926
0.33032
1.1264
1.3262
0.84296
-0.038006
-0.076601
0.01477
0.14795
0.24425
0.21271
0.052084
-0.26235
-0.66062
-0.78126
-0.4864
0.06428
0.65685
0.90348
0.6645
-0.055195
-0.11455
-0.1003
-0.014726
0.1091
0.18358
0.10158
-0.15452
-0.462
-0.56742
-0.3306
0.077884
0.37977
0.54074
0.50284
-0.061473
-0.0785
-0.13362
-0.15213
-0.040008
0.083053
0.029845
-0.18426
-0.41516
-0.48825
-0.3161
-0.055825
0.11528
0.30851
0.41804
0.032994
0.0062849
-0.040843
-0.12541
-0.077463
-0.030178
-0.04812
-0.10665
-0.26043
-0.43918
-0.46334
-0.33436
-0.17452
0.082602
0.27539
0.098031
0.064326
0.011395
-0.046721
-0.0042168
0.023942
0.10421
0.036424
-0.16477
-0.41552
-0.58885
-0.48509
-0.28968
-0.077274
0.14584
0.00025055
0.052853
0.0025603
-0.022732
0.0010231
0.10533
0.28912
0.18716
-0.14514
-0.46951
-0.65368
-0.49947
-0.32441
-0.14976
0.076482
-0.019257
0.013048
-0.058574
-0.087149
-0.077369
0.010129
0.2134
0.1659
-0.066649
-0.28913
-0.40444
-0.35278
-0.25762
-0.12706
0.06899
-0.11809
-0.21623
-0.2353
-0.12189
-0.08976
-0.042992
0.087006
0.064383
-0.096506
-0.22235
-0.2716
-0.1983
-0.061369
0.022289
0.050045
-0.14585
-0.22834
-0.16289
-0.016129
0.010421
-0.056003
-0.055629
-0.073968
-0.1745
-0.28339
-0.32324
-0.15526
0.024999
0.12711
0.053942
0.031649
0.089514
0.17892
0.26329
0.26612
0.17189
0.16449
0.047037
-0.12882
-0.20804
-0.32281
-0.44281
-0.33362
-0.07177
0.14629
0.0051397
0.042878
0.15598
0.30885
0.3995
0.32558
0.2944
0.062709
-0.25431
-0.38003
-0.62562
-0.80426
-0.62849
-0.27041
-0.018978
0.094311
0.048686
0.15284
0.28214
0.36276
0.33611
0.39483
0.21342
-0.28195
-0.62471
-0.90572
-0.97198
-0.64817
-0.32118
-0.088836
0.18876
0.22038
0.25735
0.20962
0.26689
0.35508
0.4264
0.32769
-0.22073
-0.74745
-1.0865
-0.98129
-0.58824
-0.23943
0.048071
0.12816
0.30125
0.3292
0.11923
0.17069
0.3023
0.32012
0.20529
-0.24763
-0.83532
-1.2074
-1.0676
-0.60984
-0.13829
0.22001
0.00013543
0.21309
0.253
0.11201
0.16442
0.29268
0.22623
0.020562
-0.34134
-0.95109
-1.307
-1.13
-0.57036
0.15887
0.49509
-0.074293
0.073956
0.075608
-0.0020463
0.10888
0.21629
0.09385
-0.11088
-0.39645
-0.84661
-1.1247
-0.93067
-0.11798
0.90736
1.0475
-0.16306
-0.061646
-0.051089
-0.095615
-0.0072669
0.11068
0.021318
-0.12266
-0.19912
-0.46103
-0.73223
-0.45386
0.53539
1.5653
1.4088
-0.13562
-0.13278
-0.12315
-0.23544
-0.18486
0.054636
0.048292
-0.076113
-0.083442
-0.26857
-0.45536
-0.036004
0.98227
1.6688
1.2519
0.084894
-0.056467
-0.16963
-0.3553
-0.32342
-0.097116
-0.10195
-0.21699
-0.18411
-0.30186
-0.28826
0.23063
1.0133
1.2721
0.80237
0.12819
-0.098853
-0.20576
-0.19802
-0.18414
-0.16574
-0.20033
-0.30367
-0.30985
-0.40388
-0.26031
0.31008
0.79064
0.82025
0.54267
0.15091
-0.015112
-0.045002
0.066033
0.033925
-0.19847
-0.37396
-0.38449
-0.40012
-0.41045
-0.15223
0.31636
0.6706
0.83535
0.67296
0.077219
0.022835
0.03252
0.016816
-0.069507
-0.33273
-0.55214
-0.5453
-0.43359
-0.18436
0.15825
0.51419
0.84739
1.1353
0.86197
-0.11665
-0.054106
-0.038846
-0.13164
-0.27745
-0.51314
-0.69899
-0.63852
-0.3342
0.12246
0.45762
0.66468
0.95344
1.1323
0.78495
-0.13826
-0.019082
-0.04807
-0.15366
-0.27575
-0.45953
-0.61976
-0.53994
-0.20862
0.17109
0.39321
0.4533
0.70697
0.81221
0.56181
-0.35767
-0.39912
-0.22199
-0.030006
0.013108
-0.12253
-0.19593
-0.11996
-0.055556
-0.11393
-0.23883
-0.36117
-0.55128
-0.64633
-0.51818
-0.31957
-0.37603
-0.18401
0.026397
0.037738
-0.15948
-0.24284
-0.21373
-0.28371
-0.30538
-0.3273
-0.40112
-0.55867
-0.71883
-0.65221
-0.25408
-0.34862
-0.25642
-0.23292
-0.2291
-0.24292
-0.28014
-0.26274
-0.38382
-0.38469
-0.25186
-0.16171
-0.21784
-0.39769
-0.46057
-0.27058
-0.34
-0.39896
-0.48071
-0.42374
-0.12881
-0.011038
-0.065686
-0.24317
-0.19655
-0.00087778
0.14903
0.17393
-0.0090653
-0.11255
-0.24776
-0.33064
-0.39953
-0.37725
-0.22476
0.21685
0.62021
0.68551
0.48617
0.48319
0.58722
0.65546
0.64808
0.51282
0.35501
-0.10401
-0.29885
-0.39772
-0.26772
-0.026647
0.36983
0.89166
1.178
1.105
0.99363
1.1023
1.075
0.9703
0.79166
0.50035
0.046223
-0.12338
-0.28674
-0.22747
-0.12941
0.12283
0.50051
0.81866
0.74806
0.5968
0.79231
0.91059
0.86859
0.74502
0.47863
-0.053528
-0.064701
-0.10658
-0.18795
-0.38429
-0.48917
-0.47665
-0.25491
-0.2249
-0.23253
0.14672
0.55602
0.60072
0.45289
0.32618
-0.16393
-0.029477
0.11883
0.047024
-0.28748
-0.70051
-0.94593
-0.85454
-0.78918
-0.70026
-0.22218
0.32757
0.44011
0.25523
0.19935
-0.20332
0.093589
0.30782
0.16673
-0.035839
-0.37089
-0.6871
-0.84987
-1.026
-1.0061
-0.45179
0.238
0.57507
0.36865
0.25362
-0.18551
0.13992
0.41481
0.31117
0.068006
-0.17015
-0.44184
-0.70555
-0.98303
-1.1748
-0.70526
0.20775
0.84223
0.7857
0.43266
-0.088563
0.14017
0.29928
0.24783
-0.021579
-0.25722
-0.38897
-0.50459
-0.69535
-1.033
-0.84513
0.042627
0.98498
1.1899
0.78677
-0.043894
0.17788
0.30148
0.39295
0.26657
0.069005
-0.10935
-0.2673
-0.5282
-0.8892
-0.89316
-0.16195
0.72039
1.0038
0.75327
0.088173
0.22836
0.39299
0.64387
0.71887
0.5745
0.247
-0.074626
-0.43096
-0.78369
-0.79073
-0.27417
0.23949
0.4876
0.47422
0.05755
0.10327
0.31041
0.54412
0.60162
0.54336
0.32539
0.057646
-0.17663
-0.50225
-0.5357
-0.20925
-0.0031293
0.1255
0.19602
-0.046112
0.010232
-0.072246
-0.15137
0.014421
0.19441
0.27971
0.45386
0.56021
0.41468
0.22202
-0.01514
-0.048414
-0.042725
-0.043023
-0.20984
-0.13803
-0.13778
-0.1642
-0.027152
0.12566
0.19996
0.36012
0.50791
0.46949
0.17709
-0.058154
-0.15855
-0.17303
-0.13296
-0.19011
-0.1072
-0.044909
-0.08443
-0.051367
0.088616
0.15938
0.18259
0.28716
0.25072
0.14192
0.0012048
-0.11258
-0.14329
-0.15405
-0.0073478
0.060469
0.021437
-0.08254
-0.043426
0.081597
0.079672
0.077487
0.14157
0.22353
0.36861
0.44881
0.32027
0.18381
0.091687
-0.086963
-0.098658
-0.17791
-0.22846
-0.10647
-0.063608
-0.13342
-0.11082
0.067169
0.20632
0.41408
0.62001
0.60543
0.43138
0.21323
-0.1864
-0.24042
-0.25237
-0.27145
-0.24108
-0.35173
-0.49937
-0.41878
-0.20751
-0.16417
-0.047154
0.16857
0.31787
0.3189
0.1168
-0.011009
-0.072918
-0.16153
-0.26339
-0.48971
-0.66678
-0.81561
-0.79741
-0.62342
-0.53206
-0.39483
-0.29216
-0.27809
-0.15771
-0.15486
-0.0040939
-0.040788
-0.069223
-0.17862
-0.45627
-0.6582
-0.87009
-1.0498
-1.0599
-0.91321
-0.69209
-0.67046
-0.69809
-0.52181
-0.38745
-0.12529
-0.11849
-0.061184
-0.07545
-0.24495
-0.46219
-0.77951
-1.1537
-1.4041
-1.3343
-1.0604
-0.90353
-0.77412
-0.56713
-0.32854
-0.23895
-0.16648
-0.10376
-0.11883
-0.17668
-0.29376
-0.53078
-0.85482
-1.1036
-1.1748
-0.96146
-0.70737
-0.48541
-0.28942
-0.17508
-0.10746
-0.029296
-0.0071969
-0.18672
-0.20943
-0.083747
0.030637
0.083221
-0.0021134
-0.18039
-0.21441
-0.2383
-0.16927
-0.03775
0.041758
0.1302
0.11907
0.014532
-0.18836
-0.17304
0.15934
0.42859
0.70627
0.95917
0.98682
0.7029
0.41271
0.19475
0.088247
0.081394
0.08945
0.07342
0.016338
-0.0096747
0.13194
0.40713
0.57845
0.90349
1.3038
1.4522
1.2492
0.99265
0.67482
0.29405
0.16328
-0.094362
-0.15462
-0.17292
-0.029726
0.16975
0.46199
0.7119
1.0278
1.2792
1.222
1.1508
1.0808
0.86732
0.50741
0.18382
-0.18258
-0.19907
-0.2453
-0.15379
0.050518
0.35802
0.64182
0.84561
0.83878
0.69196
0.73823
0.75555
0.6169
0.37434
0.054403
-2.0663
-1.9366
-2.1415
-2.116
-2.0125
-1.8881
-1.8434
-1.8795
-2.0628
-1.9602
-2.1232
-2.227
-1.983
-1.8789
-1.854
0.0052721
0.0098881
0.0084124
0.0034123
0.0054309
0.016679
0.017648
0.0060637
-0.0065461
-0.0052307
-0.0034019
-0.0042617
-0.0013951
0.0030945
0.0036315
-0.0040494
0.0036239
0.0074121
0.0084281
0.0073433
0.013567
0.017676
0.0091719
-0.0033733
-0.0027611
0.00042979
-0.0023722
0.0030619
0.012402
0.0098098
-0.0025322
0.0047712
0.0088834
0.01418
0.010954
0.006483
0.0075777
0.0064806
0.0032552
0.0024501
0.0017285
0.00018693
0.0023311
0.0066942
0.0042002
-0.0043548
0.0020184
0.0076915
0.01068
0.011002
0.0079035
0.0020945
-0.0013635
0.0041611
0.0083694
0.0074884
0.00054469
-0.0049295
-0.0043722
-0.0047547
0.0010559
0.00087406
0.0021223
0.00055665
0.0048588
0.0087129
0.0018582
-0.0062649
-0.0070871
-0.00085228
0.0046694
-0.0021706
-0.013788
-0.014923
-0.016857
0.0070727
0.0044535
-0.002742
-0.0061767
-0.0007281
0.0040253
-0.00075241
-0.0080697
-0.014475
-0.012159
-0.0034836
-0.0075558
-0.018794
-0.019508
-0.021811
0.0028651
0.0014691
-0.0040671
-0.004711
-0.0017939
0.0006013
-0.0039876
-0.0032521
-0.0022345
-0.0072597
-0.0076619
-0.0099324
-0.01766
-0.018638
-0.016295
0.00097257
-0.0007639
-0.00076742
-0.0020058
-0.0023845
-0.0015962
-0.0030967
0.0048776
0.007458
-0.0051546
-0.0088339
-0.0071182
-0.011536
-0.017695
-0.018085
0.0020071
0.0031046
0.004006
9.5453e-05
-0.0059375
-0.0074891
-0.00046304
0.011059
0.010591
0.00012566
-0.0020254
-0.0027025
-0.0062195
-0.013311
-0.018457
-0.00057173
0.0022926
0.0041409
0.00036263
-0.0093742
-0.010924
0.0013595
0.011807
0.0072098
0.0051254
0.0063542
0.001169
-0.0010109
-0.0049221
-0.012127
0.000999
0.0074962
0.009156
0.0050119
-0.0034484
-0.0086505
-0.0056611
-0.00092177
-0.0048115
-0.0029923
0.0023723
-0.0012344
-0.0028111
-0.0046756
-0.011852
0.0023994
0.0083781
0.0020517
-0.0026511
-0.0026059
-0.0076409
-0.0094879
-0.01122
-0.016315
-0.0093932
0.00015163
-2.6073e-05
-0.0047652
-0.010919
-0.011715
0.005914
0.0088918
-0.0033115
-0.011717
-0.0053189
-0.0022592
-0.0029365
-0.0091623
-0.016869
-0.01561
-0.011483
-0.010838
-0.013141
-0.015938
-0.012324
0.011541
0.013853
0.0047683
-0.0035813
0.0050718
0.0079852
-0.0004248
-0.0088849
-0.0083489
-0.012241
-0.019838
-0.019253
-0.015091
-0.013443
-0.0074322
0.008831
0.0066778
0.0046413
0.0059913
0.0059238
0.0028786
-0.0086601
-0.013273
-0.0046044
-0.0016176
-0.010411
-0.012032
-0.0075105
-0.0063727
-0.0013657
