0.53334
-0.33179
0.018789
-0.48824
0.00088152
0.3546
-0.62764
-0.90358
1.1067
-1.1795
0.098737
-0.53007
0.026609
-0.84732
0.40668
0.74556
-0.77485
-0.1759
1.4538
-1.544
-0.78565
-0.37365
-0.11064
-1.1942
0.53127
1.2435
-0.32386
0.84901
0.91481
-1.2142
-1.1752
0.11158
-0.25078
-1.3216
0.13112
1.757
0.46989
0.86228
0.16863
-0.36993
-0.63618
0.47061
-0.41209
-1.2409
-0.44899
1.7853
0.95398
0.09306
-0.37339
0.28373
0.022906
0.48587
-0.51213
-0.95567
-0.64307
1.173
0.79684
-0.38225
-0.45161
0.24438
0.36682
-0.59996
0.44112
-0.27742
0.34136
-0.0010556
-0.74894
-1.0314
1.8007
-1.613
-0.40209
-1.1866
0.7612
-0.52962
0.90989
0.30049
-0.99322
-0.12034
2.0091
-1.8814
-1.292
-1.2293
0.7985
-0.993
0.94453
0.93569
-0.36421
1.2816
0.67976
-0.90235
-1.3676
-0.67709
0.59595
-1.4639
0.25556
1.6888
0.63524
1.1285
-0.58581
0.4833
-0.53445
0.048567
0.3088
-1.6044
-0.7469
1.8497
1.0511
-0.15583
-0.94192
1.0945
0.38746
0.37332
-0.073481
-1.251
-0.95637
1.2477
0.77818
-0.7644
-0.71127
0.72346
-0.34018
-0.19046
0.65144
0.53464
0.69624
-0.5067
-0.5972
-1.2396
1.5079
-1.3422
-1.0319
-0.93249
1.3578
0.83701
1.2762
-0.58297
-0.96064
-0.37865
1.1616
-1.0333
-1.3514
-1.5198
1.8191
0.48898
1.0386
-0.28103
-0.59154
1.107
-0.32798
0.32767
-0.82234
-1.5355
1.7869
-0.14253
-0.073576
0.016712
0.40508
1.1049
-1.3138
1.338
0.24556
-0.8859
1.3952
-0.64769
-1.1518
0.26889
1.1697
-0.27937
-1.1603
1.3166
0.99714
-0.16096
0.78306
-0.73632
-1.1335
0.1449
1.0315
-0.95696
-0.57155
0.66849
-0.82543
0.75126
-0.054345
0.85399
0.84045
-0.57603
-0.43861
-1.5298
0.66094
-0.57487
-1.1754
0.40111
0.35166
1.6502
1.434
-0.89552
-0.95692
-0.8473
-0.093996
0.11118
-0.67529
-0.53402
0.86852
1.7163
0.93541
-1.0896
-0.95743
0.83388
-1.1082
1.1664
0.3143
-1.2196
1.0185
1.2885
-0.4851
-1.1839
0.011589
1.225
-1.2043
1.3343
1.2834
-1.1547
0.77241
0.66538
-1.5164
-1.1373
1.3823
0.075174
-0.48873
0.60754
1.2058
-0.61117
0.3498
0.096492
-1.2647
-0.78528
1.5125
-0.71505
0.093655
0.064844
-0.83519
1.5008
-0.89804
0.14208
0.85875
-0.34136
-0.33144
-1.6385
-0.018638
0.20752
-0.68963
1.801
-1.0623
0.85725
1.4199
-0.53517
-1.0548
-1.0392
-0.914
0.90318
0.34886
1.122
-1.0408
1.3179
0.72775
-0.72819
-1.3642
0.74568
-1.3533
1.2121
1.4046
0.24382
-0.96048
1.2642
-0.74863
-1.0045
-0.45699
1.5408
-0.60247
0.54229
1.7838
-0.21601
-0.85427
0.93667
-1.6025
-1.2272
1.1852
0.80712
0.49344
-0.34509
0.97712
-0.27088
-0.71704
0.46918
-1.228
-1.0184
1.5
-0.1006
0.79313
-0.6016
-0.58399
1.2225
-0.99853
-0.46394
0.68789
-0.16609
-0.31956
-1.4082
-0.29079
0.32858
-0.13756
1.764
-1.4104
-0.21737
0.98458
-0.1195
-0.92378
-0.92422
-1.0698
0.68925
0.85612
1.5905
-1.5908
0.20894
0.42674
-0.21215
-1.2628
0.47784
-1.0584
0.51009
1.3863
1.0345
-1.518
0.32528
-0.68871
-0.41364
-0.73285
1.223
-0.17564
-0.17588
1.2258
0.54026
-1.3523
0.20239
-1.1982
-0.7381
0.4825
0.88277
0.6657
-0.73303
0.52529
0.18544
-0.93534
0.02683
-0.84692
-0.76874
0.86644
0.11812
0.77472
-0.76666
0.54954
0.094485
-0.91994
-1.2765
-0.59824
0.10206
0.35663
-0.46362
-1.5178
-1.5161
-0.40281
0.50039
-0.3381
-1.231
-1.6687
-0.92044
0.47068
1.1821
-0.97063
-1.4794
-0.91391
0.4681
1.5994
1.4719
-1.1114
-0.96897
0.25532
1.6232
2.0551
1.2213
-0.73219
-0.26817
0.83805
1.6702
1.4841
0.6753
-0.37195
-0.63001
-0.43107
0.15751
0.58418
0.56827
-0.60028
-1.2911
-1.3905
-0.77702
0.043222
0.4413
-0.20194
-1.0509
-1.6256
-1.6336
-0.91453
-0.19008
0.88453
0.46356
-0.50134
-1.2921
-1.28
-0.70648
1.7096
1.9319
1.3091
0.21769
-0.4422
-0.47597
1.3117
1.8342
1.7105
1.2148
0.69068
0.2445
0.063692
0.057823
-0.12925
-0.34928
-0.45452
-0.35169
0.62615
0.94222
0.97578
0.68703
0.31999
0.030074
0.84521
1.5464
1.9557
1.9372
1.5282
0.74128
-0.070175
0.34952
0.85702
1.1106
0.89308
0.32297
-1.0149
-1.2943
-1.2623
-1.1013
-0.98507
-0.79912
-0.89026
-1.4669
-1.7078
-1.6431
-1.4741
-1.0675
-0.53489
-0.95339
-1.304
-1.5217
-1.4554
-1.0605
-0.3706
-0.63721
-1.1518
-1.7054
-1.8411
-1.3922
0.65944
0.93202
0.51591
-0.2366
-0.71375
-0.71679
1.0174
1.7709
1.8186
1.4008
0.78322
0.2647
0.19856
0.9218
1.3595
1.3791
1.0097
0.48528
-0.59105
-0.238
0.21642
0.42857
0.28434
0.043006
0.22421
0.65863
0.67116
0.095017
-0.65828
-0.85308
0.47146
1.1904
1.0931
0.038344
-0.98478
-1.1976
0.83551
1.6229
1.2365
-0.25855
-1.3755
-1.3292
1.0571
1.7371
1.056
-0.71372
-1.8178
-1.5012
1.1051
1.6957
0.86994
-0.93729
-1.9752
-1.5178
0.80691
1.2274
0.54551
-0.77415
-1.5072
-1.1349
0.3505
0.86539
1.513
1.9771
2.0006
1.3542
0.007786
0.50471
1.2991
1.9661
2.1283
1.4733
-0.68395
-0.73142
-0.40711
0.047279
0.34838
0.30674
-0.8239
-1.1392
-1.3408
-1.3741
-1.2386
-0.84816
-0.44261
-0.67541
-0.95904
-1.1398
-1.2926
-1.1367
-0.11217
-0.20695
-0.31869
-0.39996
-0.69216
-0.83116
-0.7042
-0.85788
-0.3331
0.57222
1.2152
1.0006
-0.82633
-1.1531
-0.5429
0.73362
1.4051
1.0345
-0.73733
-1.2086
-0.88628
0.54275
1.5241
1.2702
-0.60542
-1.2227
-1.2915
0.14343
1.7003
1.712
-0.50026
-1.2491
-1.6439
-0.40019
1.3703
1.7438
-0.35208
-1.0566
-1.4184
-0.67878
0.61717
1.0449
-1.0287
-0.064407
1.044
1.036
0.07019
-0.41559
-1.2081
-0.12124
1.3727
1.2674
-0.13042
-0.75655
-1.4449
-0.49946
1.2391
1.2224
-0.30173
-1.0096
-1.7551
-1.0328
0.99269
1.4063
0.10157
-0.77152
-1.8723
-1.296
0.84779
1.7338
0.826
-0.16206
-1.6124
-1.1558
0.64009
1.4876
0.88096
0.053113
1.2082
1.6556
1.1007
0.1454
-0.53017
-0.53623
1.9334
2.1751
0.86813
-0.60149
-1.1689
-0.74269
1.7677
1.3346
-0.27353
-1.4692
-1.3505
-0.55124
0.82821
-0.011724
-1.2137
-1.4001
-0.59963
0.093803
-0.0078784
-1.0079
-1.5224
-0.81907
0.42052
0.88401
-0.42528
-1.1585
-1.1847
-0.27271
0.71132
0.88711
-1.3632
-1.8561
-1.4366
-0.34357
0.37837
0.35148
-1.8418
-2.1565
-1.1043
0.5592
1.2742
0.87291
-1.5404
-1.306
0.23959
1.5597
1.4911
0.79186
-0.6728
0.1218
1.3733
1.5632
0.68112
0.047076
0.16208
1.0739
1.3761
0.6343
-0.35846
-0.58537
0.35343
0.86196
0.61684
-0.18907
-0.77357
-0.75141
-5.3225
-5.3062
-5.254
-5.3393
-5.8217
-5.2866
-5.4543
-5.4527
-5.3118
-5.5701
0.01046
0.0050153
0.0011135
-0.0022669
-0.0076269
-0.006986
0.012484
0.0064474
-0.0018821
-0.0031161
-0.0047822
-0.0065667
0.0085063
0.00062902
-0.0075912
-0.0098953
-0.010427
-0.0079058
0.011609
-0.00077507
-0.014278
-0.020972
-0.016496
-0.0021196
0.024551
0.010921
-0.0094446
-0.017885
-0.0088851
0.0043444
0.027781
0.016476
-0.0014455
-0.0091017
-0.0032862
0.0044053
