-0.071737
-0.029208
0.1561
0.016189
0.19286
-0.081603
0.14451
-0.05529
0.12968
-0.2426
0.070061
-0.14415
-0.057866
-0.15541
-0.10089
-0.080266
0.16846
0.32208
-0.20133
0.17192
0.10766
0.15156
-0.13179
0.40505
-0.41929
-0.039952
-0.25499
-0.19547
-0.063338
0.034821
-0.11299
0.1604
0.22922
-0.3585
0.11258
0.31116
0.215
-0.29018
0.44931
-0.43092
-0.043862
-0.15772
-0.31972
-0.039081
-0.057127
-0.091378
0.2092
-0.031784
-0.30439
0.092611
0.45339
0.24455
-0.2215
0.19233
-0.12207
0.047761
-0.087089
-0.23259
-0.085677
-0.22878
-0.16699
0.34036
-0.23913
-0.29035
0.012271
0.36813
0.072714
-0.066756
-0.10043
0.022914
0.19192
0.072317
-0.19826
-0.22567
-0.047605
-0.11569
0.26305
-0.1829
-0.29311
-0.073078
0.098856
-0.054724
0.051218
-0.12116
0.095616
0.14485
0.30705
-0.10255
-0.10818
0.13221
0.0071516
0.013389
-0.075526
-0.18568
-0.18679
-0.031863
-0.2106
0.064932
0.061702
0.17812
0.1162
0.34966
0.19228
0.06605
-0.054893
0.014109
-0.096532
-0.13293
-0.017587
-0.26338
-0.094758
-0.48657
-0.013731
0.10264
0.2018
0.0026429
0.1551
0.35788
-0.070721
-0.15383
0.0077244
-0.14438
-0.16283
0.25679
-0.24818
-0.18088
-0.50081
0.060627
0.057773
0.013731
-0.052738
-0.10616
0.41671
-0.28115
-0.2983
-0.020081
-0.1878
-0.11575
0.27923
-0.030435
-0.17509
-0.1405
0.059769
-0.040272
-0.1577
-0.019508
-0.28217
0.4123
-0.35226
-0.34944
0.088888
-0.089676
-0.16322
0.080422
0.26964
-0.080941
0.29981
-0.045609
-0.20103
-0.069675
-0.0062817
-0.2237
0.30159
-0.31143
-0.21239
0.22908
0.15527
-0.29614
-0.22605
0.31459
-0.039165
0.46646
-0.093476
-0.25838
0.03093
-0.10899
-0.29256
0.11775
-0.41779
-0.23204
0.1743
0.22391
-0.53619
-0.24863
0.28817
0.056217
0.5985
-0.08781
-0.25283
-0.056864
-0.04592
-0.44253
0.022902
-0.295
-0.1399
0.077048
0.1029
-0.52265
-0.040421
0.29404
0.21616
0.60053
-0.097783
-0.14435
-0.039804
-0.058913
-0.27751
-0.095118
0.24102
0.06651
-0.069192
-0.0265
-0.2435
0.046847
0.079303
0.13668
0.47671
-0.094692
-0.19346
-0.12331
-0.27035
0.14434
-0.1748
0.60253
0.2335
-0.18382
-0.013466
-0.033133
-0.051982
-0.059905
0.001394
0.23216
-0.12847
-0.35108
-0.11975
-0.40257
0.43162
-0.10038
0.465
0.22473
-0.12418
0.017586
0.086574
-0.082214
0.0016158
0.011184
-0.060885
0.042702
-0.25953
-0.14502
-0.13484
0.41261
-0.056099
0.19186
0.097665
-0.0092627
-0.04908
0.02045
-0.059123
-0.044212
0.0090345
-0.25393
0.090819
-0.057002
-0.23325
0.11304
0.19699
-0.12259
0.097663
0.069974
-0.20507
-0.1237
0.32608
-0.074335
0.10087
0.18411
0.086494
0.055889
0.1531
-0.3846
-0.11736
-0.22105
-0.23978
-0.040186
-0.060087
-0.1541
0.1913
0.4756
-0.37932
0.15058
0.28572
0.15281
0.0042403
0.54794
-0.50798
-0.067408
-0.36014
-0.2725
0.0033351
0.035227
-0.12478
0.28634
0.31198
-0.50134
0.15285
0.28007
0.18906
-0.1716
0.54333
-0.46361
-0.12842
-0.3796
-0.32278
-0.15289
-0.12047
-0.13657
0.18975
-0.0075786
-0.59023
0.0066377
0.46555
0.11531
-0.14506
0.25323
-0.15206
-0.12459
-0.26267
-0.24089
-0.16117
-0.22577
-0.2017
0.19688
-0.24725
-0.5635
-0.13033
0.39514
-0.0016641
-0.10248
-0.0076936
0.096703
0.066268
-0.0062206
-0.23368
-0.12134
-0.03566
-0.1166
0.19973
-0.27242
-0.34542
-0.19819
0.1429
-0.14825
-0.11169
-0.14339
0.15702
0.094339
0.28477
-0.043449
-0.078644
0.12856
-0.10872
0.051638
-0.19357
-0.16416
-0.29699
0.030645
-0.33232
-0.026276
0.059236
0.14446
0.21936
0.39089
0.44032
-0.067755
-0.13699
-0.16481
-0.10562
-0.33706
-0.013639
-0.30401
-0.088316
-0.59866
-0.076357
0.1826
0.18141
0.23559
0.23371
0.66116
-0.12425
-0.32983
-0.014101
-0.20745
-0.2975
0.23921
-0.18061
-0.26548
-0.55486
-0.011974
0.095708
0.076222
0.078314
-0.11536
0.64251
-0.19177
-0.35944
0.17327
-0.31521
-0.10994
0.33634
0.12159
-0.37142
-0.096685
0.070018
-0.025842
-0.0284
0.057368
-0.3432
0.50088
-0.45024
-0.34882
0.26909
-0.15896
-0.075704
0.08196
0.26092
-0.204
0.28696
0.01844
-0.21095
0.031931
-0.024579
-0.2721
0.26241
-0.54269
-0.31077
0.32439
0.058261
-0.18602
-0.20859
0.32398
-0.068584
0.58509
0.016321
-0.27068
0.081391
-0.23973
-0.3402
0.09007
-0.59412
-0.36572
0.31756
0.028093
-0.43555
-0.10213
0.37914
-0.010757
0.91256
-0.023068
-0.32805
-0.013234
-0.33737
-0.49824
0.018777
-0.43883
-0.18013
0.28254
-0.1098
-0.39734
0.13926
0.22828
0.19536
0.96188
-0.059825
-0.32292
-0.035666
-0.16649
-0.37917
-0.10923
0.17623
0.077603
0.0557
-0.070855
-0.19775
0.19881
-0.052696
0.16568
0.63792
-0.158
-0.33225
0.039149
-0.20231
0.2552
-0.1622
0.6183
0.17595
-0.098507
0.015703
-0.1725
0.15875
-0.15152
0.07595
0.36398
-0.23706
-0.26083
0.056035
-0.37649
0.82107
-0.17641
0.6728
0.077777
-0.068048
0.019797
-0.074503
-0.045957
-0.014262
-0.043547
0.013064
-0.13702
-0.14119
-0.16818
-0.29471
0.81142
-0.17826
0.50455
-0.11584
0.013135
-0.097499
-0.20854
-0.16735
-0.030089
-0.082616
-0.19129
0.007624
-0.084196
-0.34814
-0.1574
0.38939
-0.23456
0.21266
-0.14088
-0.3299
-0.25598
0.47297
-0.18859
0.11414
0.15326
-0.060512
0.021562
0.040242
-0.50615
-0.17243
-0.30508
-0.32027
0.19511
0.1254
-0.20302
-0.027993
0.58202
-0.44714
0.1666
0.30555
-0.0089141
0.041733
0.39629
-0.59103
-0.13872
-0.42345
-0.29637
0.10441
0.19133
-0.163
0.16581
0.29036
-0.67508
0.059014
0.40866
0.091774
-0.027713
0.46861
-0.44354
-0.26888
-0.4053
-0.3024
-0.19952
-0.0036964
-0.16553
0.073552
0.081146
-0.75819
-0.12187
0.53962
0.051509
-0.098719
0.27569
-0.059688
-0.25355
-0.33697
-0.33357
-0.25389
-0.12014
-0.19031
0.040634
-0.17049
-0.50532
-0.26591
0.38108
-0.10508
-0.19874
0.050818
0.15165
-0.08253
-0.17536
-0.40902
-0.20357
-0.054151
-0.17168
0.16159
-0.28693
-0.18806
-0.31983
0.13158
-0.34224
-0.2407
0.029722
0.1297
-0.031504
0.085653
-0.18148
-0.20293
0.10638
-0.27959
0.1479
-0.20971
0.063687
-0.37215
-0.037398
-0.62438
-0.12733
0.18499
0.14651
0.098183
0.32877
0.37266
-0.24381
-0.092236
-0.32945
-0.049144
-0.29601
0.22939
-0.42526
-0.17974
-0.81637
-0.082734
0.23174
0.18085
0.14268
0.25824
0.74863
-0.10031
-0.45574
-0.1112
-0.091649
-0.2709
0.25222
-0.33004
-0.37091
-0.76175
-0.016683
0.019104
0.095118
0.069589
-0.042312
0.77838
-0.20814
-0.40742
0.14624
-0.20761
0.012844
0.19266
0.059369
-0.45041
-0.23314
0.16129
-0.10524
-0.0388
0.052377
-0.18658
0.54351
-0.60807
-0.37697
0.23191
-0.21732
0.079217
-0.013595
0.32703
-0.36377
0.35511
0.2165
-0.18336
-0.012545
0.056426
-0.21303
0.21321
-0.77177
-0.37416
0.17577
-0.063062
-0.093178
-0.080405
0.30972
-0.2162
0.73408
0.17284
-0.29717
-0.0071108
-0.14647
-0.38935
0.089733
-0.7522
-0.28504
0.23956
-0.13085
-0.30389
0.051146
0.1076
-0.060299
1.0118
0.043547
-0.34949
0.0037209
-0.21893
-0.49375
0.048958
-0.49184
-0.17445
0.29258
-0.27101
-0.25597
0.12265
-0.097565
0.14205
0.86703
-0.12937
-0.36404
-0.043336
-0.17686
-0.38411
-0.05321
0.17779
-0.13724
0.198
-0.3215
-0.1018
0.16923
-0.18716
0.057568
0.57678
-0.2128
-0.19305
0.10168
-0.20041
0.18581
-0.018872
0.5799
0.0029754
0.070549
-0.22982
-0.23252
0.12131
-0.06681
0.0030875
0.39624
-0.16888
0.062006
0.060783
-0.32838
0.91329
-0.083606
0.6786
-0.016228
-0.044738
-0.077839
-0.31684
-0.15208
0.050835
-0.13209
0.17211
-0.12019
0.10195
-0.18196
-0.38783
1.1148
-0.19096
0.56742
-0.10315
-0.066919
-0.12489
-0.41866
-0.24747
0.021777
-0.20839
-0.076452
-0.057357
0.11029
-0.25197
-0.25868
0.66177
-0.20351
0.27389
-0.065224
-0.34492
-0.19609
0.71877
-0.1397
0.12559
0.10734
-0.14106
-0.085133
0.053194
-0.34291
-0.027399
-0.11845
-0.18808
0.07065
0.13438
-0.29449
-0.090362
0.76366
-0.38303
0.14503
0.15788
-0.057119
0.0091411
0.17992
-0.52765
-0.11469
-0.30418
-0.17316
0.076943
0.25415
-0.27
0.053054
0.39547
-0.6911
0.063544
0.44865
-0.03545
0.0019066
0.25832
-0.33699
-0.2522
-0.25189
-0.27338
-0.10653
0.049916
-0.093574
0.10731
0.10729
-0.67969
-0.059262
0.53949
-0.039843
0.049786
0.22636
0.090594
-0.24439
-0.13771
-0.4848
-0.12072
-0.070081
0.064075
0.11752
-0.15704
-0.30724
-0.20181
0.33268
-0.16335
-0.023806
0.119
0.23354
-0.15655
-0.09231
-0.58871
-0.12184
-0.091707
-0.10196
0.13822
-0.43038
-0.019567
-0.24179
0.029349
-0.49379
-0.089006
0.13297
0.13641
-0.062787
0.036998
-0.33714
-0.12344
-0.092639
-0.31665
0.092028
-0.35619
0.21418
-0.3185
-0.18374
-0.73828
-0.037244
0.19145
0.13388
-0.0098738
0.25978
0.19285
-0.16776
-0.20211
-0.29996
0.044631
-0.29214
0.39921
-0.43878
-0.32554
-0.80572
-0.11103
0.15859
0.22967
-0.025256
0.42193
0.7195
-0.085827
-0.46242
-0.087955
0.049047
-0.20882
0.2912
-0.28095
-0.40978
-0.6409
-0.19824
-0.11183
0.15397
-0.014362
0.24239
0.96058
-0.20817
-0.44953
0.1032
-0.0060938
-0.025995
0.11985
0.07627
-0.46123
-0.19299
-0.063392
-0.29917
-0.047017
-0.065425
0.033578
0.61188
-0.65299
-0.40954
0.18212
-0.164
0.10005
-0.001125
0.21658
-0.36193
0.39225
0.02757
-0.22047
-0.1274
0.11572
-0.14226
0.13118
-0.84524
-0.31139
0.15131
-0.31186
0.071105
0.11639
0.17842
-0.20116
0.81968
0.045973
-0.35714
-0.055631
0.12961
-0.48846
-0.042229
-0.74989
-0.037115
0.19109
-0.37165
-0.18104
0.18784
-0.040951
0.055996
0.81044
-0.016547
-0.37148
0.020303
-0.061249
-0.62989
-0.065546
-0.40306
0.063149
0.2995
-0.40243
-0.14662
0.1714
-0.17903
0.17716
0.56439
-0.16884
-0.22637
-0.026702
-0.25638
-0.43255
-0.10091
0.3176
-0.090476
0.2628
-0.43263
-0.121
0.17524
-0.23228
0.0078262
0.45489
-0.21921
0.040903
-0.092448
-0.37189
-0.11064
0.010847
0.67016
-0.074904
0.11788
-0.28241
-0.2859
0.084478
-0.15843
-0.066612
0.42242
-0.11523
0.33217
-0.20175
-0.36994
0.50023
0.059471
0.70711
-0.10689
-0.11051
-0.18065
-0.40359
-0.1479
-0.0015368
-0.14683
0.31784
-0.090419
0.44645
-0.29351
-0.25229
1.0007
-0.075525
0.48175
-0.18087
-0.18801
-0.23412
-0.38431
-0.20887
0.1038
-0.27532
0.15909
-0.099327
0.44159
-0.28585
-0.175
0.72119
-0.13475
0.26912
-0.069362
-0.38552
-0.16695
0.92587
-0.1698
0.098672
0.22255
-0.13712
0.10084
0.010884
-0.22545
0.05121
0.26319
-0.03271
-0.018073
0.09831
-0.39331
-0.24425
1.1069
-0.46333
-0.014204
0.20633
-0.19329
0.076667
0.11959
-0.35788
0.033929
0.13059
0.051172
-0.0014379
0.20004
-0.26816
-0.070093
0.7957
-0.79862
0.017934
0.34636
-0.30757
-0.034035
0.18023
-0.20921
-0.11447
0.0019803
-0.11665
-0.051197
0.035162
0.038351
0.193
0.3758
-0.65469
-0.006778
0.34053
-0.25893
0.11206
0.11781
0.11455
-0.10491
-0.013484
-0.49524
0.048098
-0.030631
0.29836
0.48307
-0.052512
-0.22741
-0.17188
0.26616
-0.37964
0.12972
0.09529
0.25494
-0.066893
-0.049634
-0.66324
0.016631
-0.17171
0.084267
0.4367
-0.378
0.030636
-0.2993
0.085852
-0.5475
0.13087
0.15025
0.041699
0.084427
-0.018184
-0.51254
-0.02066
-0.34423
-0.23028
0.20172
-0.34146
0.27204
-0.35845
-0.1848
-0.64571
-0.031089
0.012479
0.018336
0.059593
0.14759
-0.0041861
-0.048022
-0.3768
-0.24325
0.14554
-0.28295
0.36173
-0.28629
-0.39941
-0.61505
-0.29603
-0.061279
0.24427
-0.0068423
0.27589
0.58062
-0.0017192
-0.47971
-0.10018
0.22878
-0.20765
0.28931
0.075238
-0.48339
-0.43779
-0.31024
-0.26068
0.25768
0.060136
0.29465
0.9013
-0.17507
-0.41946
0.14637
0.18817
-0.043324
0.1492
0.28255
-0.42508
-0.072387
-0.18074
-0.39522
0.064181
0.0037757
0.24186
0.56918
-0.61387
-0.1886
0.26338
0.072481
0.10536
-0.013407
0.20579
-0.28584
0.40077
-0.011321
-0.30642
-0.1418
0.16126
0.14222
0.067855
-0.87945
0.040227
0.20338
-0.10596
0.1503
0.063775
0.064798
-0.22675
0.7156
0.03848
-0.41934
-0.14758
0.15049
-0.27279
-0.13904
-0.66736
0.28042
0.29491
-0.24358
-0.049587
0.15992
-0.11666
0.022226
0.66141
0.029474
-0.4161
-0.017212
-0.07301
-0.70723
-0.11768
-0.2193
0.43254
0.36466
-0.28182
-0.13705
0.20094
-0.25341
0.11872
0.47903
-0.074872
-0.22701
-0.0093296
-0.32037
-0.60994
-0.068073
0.37159
0.17288
0.19314
-0.32251
-0.21392
0.13623
-0.31943
-0.093267
0.43121
-0.090556
0.076214
-0.094335
-0.4668
-0.3173
0.04859
0.78262
-0.019557
-0.040404
-0.29756
-0.31587
0.073915
-0.22924
-0.20053
0.45576
-0.03094
0.46797
-0.31368
-0.39992
0.22724
0.12677
0.8355
-0.055923
-0.22821
-0.23822
-0.32833
-0.052682
0.014282
-0.29178
0.33785
-0.10235
0.704
-0.37425
-0.11095
0.84853
0.05167
0.48464
-0.089924
-0.27553
-0.28717
-0.1583
-0.13145
0.058349
-0.40205
0.17736
-0.12946
0.6293
-0.30328
-0.11939
0.60799
0.024718
0.19189
-0.025114
-0.36323
-0.28155
0.81893
-0.23908
-0.15424
0.028075
-0.067868
0.056445
-0.022569
-0.18452
-0.11757
0.38514
-0.022638
-0.07223
-0.1283
-0.36791
-0.45116
1.1359
-0.55756
-0.15152
0.088782
-0.068019
0.038767
0.17691
-0.23658
-0.1107
0.34361
0.022509
-0.086289
-0.041749
-0.27423
-0.30013
0.89555
-0.95536
-0.015444
0.29765
-0.20612
-0.14645
0.21167
-0.051637
-0.11614
0.037905
-0.068527
-0.11587
-0.0069275
-0.081485
0.10671
0.4437
-0.72269
-0.041444
0.39758
-0.20366
-0.022777
0.10632
0.24837
-0.018822
-0.12047
-0.4069
-0.062627
-0.032804
0.16519
0.53602
0.035809
-0.18426
-0.30629
0.36942
-0.32161
0.010284
0.081282
0.21341
0.085435
-0.083382
-0.74744
-0.10439
-0.19319
0.047769
0.5763
-0.19776
0.21216
-0.43927
0.23378
-0.37864
-0.058177
0.10208
0.046294
0.18975
-0.039477
-0.73198
-0.10406
-0.47872
-0.11294
0.35254
-0.20891
0.51612
-0.31476
-0.10774
-0.48388
-0.11798
-0.055275
0.04213
0.081544
-0.035556
-0.17988
0.0054552
-0.5563
-0.14872
0.16939
-0.22175
0.44755
0.03904
-0.35715
-0.46515
-0.28524
-0.20985
0.26207
-0.0054099
0.14269
0.36803
0.043027
-0.59595
-0.15817
0.15037
-0.18498
0.17853
0.43215
-0.42997
-0.23843
-0.29001
-0.32373
0.26075
0.12149
0.30304
0.75359
-0.21789
-0.49096
-0.0093927
0.16168
-0.035739
0.031992
0.42223
-0.28657
0.024866
-0.18602
-0.3716
0.026781
0.065326
0.37059
0.53672
-0.64848
-0.059279
0.16868
0.17815
0.13333
-0.10787
0.11162
-0.24549
0.25828
-0.012112
-0.39112
-0.20853
0.068536
0.21266
0.062258
-0.91551
0.19125
0.21587
0.088545
0.21445
-0.080496
-0.12414
-0.25005
0.44913
0.15149
-0.56951
-0.18884
-0.042361
-0.14843
-0.14565
-0.47471
0.34182
0.33638
0.040962
0.10274
0.1039
-0.31357
-0.023805
0.55072
0.13977
-0.56848
-0.088417
-0.26948
-0.66652
-0.076629
0.14685
0.50186
0.31969
-0.077509
0.0033793
0.1432
-0.38897
0.015664
0.38688
0.055758
-0.3957
-0.070177
-0.45235
-0.75771
0.053719
0.65628
0.21698
0.11945
-0.15756
-0.11909
0.096405
-0.35176
-0.27285
0.21331
0.15762
-0.056913
-0.020035
-0.54054
-0.52039
0.17923
0.98687
-0.039202
-0.15318
-0.27699
-0.32556
0.1389
-0.33951
-0.39322
0.28691
0.14561
0.45851
-0.20541
-0.30847
0.0050928
0.21324
0.81093
-0.005273
-0.39232
-0.25023
-0.21775
0.1461
-0.10782
-0.39119
0.23023
-0.047746
0.73469
-0.2307
0.09159
0.61819
0.13616
0.29466
0.021083
-0.4446
-0.25802
-0.11761
-0.086091
-0.03517
-0.39223
-0.0089322
-0.10996
0.71507
-0.026198
0.18224
0.55862
0.15976
-0.066389
0.018607
-0.1645
-0.41852
0.73585
-0.21447
-0.13289
-0.17322
-0.14407
-0.18331
0.025036
-0.14701
-0.081613
0.1698
-0.06447
-0.14192
-0.27699
-0.14077
-0.4937
0.96511
-0.72022
-0.11087
-0.16118
-0.089811
-0.2085
0.18908
-0.25773
-0.14529
0.19219
-0.059482
-0.1033
-0.081664
-0.20759
-0.2239
0.68487
-1.0815
-0.033263
0.12709
-0.20182
-0.24914
0.16485
-0.030802
-0.10742
-0.01123
-0.1684
-0.13089
0.1019
-0.20422
0.12844
0.34526
-0.81246
-0.24555
0.63781
-0.21609
-0.10753
0.19267
0.29636
-0.020567
-0.15725
-0.38812
-0.21029
-0.027801
-0.020256
0.43277
0.038013
-0.2191
-0.42
0.70257
-0.28334
-0.069272
0.20654
0.21616
0.072806
-0.1527
-0.67974
-0.17164
-0.33695
0.0060822
0.58167
-0.10142
0.31926
-0.32967
0.38346
-0.33049
-0.19343
0.15332
0.075974
0.16031
-0.20458
-0.68418
0.014054
-0.60396
-0.075726
0.5059
-0.20392
0.62559
0.055322
0.027346
-0.4267
-0.14572
0.053583
0.033783
0.067816
-0.28923
-0.23797
0.13962
-0.63957
-0.15601
0.30981
-0.23709
0.43342
0.49928
-0.19261
-0.39764
-0.1291
-0.11306
-0.0050046
0.0050869
-0.13846
0.28186
0.075651
-0.54902
-0.30597
0.17317
-0.15078
0.070169
0.7133
-0.31629
-0.17017
-0.2698
-0.26962
-0.030528
0.05041
0.17784
0.68733
-0.23082
-0.38243
-0.19305
0.15559
-0.0022075
-0.018402
0.43316
-0.23243
0.039664
-0.29139
-0.31102
-0.20627
-0.006849
0.35687
0.58632
-0.58967
-0.051016
0.092302
0.083579
0.084758
-0.14945
0.019804
-0.28308
0.1581
-0.058552
-0.47234
-0.33281
-0.14768
0.22578
0.13894
-0.82765
0.18316
0.22234
0.019442
0.1446
-0.19248
-0.30635
-0.30783
0.26034
0.28615
-0.62598
-0.20165
-0.2614
-0.15306
-0.11479
-0.40581
0.24138
0.27421
-0.047814
0.2606
0.050733
-0.54102
-0.038295
0.37881
0.36706
-0.60717
-0.17786
-0.38484
-0.60097
-0.09356
0.16902
0.32086
0.23758
-0.11146
0.2107
0.043958
-0.45702
0.025956
0.16145
0.3129
-0.43914
-0.19302
-0.52184
-0.84817
0.14245
0.67455
0.14939
0.092128
-0.18821
0.0012335
0.091616
-0.31984
-0.12045
-0.02139
0.25875
-0.11301
-0.13366
-0.4336
-0.75878
0.31452
0.97216
-0.01028
-0.16423
-0.3169
-0.14027
0.22935
-0.39132
-0.30054
0.11137
0.16577
0.31007
-0.15735
0.0010587
-0.39709
0.25048
0.61198
-0.056791
-0.47432
-0.29206
-0.10219
0.15769
-0.35661
-0.36681
0.23221
0.033894
0.62767
-0.15103
0.43212
0.13337
0.094446
0.14625
-0.09656
-0.52089
-0.20248
-0.033252
-0.04551
-0.28012
-0.3455
0.044842
0.0041306
0.62334
0.015016
0.53385
0.16854
0.068764
-0.074002
-0.15963
-0.012319
-0.3545
0.855
-0.30298
0.091818
-0.17892
-0.27656
-0.193
0.021685
-0.17847
0.005543
-0.027191
0.0072284
-0.10135
-0.19633
0.035093
-0.29116
0.97752
-0.73203
0.0064447
0.0005755
-0.27615
-0.28881
0.13291
-0.27068
-0.044298
-0.022653
-0.0053475
-0.014738
-0.043337
-0.18091
-0.0050536
0.60099
-1.0184
-0.08802
0.30679
-0.3161
-0.3034
0.059456
-0.060775
-0.0082854
-0.17194
-0.16186
-0.11132
0.071758
-0.22021
0.13061
0.1282
-0.72885
-0.4308
0.66669
-0.31244
-0.15054
0.088585
0.15679
0.011981
-0.27452
-0.42611
-0.27081
-0.12317
-0.060885
0.32472
-0.014675
-0.096321
-0.5322
0.78384
-0.27594
-0.05312
0.090996
0.11406
0.072317
-0.26107
-0.64463
-0.11682
-0.55568
-0.0070733
0.57321
0.028679
0.43839
-0.21473
0.41511
-0.3621
-0.25957
0.019887
0.022101
0.1507
-0.30014
-0.5913
0.075077
-0.78371
-0.12272
0.61944
-0.14775
0.63811
0.24594
0.11842
-0.48477
-0.2837
-0.00034859
-0.14373
0.14438
-0.39563
-0.25192
0.083997
-0.60347
-0.22571
0.4285
-0.27892
0.37493
0.63248
0.082733
-0.48136
-0.24267
-0.068237
-0.17907
0.0015054
-0.38899
0.1582
-0.0221
-0.34282
-0.31623
0.39739
-0.16388
0.093576
0.71649
-0.13829
-0.32599
-0.31347
-0.21717
-0.11313
-0.1363
-0.18481
0.51741
-0.18979
-0.16787
-0.076449
0.36105
-0.0091328
-0.014794
0.39612
-0.29739
-0.023711
-0.26931
-0.37862
-0.23122
-0.1946
0.10949
0.59499
-0.42563
0.082521
0.17865
0.20474
0.031169
-0.16491
0.11956
-0.37721
0.17472
0.058202
-0.47734
-0.21876
-0.2403
0.22099
0.38673
-0.60472
0.27021
0.21176
0.029994
0.013902
-0.21838
-0.21701
-0.30549
0.12544
0.47374
-0.46713
-0.19632
-0.30129
0.014338
0.17897
-0.37991
0.3145
0.26749
-0.15354
0.1963
0.076559
-0.58018
-0.050611
0.013254
0.67266
-0.53181
-0.26382
-0.47088
-0.40298
0.082617
0.086543
0.1691
0.18281
-0.28113
0.10634
0.090104
-0.52376
-0.01889
-0.10648
0.65633
-0.54527
-0.24984
-0.48888
-0.67903
0.18005
0.48399
0.095815
0.076097
-0.34953
-0.0030759
-0.046496
-0.33106
-0.018742
-0.11634
0.38712
-0.24521
-0.30986
-0.066212
-0.71528
0.30859
0.639
0.054097
-0.15904
-0.36587
0.031152
0.023639
-0.35907
-0.29646
-0.024292
0.18359
0.20662
-0.42765
0.22887
-0.59769
0.22951
0.45224
-0.0021565
-0.35975
-0.28971
-0.040955
0.17475
-0.32028
-0.51881
0.134
0.071981
0.55291
-0.38262
0.50253
-0.28893
-0.0020439
0.21737
-0.004866
-0.37811
-0.16677
-0.12374
0.11887
-0.2164
-0.45169
0.16653
0.12366
0.48187
-0.0957
0.58648
-0.16564
-0.065188
0.13173
-0.051918
0.018449
-0.24317
0.77059
-0.49965
0.075629
-0.13735
-0.1368
-0.079182
0.058615
-0.29143
-0.0017256
-0.019741
0.025479
-0.11699
0.0037204
0.041909
-0.18228
0.83506
-0.79838
0.047479
0.12009
-0.10604
-0.19778
0.070725
-0.11476
0.084179
-0.080517
-0.016656
-0.013861
0.037001
-0.16088
-0.024256
0.53998
-0.79101
0.022308
0.5947
-0.063266
-0.17237
0.054657
0.13377
0.17971
-0.231
-0.046395
-0.049441
-0.085208
-0.17692
-0.014426
0.034623
-0.48725
-0.26622
0.79512
-0.032353
-0.087956
0.10657
0.20569
0.18015
-0.35334
-0.31013
-0.18278
-0.32853
-0.095091
0.14388
-0.068498
0.032073
-0.3216
0.80804
0.0098824
-0.079882
0.070921
0.14027
0.074103
-0.32279
-0.64572
-0.10587
-0.72286
-0.049724
0.50648
0.063921
0.53928
0.081942
0.57409
-0.11098
-0.30283
-0.058033
-0.010949
0.076173
-0.31001
-0.62946
-0.0093255
-0.81438
-0.16365
0.51156
-0.095446
0.62917
0.39518
0.31951
-0.23039
-0.35847
-0.21441
-0.23117
0.18267
-0.26463
-0.36151
-0.017179
-0.45842
-0.27668
0.38199
-0.14604
0.43917
0.55137
0.2505
-0.32863
-0.29738
-0.19876
-0.16686
-0.011171
-0.31459
-0.029914
-0.081873
-0.11009
-0.1974
0.43842
-0.10702
0.16838
0.57705
-0.01942
-0.39432
-0.34246
-0.18564
-0.12313
-0.32497
-0.43547
0.32464
-0.10423
0.051096
-0.0015047
0.44185
-0.042848
-0.03597
0.37621
-0.21167
-0.02793
-0.29307
-0.29213
-0.22203
-0.29673
-0.24276
0.59897
-0.16112
0.25823
0.23121
0.3898
0.058283
-0.10479
0.1015
-0.3171
0.1952
0.015019
-0.33755
-0.11016
-0.25602
0.075552
0.60892
-0.25956
0.38358
0.25224
0.18008
0.024096
-0.17463
-0.23647
-0.35928
0.099642
0.43554
-0.3096
-0.12108
-0.48136
0.023645
0.40862
-0.32847
0.20015
0.29157
-0.15051
0.10168
-0.058972
-0.5902
-0.22389
-0.13511
0.80978
-0.38212
-0.22041
-0.56669
-0.25305
0.26056
-0.025051
0.012696
0.19174
-0.29526
0.049424
-0.0814
-0.50456
-0.078313
-0.19402
0.91409
-0.51943
-0.21965
-0.18604
-0.38701
0.23882
0.2252
0.012484
-0.041435
-0.36539
-0.03946
-0.14786
-0.24504
-0.10979
-0.18261
0.50501
-0.28443
-0.39595
0.29366
-0.51469
0.28955
0.31141
-0.026108
-0.33433
-0.37298
0.091672
-0.069792
-0.20679
-0.38368
-0.2279
0.13157
0.14226
-0.64488
0.51531
-0.59713
0.1926
0.30322
0.035723
-0.43307
-0.29504
-0.039936
0.13496
-0.078111
-0.56247
-0.099831
-0.025316
0.5113
-0.54118
0.66961
-0.42675
-0.091795
0.20499
0.12776
-0.36672
-0.21195
-0.33936
0.13737
0.12316
-0.40392
-0.0521
-0.010682
0.49726
-0.13829
0.56578
-0.31126
-0.19684
0.15638
0.047258
0.025651
-0.29316
0.57882
-0.49179
-0.078156
-0.26085
-0.043975
-0.018695
0.0017751
-0.20683
-0.070498
0.076195
-0.12494
-0.12699
-0.048591
0.084234
-0.31753
0.51626
-0.62507
-0.11191
-0.069781
0.015914
0.032797
0.013097
0.080892
0.088691
0.012797
-0.15252
-0.034599
0.041741
-0.12211
-0.21806
0.36533
-0.57276
-0.070192
0.40808
0.1229
0.074994
0.065519
0.35472
0.20963
0.050283
-0.0063216
0.0098948
-0.17837
-0.20895
-0.24675
-0.051534
-0.24426
-0.17636
0.73464
0.24957
-0.029182
0.15812
0.38449
0.14445
-0.010637
-0.2517
-0.046456
-0.46554
-0.11934
-0.13354
-0.13003
0.2086
-0.090896
0.91776
0.23757
-0.18589
0.14854
0.26156
-0.021102
-0.054185
-0.57023
-0.092958
-0.77997
-0.027578
0.23373
-0.058297
0.58368
0.21652
0.81419
0.081814
-0.32628
0.018189
0.03946
0.061012
-0.17432
-0.64131
-0.1195
-0.75778
-0.20927
0.38187
-0.05622
0.61479
0.40621
0.55833
-0.093628
-0.29733
-0.16336
-0.18338
0.21228
-0.22361
-0.46067
-0.060715
-0.30809
-0.28804
0.3252
-0.020784
0.42126
0.53609
0.35255
-0.26124
-0.23557
-0.13107
-0.16524
0.024113
-0.27675
-0.15519
-0.065749
0.19526
-0.25437
0.295
-0.050313
0.1414
0.53811
-0.037186
-0.39397
-0.41503
-0.022393
-0.19331
-0.24662
-0.47053
0.17075
-0.1042
0.34963
-0.058484
0.25711
-0.12245
-0.061412
0.28563
-0.21423
-0.14027
-0.36292
-0.085869
-0.31282
-0.3838
-0.36733
0.48887
-0.18608
0.48035
0.19372
0.26516
-0.16991
-0.014121
0.013324
-0.20233
0.032006
-0.085266
-0.15054
-0.27669
-0.48125
-0.10763
0.42387
-0.17608
0.51178
0.37356
0.13052
-0.15898
0.00081884
-0.28579
-0.39216
-0.046455
0.27579
-0.16106
-0.20475
-0.70032
-0.051245
0.22823
-0.25756
0.17178
0.393
-0.10329
-0.083829
-0.1341
-0.62003
-0.33289
-0.22287
0.8993
-0.11206
-0.094113
-0.53255
-0.038742
0.18383
-0.1568
-0.027249
0.17528
-0.21833
0.01439
-0.26378
-0.51575
-0.073128
-0.14355
1.157
-0.22139
-0.12418
0.027876
-0.10467
0.249
0.041543
-0.045091
-0.080119
-0.30693
-0.030473
-0.25412
-0.25228
-0.062507
-0.11771
0.73988
-0.1716
-0.42295
0.51449
-0.31686
0.31529
0.21925
-0.11685
-0.36332
-0.30491
0.0062488
-0.042807
-0.13538
-0.32093
-0.1257
0.30925
0.13061
-0.57518
0.76208
-0.43705
0.28158
0.35527
0.023364
-0.52262
-0.26804
-0.076672
0.2126
0.013597
-0.50295
-0.068059
0.057269
0.47107
-0.40698
0.70825
-0.40498
0.080957
0.22622
0.15494
-0.3956
-0.18404
-0.24676
0.14551
0.22461
-0.36421
-0.14814
0.010612
0.45514
-0.12731
0.38564
-0.37251
-0.073632
0.19214
0.04846
-0.064389
-0.36564
0.44422
-0.38812
-0.42395
-0.33002
0.060581
-0.0053269
-0.15018
0.025448
-0.11412
0.045599
-0.13703
-0.21054
-0.20401
-0.037147
-0.44555
0.4568
-0.46023
-0.34183
-0.25493
0.093073
0.11416
-0.10071
0.27514
0.12839
0.083592
-0.095159
-0.14905
-0.15528
-0.15723
-0.34821
0.2877
-0.39586
-0.24602
0.15343
0.21834
0.10987
-0.12264
0.51928
0.15245
0.16931
0.026618
-0.13449
-0.29124
-0.22018
-0.3204
-0.11923
0.029047
-0.22213
0.65797
0.3639
-0.11288
-0.11393
0.6419
0.033226
0.1736
-0.22181
-0.18345
-0.51904
-0.21979
-0.34236
-0.29047
0.42023
-0.023974
0.97542
0.30863
-0.1386
0.045253
0.40046
-0.038052
0.26983
-0.60754
-0.16726
-0.5762
-0.208
-0.18754
-0.18638
0.70331
0.14905
0.97977
-0.021055
-0.094812
0.034175
0.11344
0.11685
0.11832
-0.7762
-0.20513
-0.48446
-0.23832
0.13758
-0.084696
0.64944
0.24152
0.72244
-0.28086
-0.16398
-0.033213
-0.11461
0.23732
-0.17972
-0.55151
-0.19475
0.015454
-0.2349
0.32736
-0.15146
0.40561
0.37909
0.3852
-0.34661
-0.39184
-0.0052852
-0.17165
0.092871
-0.22791
-0.2193
-0.22088
0.54637
-0.24921
0.32574
-0.13085
0.03326
0.39856
-0.054246
-0.28436
-0.71323
0.059638
-0.22198
-0.094881
-0.20544
0.10909
-0.18832
0.65479
-0.13893
0.29001
-0.13657
-0.13894
0.16008
-0.19244
-0.096347
-0.69486
0.11979
-0.2993
-0.34502
-0.21405
0.28069
-0.20669
0.66755
0.20379
0.24896
-0.28851
0.02594
-0.045936
-0.087221
-0.066486
-0.41174
0.10669
-0.26905
-0.66596
-0.098199
0.13681
-0.22117
0.52974
0.60016
0.027734
-0.3222
0.082785
-0.24291
-0.18154
-0.19492
-0.0067274
0.011018
-0.1851
-0.69023
0.10623
-0.072687
-0.19988
0.21317
0.69178
-0.19291
-0.22032
-0.051108
-0.48293
-0.21391
-0.32428
0.60954
-0.12584
-0.077518
-0.32069
0.17629
-0.045241
-0.13984
0.026117
0.27687
-0.32143
-0.089028
-0.13736
-0.44358
-0.10327
-0.18759
0.91395
-0.32377
-0.13524
0.15202
0.074557
0.1615
-0.025881
-0.067098
-0.0067795
-0.36259
-0.044655
-0.16804
-0.16592
-0.082768
0.067132
0.61373
-0.31858
-0.28402
0.60324
-0.15568
0.34076
0.22446
-0.14868
-0.20829
-0.36341
-0.089163
-0.039873
0.11755
-0.2739
0.21466
0.27892
0.053927
-0.32872
0.83802
-0.28453
0.36081
0.3602
0.026571
-0.40549
-0.27671
-0.20381
0.15963
0.23585
-0.44788
0.29955
0.050173
0.44935
-0.25067
0.6545
-0.32184
0.26098
0.25974
0.18271
-0.2581
-0.14174
-0.2099
0.074497
0.19685
-0.32738
0.023207
-0.013289
0.43799
-0.025924
0.31788
-0.31358
0.061276
0.24886
0.11486
-0.23602
-0.21138
0.32768
-0.24211
-0.49841
-0.30664
-0.05483
0.039429
-0.11285
0.095335
-0.13692
0.010288
0.00011773
-0.27348
-0.20031
-0.18585
-0.3403
0.55697
-0.34234
-0.27518
-0.24357
0.10451
0.138
-0.12457
0.43027
0.08726
0.14815
0.015126
-0.22528
-0.26377
-0.17485
-0.3196
0.35237
-0.23803
-0.15319
0.058301
0.27354
0.15255
-0.11553
0.79043
0.13155
0.16797
0.087732
-0.13066
-0.47788
-0.2949
-0.36264
-0.13948
0.13664
-0.10533
0.38678
0.35348
-0.045699
-0.029969
0.81957
0.12441
0.15932
-0.15333
-0.20356
-0.55746
-0.37016
-0.4653
-0.41053
0.43976
0.098438
0.70624
0.19021
0.060636
0.032694
0.43786
0.1317
0.26513
-0.59539
-0.22642
-0.41463
-0.26434
-0.43142
-0.35835
0.67304
0.14778
0.86132
-0.20579
0.15906
-0.057807
0.066205
0.17948
0.21812
-0.89941
-0.19211
-0.21575
-0.21344
-0.017566
-0.1129
0.60598
0.14255
0.7994
-0.42671
0.030245
-0.080703
-0.15299
0.14276
0.14389
-0.63559
-0.23111
0.24777
-0.19839
0.34203
-0.14423
0.32429
0.31063
0.42561
-0.48017
-0.28487
-0.15751
-0.25888
-0.096898
0.074512
-0.25707
-0.26174
0.74448
-0.27166
0.43871
-0.088558
0.043167
0.19991
-0.10503
-0.27896
-0.68821
-0.056854
-0.24488
-0.28439
0.035264
0.04034
-0.030094
0.74703
-0.085804
0.53338
-0.050687
-0.056753
-0.041688
-0.31056
-0.040943
-0.90799
-0.028394
-0.24331
-0.46405
-0.033661
0.20939
-0.0060921
0.47444
0.28683
0.49871
-0.23229
0.026017
-0.23519
-0.20967
0.041211
-0.7385
0.0010339
-0.14043
-0.5915
0.065334
0.11087
-0.10865
0.18949
0.6682
0.3152
-0.24854
-0.016992
-0.37987
0.012901
0.0028378
-0.26307
-0.13162
-0.040769
-0.41132
0.35447
-0.10849
-0.13338
0.042756
0.90589
-0.062361
-0.23792
-0.13083
-0.42991
0.021466
-0.26138
0.19125
-0.52541
-0.086826
-0.078619
0.37132
-0.22084
-0.017257
0.03148
0.52672
-0.35925
-0.18499
-0.036592
-0.3742
-0.060953
-0.21962
0.44395
-0.84589
-0.11616
0.20707
0.11647
-0.094277
0.016991
-0.036748
0.068641
-0.4622
-0.096385
-0.069771
-0.042831
-0.031586
-0.042757
0.36629
-0.61962
-0.13325
0.6618
-0.17245
0.11674
0.18529
-0.04244
-0.15433
-0.40555
-0.22681
-0.10237
0.42167
-0.18631
0.061033
0.27686
-0.075596
-0.20193
0.82347
-0.28648
0.1445
0.29022
-0.012993
-0.27555
-0.25867
-0.36878
-0.036614
0.44322
-0.37744
0.17843
0.17594
0.37525
-0.23194
0.54939
-0.23512
0.022825
0.15425
0.041232
-0.2277
-0.099033
-0.34275
-0.14145
0.16438
-0.35613
0.072076
-0.057947
0.45555
-0.023267
0.31404
-0.10952
-0.05981
0.23236
-0.018276
-0.089511
0.036005
0.33778
-0.23732
-0.13737
-0.38252
0.014036
0.16582
-0.11004
0.19065
-0.045116
0.15597
0.15976
-0.16803
-0.17946
-0.065085
-0.20107
0.61248
-0.16363
0.024617
-0.43446
0.17634
0.1158
-0.19255
0.57828
-0.079741
0.18693
0.054389
-0.16939
-0.41456
-0.070866
-0.38897
0.33363
0.069199
0.10962
-0.2947
0.28017
0.041885
-0.018398
0.88079
-0.077514
0.19893
0.048821
-0.15933
-0.69146
-0.2189
-0.57876
-0.13845
0.24521
0.002889
0.01851
0.18718
0.019842
0.19215
0.72132
0.051778
0.12113
-0.054582
-0.20732
-0.56798
-0.35949
-0.65348
-0.38252
0.38111
0.075593
0.37301
-0.037526
0.17988
0.19544
0.29813
0.26856
0.06834
-0.40049
-0.19584
-0.17637
-0.2008
-0.52662
-0.40845
0.63703
0.10417
0.54329
-0.28494
0.30733
-0.076072
-0.036169
0.18927
0.15853
-0.71719
-0.15884
0.071558
-0.16907
-0.14724
-0.12401
0.5574
0.1495
0.64839
-0.50684
0.20811
-0.26809
-0.3349
-0.085748
0.42608
-0.57845
-0.14747
0.41204
-0.36025
0.25154
-0.047878
0.30793
0.35284
0.38309
-0.53167
-0.02499
-0.31623
-0.49938
-0.29315
0.41628
-0.27634
-0.089731
0.70451
-0.46808
0.4968
-0.056186
0.049269
0.21037
-0.052647
-0.18426
-0.46845
-0.27746
-0.4165
-0.44114
0.15678
0.014854
0.066087
0.67961
-0.12922
0.65587
-0.13253
-0.11084
-0.12551
-0.31517
0.13551
-0.75901
-0.19678
-0.33169
-0.49241
0.043376
0.25763
0.051293
0.29982
0.3515
0.63702
-0.11611
-0.032988
-0.39015
-0.30077
0.19233
-0.71908
-0.14061
-0.15282
-0.35582
0.23971
0.24746
-0.16563
-0.0087187
0.71014
0.4903
-0.02484
-0.1294
-0.54213
-0.052123
0.096926
-0.41637
-0.29285
-0.087878
-0.1366
0.4775
0.03519
-0.24834
-0.031855
0.98439
0.14177
-0.014926
-0.22046
-0.44205
0.059906
-0.19091
0.034644
-0.77544
-0.10555
-0.036682
0.3848
-0.097203
-0.073841
-0.048605
0.74089
-0.25567
-0.080815
-0.092348
-0.2494
0.071103
-0.29518
0.316
-1.0563
0.052423
0.1386
0.062527
-0.093907
0.11104
-0.10779
0.2843
-0.36959
-0.12953
-0.026017
0.22871
0.068812
-0.28262
0.38364
-0.76574
0.0053575
0.61213
-0.25339
-0.0071397
0.27022
-0.028527
0.010351
-0.2902
-0.26561
-0.16778
0.67637
-0.028084
-0.27897
0.49543
-0.13119
-0.21067
0.74806
-0.30079
-0.023709
0.22502
-0.065554
-0.029946
-0.12636
-0.38519
-0.1164
0.573
-0.28322
-0.24219
0.43768
0.36157
-0.26878
0.38408
-0.1294
-0.08784
0.049394
-0.09692
-0.009461
-0.030601
-0.31908
-0.20501
0.29005
-0.39548
-0.16507
0.089063
0.35869
-0.20426
0.13563
0.00015348
-0.10932
0.13911
-0.10102
-0.067603
0.081417
0.42534
-0.2263
0.071907
-0.27596
0.17634
0.14894
-0.029022
0.43934
0.054704
0.17458
0.20045
0.033826
-0.3254
-0.16678
-0.22888
0.61891
-0.17311
0.091738
-0.40652
0.20359
0.055381
-0.074368
0.85257
-0.1309
0.079913
0.0078982
0.002027
-0.51334
-0.1913
-0.37186
0.33536
0.13528
0.13268
-0.37903
0.1538
-0.014566
0.11618
1.0484
-0.27717
-0.078603
-0.034272
-0.089738
-0.47819
-0.18465
-0.44418
-0.05271
0.26005
-0.059919
-0.12933
0.067442
0.12247
0.27614
0.67733
-0.20541
-0.21706
-0.095903
-0.22899
-0.34889
-0.22475
-0.53785
-0.28163
0.34925
-0.21032
0.27564
-0.096255
0.29205
0.24084
0.29143
0.046851
-0.23307
-0.29898
-0.33327
-0.093535
-0.10836
-0.57606
-0.49069
0.49831
-0.15734
0.30885
-0.30477
0.37063
-0.096037
-0.0095549
-0.093701
-0.048971
-0.47193
-0.36816
0.23225
-0.15399
-0.40022
-0.3034
0.43605
0.054663
0.32124
-0.43979
0.35752
-0.32097
-0.35111
-0.38394
0.3338
-0.34463
-0.25487
0.43922
-0.42605
0.049441
-0.12312
0.22256
0.29361
0.27092
-0.43813
0.14225
-0.40696
-0.55411
-0.38228
0.51339
-0.14568
-0.04278
0.61656
-0.642
0.48674
-0.090219
-0.072391
0.26297
0.11629
-0.092415
-0.34002
-0.42521
-0.53853
-0.45229
0.28744
0.124
0.061826
0.64229
-0.34893
0.63308
-0.14481
-0.24266
-0.12667
-0.039522
0.16989
-0.60338
-0.319
-0.44897
-0.48032
0.084581
0.37373
0.01062
0.27476
0.20492
0.56623
-0.082723
-0.15985
-0.48601
-0.17857
0.13473
-0.61037
-0.19233
-0.27773
-0.19481
0.19764
0.31271
-0.14876
0.090395
0.69573
0.51454
-0.055333
-0.11421
-0.60395
-0.19135
-0.029647
-0.489
-0.31043
-0.25931
0.039537
0.29689
0.092194
-0.24787
0.045602
1.0434
0.23998
-0.0020289
-0.16882
-0.48045
-0.043556
-0.25752
-0.14534
-0.67136
-0.17852
0.16213
0.27326
0.0085887
-0.059277
-0.02878
0.99074
-0.1041
0.024627
0.007422
-0.027233
0.072447
-0.31897
0.31199
-0.86605
0.16709
0.29643
0.095707
0.093297
0.25137
-0.013082
0.54605
-0.23457
-0.11917
0.066033
0.56695
0.069498
-0.38373
0.47701
-0.62578
0.13862
0.40639
-0.079178
0.074426
0.40759
0.083818
0.26853
-0.13551
-0.33962
-0.16956
0.69273
-0.13261
-0.41515
0.59921
-0.065352
-0.11286
0.3059
-0.03057
0.073842
0.28633
-0.0029201
0.1703
-0.023102
-0.33398
-0.20256
0.60176
-0.31879
-0.35413
0.63942
0.41129
-0.1051
0.031843
0.051081
0.041816
-0.0078854
-0.066552
0.11692
0.078703
-0.19148
-0.14751
0.44413
-0.36686
-0.30412
0.38381
0.33655
-0.10978
-0.027592
0.055507
0.047471
0.018465
-0.011543
-0.029084
-0.053906
0.43311
-0.26216
0.19634
-0.21508
0.22093
-0.10566
0.047417
0.44294
0.14874
0.046224
0.059097
0.1628
-0.42556
-0.29946
-0.17525
0.64252
-0.2792
0.22249
-0.35734
0.068749
-0.18947
0.14171
0.94952
-0.098628
-0.12327
-0.11454
0.17802
-0.55981
-0.39186
-0.070218
0.35293
0.033822
0.16724
-0.34694
-0.14452
-0.066139
0.32286
1.068
-0.31482
-0.38258
-0.15755
0.049207
-0.44673
-0.22067
-0.022233
-0.13636
0.12648
-0.088637
-0.16324
-0.060686
0.14663
0.42943
0.70704
-0.28099
-0.44508
-0.16928
-0.21277
-0.33028
-0.075249
-0.24384
-0.37882
0.32533
-0.35181
0.038825
-0.11963
0.25037
0.37949
0.40924
-0.22927
-0.42788
-0.22403
-0.42662
-0.15684
-0.093336
-0.61393
-0.54142
0.47993
-0.30813
0.041829
-0.2897
0.30465
0.13834
0.033811
-0.4006
-0.32722
-0.26598
-0.46332
0.15016
-0.20319
-0.64726
-0.38469
0.35344
-0.033805
0.11859
-0.319
0.33687
-0.047644
-0.1602
-0.53509
0.10951
-0.14585
-0.37818
0.481
-0.4328
-0.26262
-0.16147
0.15194
0.23503
0.06306
-0.21074
0.24878
-0.23828
-0.26484
-0.47737
0.46297
0.015225
-0.075807
0.72953
-0.60646
0.30309
-0.095783
-0.034735
0.22278
-0.093162
0.0012328
-0.13772
-0.2785
-0.36049
-0.49263
0.38996
0.14406
0.093135
0.68434
-0.37936
0.50299
-0.10678
-0.18428
-0.19468
-0.062758
0.14799
-0.40895
-0.090266
-0.41073
-0.35635
0.31876
0.2622
0.10149
0.3681
0.14745
0.57756
-0.066243
-0.1393
-0.58135
-0.1403
0.063075
-0.45285
-0.0059089
-0.34672
-0.008062
0.25917
0.11392
0.041347
0.30598
0.57137
0.54965
-0.080217
-0.022749
-0.62922
-0.17908
-0.12646
-0.66787
-0.24337
-0.26648
0.3032
0.096744
-0.17222
0.0057682
0.22362
0.96041
0.27122
-0.037626
-0.060572
-0.48892
-0.062622
-0.28024
-0.57024
-0.53068
-0.078338
0.46359
0.099611
-0.18371
0.086383
0.19802
0.97407
-0.037985
0.037144
-0.0055927
0.024556
0.076517
-0.37105
-0.0798
-0.60578
0.17224
0.51224
0.094839
0.004024
0.32927
0.24225
0.56623
-0.11474
-0.14602
-0.010781
0.61339
0.09817
-0.50583
0.31697
-0.54431
0.092713
0.23169
0.038379
0.029789
0.46185
0.15007
0.27817
-0.089327
-0.34173
-0.20694
0.60146
-0.10034
-0.44634
0.5451
-0.2093
-0.006499
-0.065447
0.067233
0.016647
0.28441
-0.010849
0.13972
-0.026586
-0.28537
-0.13036
0.61203
-0.27318
-0.1879
0.67434
0.33048
0.063638
-0.17371
0.12772
0.095411
0.034951
-0.058211
-0.060674
0.049376
-0.15847
0.00076623
0.49248
-0.26619
-0.044977
0.50894
0.384
-0.095021
-0.11351
0.054296
0.097405
-0.008672
-0.024564
-0.067779
0.024064
0.48675
-0.35523
0.15564
-0.25935
0.034911
-0.26236
-0.14942
0.31828
0.081608
-0.14836
-0.071014
0.13546
-0.35902
-0.27025
0.12192
0.58627
-0.25046
0.28683
-0.35646
-0.1043
-0.40579
0.11999
0.87372
-0.15856
-0.29254
-0.064819
0.16444
-0.58759
-0.46039
0.23352
0.18005
0.026263
0.10423
-0.28804
-0.20574
-0.31382
0.47049
0.90445
-0.32801
-0.4538
-0.071336
0.067434
-0.58918
-0.31814
0.18011
-0.23743
0.10136
-0.20738
-0.2615
-0.068195
-0.014446
0.62945
0.66319
-0.2945
-0.48366
-0.17581
-0.10781
-0.36217
-0.073131
-0.080722
-0.43982
0.21405
-0.39756
-0.14266
-0.014045
0.17656
0.48606
0.46067
-0.34763
-0.48053
-0.25609
-0.2243
-0.014281
-0.0205
-0.57845
-0.49064
0.41322
-0.27666
-0.041596
-0.12624
0.18875
0.41162
0.078553
-0.4848
-0.41954
-0.35695
-0.32051
0.28642
-0.19734
-0.80186
-0.43479
0.35835
-0.0021383
0.1112
-0.032538
0.083267
0.29282
-0.11814
-0.59305
-0.10815
-0.30721
-0.41649
0.55962
-0.46617
-0.50739
-0.23954
0.2018
0.11469
0.00017024
0.13891
0.10911
0.084993
-0.28853
-0.64194
0.2242
-0.1
-0.21249
0.63175
-0.57286
0.023488
-0.12459
0.065995
0.055682
-0.13498
0.20375
-0.032603
0.18087
-0.44605
-0.41987
0.3449
0.026176
0.021811
0.40877
-0.31669
0.45041
-0.089315
-0.12642
-0.28377
-0.16548
0.29567
-0.22037
0.2119
-0.43851
-0.020916
0.42441
0.068987
0.069737
0.23373
0.18922
0.68319
-0.097338
-0.14257
-0.65423
-0.27194
0.15462
-0.41872
0.091747
-0.42971
0.33538
0.32481
-0.027311
0.044752
0.24064
0.48793
0.60797
-0.012889
-0.018904
-0.74183
-0.24417
-0.046884
-0.7449
-0.1838
-0.23223
0.63472
-0.023759
-0.22805
0.067879
0.19871
0.72919
0.24342
-0.028766
0.002901
-0.5806
-0.17453
-0.095599
-0.81899
-0.43967
0.005737
0.63983
-0.093624
-0.26471
0.084629
0.14304
0.71627
-0.1534
-0.041045
-0.15575
-0.015327
-0.044505
-0.20215
-0.53271
-0.5743
0.19245
0.55483
0.0059995
-0.14206
0.26235
0.12755
0.42
-0.28592
-0.14327
-0.19962
0.48034
0.17371
-0.43335
-0.063465
-0.57844
0.18871
0.28243
0.14267
-0.082939
0.44044
0.042227
0.19375
-0.27835
-0.18426
-0.11945
0.55332
-0.01647
-0.40459
0.26004
-0.35929
0.16333
0.04762
0.1764
-0.06811
0.31679
-0.006869
0.015197
-0.2592
-0.23593
0.010302
0.65285
-0.258
-0.14841
0.57061
0.12248
0.20468
-0.0016546
0.22765
-0.080477
0.1227
0.072538
-0.20375
-0.17101
-0.26784
0.077994
0.47985
-0.19714
0.036938
0.45719
0.34001
-0.013502
-0.032356
0.13913
-0.021909
0.12709
0.11303
-0.14722
0.12883
0.29212
-0.23135
0.062719
-0.29213
-0.091556
-0.24631
-0.21799
0.25275
-0.01227
-0.2189
-0.17155
0.025814
-0.27961
-0.25201
0.31991
0.38472
-0.19974
0.16428
-0.39507
-0.12468
-0.32249
-0.033873
0.66264
-0.20803
-0.19494
0.061593
0.069903
-0.42204
-0.42826
0.39039
0.14907
0.013485
-0.022033
-0.26962
-0.13344
-0.20054
0.31672
0.78633
-0.25526
-0.23487
0.15821
0.034633
-0.38828
-0.48111
0.10774
-0.16721
0.18303
-0.2654
-0.16904
0.047937
0.07485
0.42903
0.5939
-0.28706
-0.33613
-0.056828
-0.11931
-0.016779
-0.2883
-0.10123
-0.2888
0.28897
-0.27227
-0.22267
0.12559
0.31574
0.30451
0.40817
-0.48202
-0.32802
-0.2652
-0.20776
0.28963
-0.074728
-0.35756
-0.37376
0.36564
-0.18387
0.037061
0.06704
0.21676
0.4026
0.085441
-0.52
-0.2893
-0.40468
-0.26097
0.52618
-0.14618
-0.68015
-0.38629
0.36542
0.019374
0.28637
0.16632
-0.017306
0.31487
-0.11828
-0.55666
-0.18627
-0.4565
-0.33522
0.58917
-0.31015
-0.64355
-0.21394
0.2509
0.069883
0.23367
0.21453
-0.071898
0.17982
-0.37028
-0.64948
-0.063132
-0.2962
-0.20482
0.37791
-0.3971
-0.26713
-0.10961
0.050594
-0.070649
0.074284
0.22194
-0.071534
0.34417
-0.5527
-0.2856
0.017401
-0.19346
-0.023711
0.17671
-0.33445
0.22811
-0.19442
-0.14333
-0.41155
-0.18254
0.32096
-0.24007
0.21512
-0.45316
0.24716
0.10993
-0.10975
-0.045247
0.20281
0.037579
0.54255
-0.27961
-0.16317
-0.72647
-0.38245
0.2901
-0.46863
-0.0085841
-0.43862
0.54867
0.1293
-0.053929
-0.13334
0.20621
0.4034
0.57297
-0.13658
0.066441
-0.80503
-0.30979
0.13727
-0.68706
-0.1498
-0.21453
0.76332
-0.0536
-0.087867
-0.052712
0.088321
0.64617
0.31096
-0.11607
0.11993
-0.55904
-0.21775
-0.0046334
-0.7602
-0.26212
0.025155
0.66855
-0.14462
-0.19002
0.045251
-0.04988
0.59781
-0.069441
-0.15656
-0.15048
-0.068349
-0.098876
-0.10324
-0.62428
-0.37143
0.035636
0.48436
-0.05055
-0.19477
0.149
-0.052689
0.34886
-0.39334
-0.19679
-0.22857
0.25622
0.075268
-0.29257
-0.37284
-0.47532
0.13978
0.35077
0.16074
-0.13048
0.35672
-0.017938
0.11174
-0.46089
-0.15083
0.00767
0.43307
-0.17286
-0.32993
-0.11404
-0.38459
0.15173
0.24005
0.24904
-0.11154
0.33215
0.056691
-0.11105
-0.39533
-0.2404
0.067692
0.47132
-0.37223
-0.16597
0.12974
0.015451
0.18814
0.27162
0.25175
-0.16376
0.14967
0.19245
-0.12006
-0.15324
-0.28602
0.083565
0.25958
-0.20866
-0.019458
0.17114
0.2283
0.07091
0.12193
0.13848
-0.15245
0.13759
0.25386
-0.12556
0.048592
0.076526
-0.15843
0.034579
-0.3034
-0.10655
-0.201
-0.23795
0.11119
-0.057797
0.018638
-0.16748
-0.052027
-0.24319
-0.1335
0.14341
0.18016
-0.20773
0.21436
-0.44797
-0.11707
-0.14089
-0.1333
0.37866
-0.14107
-0.027985
0.024459
-0.096382
-0.2044
-0.22306
0.29259
0.12431
-0.15193
0.058334
-0.34532
-0.13731
0.0078983
0.16438
0.55872
-0.091756
-0.030092
0.16582
-0.1773
-0.055639
-0.36814
0.037773
-0.045455
-0.053516
-0.022265
-0.23048
-0.066795
0.16853
0.2045
0.44664
-0.16226
-0.13446
-0.0032788
-0.18016
0.13114
-0.34317
-0.15272
-0.10449
0.1786
-0.032781
-0.16463
0.0082364
0.23459
0.14154
0.36944
-0.42145
-0.20096
-0.14351
-0.3205
0.23764
-0.14688
-0.26657
-0.24419
0.31142
-0.098007
0.091497
0.04269
0.15263
0.23971
0.24167
-0.41025
-0.087604
-0.23869
-0.3717
0.48868
-0.068604
-0.43806
-0.2953
0.20901
-0.06497
0.33244
0.12187
0.056254
0.19762
-0.05637
-0.37584
-0.10912
-0.31981
-0.34431
0.46114
-0.18268
-0.4005
-0.19589
-0.019615
0.0067099
0.21654
0.12694
-0.013165
0.056346
-0.37356
-0.47163
-0.16232
-0.19825
-0.3077
0.12432
-0.34853
-0.19818
-0.10734
-0.15083
-0.012558
0.028863
0.17841
-0.11755
0.063034
-0.48791
-0.22727
-0.088241
-0.12019
-0.18121
0.059021
-0.42921
0.021638
-0.096132
-0.25942
-0.2775
-0.17887
0.21529
-0.27365
0.041787
-0.21527
0.20358
0.022098
-0.088431
-0.066124
0.15058
-0.2802
0.22362
-0.15575
-0.34094
-0.51902
-0.32659
0.20963
-0.49125
-0.024129
-0.22454
0.26809
0.088664
0.030003
-0.075815
0.058719
0.13351
0.25767
-0.095184
-0.073499
-0.46816
-0.34617
0.098137
-0.64102
-0.03929
-0.15667
0.39033
0.056207
0.021775
-0.055646
-0.059561
0.47756
0.23719
-0.020933
0.039525
-0.23551
-0.20797
-0.15313
-0.6245
-0.097102
-0.084668
0.32821
-0.053391
-0.08999
0.091421
-0.089851
0.48067
0.048563
-0.078767
-0.23983
0.066488
-0.035489
-0.2627
-0.44867
-0.20889
-0.12302
0.22032
-0.07091
-0.11184
0.10909
-0.024521
0.27035
-0.31643
-0.13834
-0.12981
0.19477
-0.0099066
-0.23512
-0.35241
-0.3307
0.039514
0.15473
0.012917
-0.11501
0.20369
-0.0035262
0.0046597
-0.45892
-0.095529
0.15335
0.21246
-0.19115
-0.1783
-0.19274
-0.36311
0.023225
-0.0042514
0.06426
-0.13222
0.19754
-0.012459
-0.17347
-0.29191
-0.078891
0.086576
0.21055
-0.37847
-0.081905
-0.035442
-0.11102
0.06588
0.13051
0.14094
-0.11758
-0.0071914
0.10373
-0.12129
-0.10247
-0.15398
0.092433
0.056215
-0.25329
0.0077023
0.058854
0.085245
0.0028478
0.11624
-0.067356
-0.16727
-0.14516
0.1741
-0.2704
-0.28688
-0.19458
-0.1697
-0.20092
-0.1005
-0.050585
0.0015009
0.072932
0.14665
0.31871
0.44585
0.37377
0.16848
-0.015569
-0.17421
-0.25563
-0.21517
-0.34407
-0.3222
-0.18554
-0.12527
-0.18261
-0.15153
-0.13083
-0.11028
0.034432
0.22034
0.43306
0.58087
0.56479
0.36373
0.12148
-0.037023
-0.12332
-0.13336
-0.29423
-0.30898
-0.19517
-0.11164
-0.16177
-0.24688
-0.28089
-0.26096
-0.026628
0.21096
0.37965
0.46935
0.50909
0.48215
0.30866
0.073941
-0.050313
-0.051731
-0.25089
-0.37304
-0.27653
-0.063573
0.014382
-0.17732
-0.35511
-0.35527
-0.097948
0.16164
0.27977
0.39553
0.47671
0.4779
0.28995
-0.033467
-0.19937
-0.16775
-0.30938
-0.4999
-0.39846
-0.046263
0.20512
0.087213
-0.23574
-0.36338
-0.16039
0.1108
0.3018
0.47011
0.52233
0.50992
0.23949
-0.14476
-0.35643
-0.32394
-0.31128
-0.4569
-0.46204
-0.14752
0.18538
0.13112
-0.17889
-0.33755
-0.18716
0.10847
0.37023
0.52597
0.58596
0.57278
0.30929
-0.12604
-0.45203
-0.46169
-0.19117
-0.27636
-0.41272
-0.28027
0.033806
0.031749
-0.16661
-0.32073
-0.21999
0.10319
0.37486
0.5116
0.5968
0.60351
0.26374
-0.1957
-0.5365
-0.5472
0.014643
-0.06585
-0.25284
-0.25399
-0.02142
0.014272
-0.15643
-0.32259
-0.25539
0.084378
0.35982
0.46374
0.52975
0.40214
0.031117
-0.32097
-0.50628
-0.4743
0.1307
0.053831
-0.17889
-0.24858
-0.088469
-0.11026
-0.31655
-0.4457
-0.29895
0.092626
0.392
0.51081
0.54383
0.29634
-0.12753
-0.38872
-0.52052
-0.46483
0.090173
0.065022
-0.19213
-0.31895
-0.14442
-0.15685
-0.36027
-0.45664
-0.27095
0.060967
0.42018
0.65622
0.73171
0.42161
-0.1196
-0.4592
-0.59279
-0.45567
-0.018265
-0.050039
-0.25353
-0.37083
-0.23001
-0.24257
-0.38528
-0.45079
-0.39495
-0.057306
0.44664
0.83784
1.0013
0.70239
0.020912
-0.45409
-0.58612
-0.38128
-0.037992
-0.11454
-0.21164
-0.33165
-0.32352
-0.31299
-0.42193
-0.56866
-0.61088
-0.2468
0.49732
1.0481
1.2632
0.99507
0.24543
-0.3238
-0.4024
-0.20095
0.0044253
-0.069409
-0.16231
-0.27152
-0.32954
-0.23639
-0.33145
-0.60473
-0.69912
-0.32036
0.48014
1.1455
1.3894
1.1357
0.52052
0.013842
-0.10757
0.037782
-0.12084
-0.1822
-0.23837
-0.26296
-0.24002
-0.11942
-0.26099
-0.61131
-0.70557
-0.38721
0.34769
1.0551
1.3621
1.1992
0.75642
0.34723
0.08729
0.10742
-0.20315
-0.28036
-0.29724
-0.18971
-0.078156
-0.09541
-0.33862
-0.6477
-0.75499
-0.48695
0.28426
1.035
1.2812
1.1243
0.76211
0.37713
0.054816
-0.049059
-0.11415
-0.33405
-0.38584
-0.24253
-0.076188
-0.05975
-0.25908
-0.54415
-0.72877
-0.51508
0.21435
0.96735
1.2416
1.0313
0.67138
0.34964
0.062743
-0.1037
-0.11409
-0.35733
-0.47864
-0.42092
-0.25556
-0.074962
-0.10882
-0.42113
-0.6998
-0.60392
-0.028434
0.65649
1.0033
0.90969
0.52918
0.17937
-0.097594
-0.17743
-0.20085
-0.26607
-0.34274
-0.39747
-0.29697
-0.10639
-0.041745
-0.27858
-0.52178
-0.5167
-0.25308
0.17752
0.61082
0.59898
0.36515
0.032771
-0.24225
-0.22277
0.20998
0.38882
0.3859
0.34054
0.28074
0.21473
0.092514
-0.11136
-0.14733
-0.12406
-0.028126
0.08938
0.06832
-0.0050794
0.016621
0.064899
0.061586
0.085132
-0.004821
0.27405
0.40755
0.30704
0.22881
0.17175
0.040295
-0.10444
-0.17364
-0.17432
-0.061941
0.082764
0.094797
-0.066568
-0.1382
-0.064566
-0.076036
-0.049092
-0.23791
0.0023508
0.15782
0.026647
0.025795
0.095979
0.057468
0.072599
-0.063066
-0.18221
-0.14627
-0.11137
-0.16508
-0.40097
-0.43712
-0.24496
-0.21868
-0.19082
-0.22761
-0.13044
0.12378
0.16706
0.24546
0.29894
0.25577
0.28271
0.14159
-0.095197
-0.1405
-0.17939
-0.37223
-0.57431
-0.55205
-0.33669
-0.25394
-0.26912
-0.27201
-0.26543
-0.037449
0.34421
0.6414
0.63666
0.44685
0.36661
0.22948
0.045158
0.016004
-0.025828
-0.24344
-0.36118
-0.39125
-0.43257
-0.42625
-0.33475
-0.40008
-0.48892
-0.31302
0.19409
0.73904
0.79324
0.47471
0.26512
0.20277
0.16978
0.12158
0.12147
-0.0547
-0.12643
-0.2157
-0.35625
-0.383
-0.21369
-0.45001
-0.55618
-0.37044
0.12732
0.69491
0.81804
0.57697
0.35006
0.27965
0.26649
0.16393
0.11803
0.037581
-0.14298
-0.25275
-0.25932
-0.21643
-0.13578
-0.37944
-0.39352
-0.21446
0.20493
0.63919
0.74405
0.69964
0.63222
0.58371
0.5185
0.32619
0.16476
-0.023559
-0.25279
-0.39198
-0.38914
-0.30572
-0.18507
-0.38081
-0.36319
-0.23455
0.020366
0.27871
0.51678
0.64511
0.68287
0.6331
0.57611
0.41771
0.18201
-0.043994
-0.18703
-0.33613
-0.4442
-0.354
-0.16396
-0.42317
-0.4702
-0.42579
-0.34969
-0.13154
0.23529
0.56434
0.59579
0.54331
0.46272
0.32505
0.1418
-0.05772
-0.21269
-0.32698
-0.42646
-0.36607
-0.18568
-0.39606
-0.52958
-0.5232
-0.58838
-0.46717
-0.034523
0.36271
0.59108
0.61652
0.5694
0.4257
0.21757
-0.094368
-0.38002
-0.5233
-0.53764
-0.38094
-0.10454
-0.21144
-0.40567
-0.50122
-0.72158
-0.74641
-0.44205
0.042966
0.50376
0.72237
0.76678
0.69223
0.49311
-0.0081624
-0.42828
-0.54518
-0.49917
-0.30912
-0.0091566
-0.012459
-0.28479
-0.54709
-0.75567
-0.85343
-0.69575
-0.17497
0.4687
0.83589
0.89523
0.87958
0.76443
0.16521
-0.34852
-0.41099
-0.34088
-0.22262
0.013468
0.067169
-0.18443
-0.42619
-0.49604
-0.63093
-0.85187
-0.54007
0.20772
0.74765
0.8233
0.82247
0.83621
0.36955
-0.21599
-0.32734
-0.15375
-0.070863
0.046507
0.10052
-0.026446
-0.079555
-0.063692
-0.30041
-0.82593
-0.8838
-0.25202
0.4547
0.79798
0.86515
0.85214
0.41132
-0.12379
-0.31685
-0.18674
-0.036292
0.010856
0.15889
0.25365
0.35257
0.26329
-0.1741
-0.70568
-0.94987
-0.63738
0.0030852
0.56213
0.85539
0.78917
0.38501
-0.066187
-0.3237
-0.3345
-0.22136
-0.096448
0.21289
0.42261
0.54805
0.4122
-0.047179
-0.55074
-0.88042
-0.7491
-0.32909
0.26764
0.71414
0.77628
0.38803
-0.032054
-0.36035
-0.53095
-0.45036
-0.2132
0.16077
0.27599
0.3394
0.3193
0.11713
-0.23541
-0.59175
-0.63045
-0.34982
0.072702
0.47396
0.66588
0.41426
0.024339
-0.26084
-0.4571
-0.44888
-0.25677
0.47709
0.65118
0.38774
-0.00040228
-0.18481
-0.19534
-0.28106
-0.25838
-0.14242
-0.034799
-0.062943
-0.33366
-0.56295
-0.45908
-0.36187
-0.28523
-0.12013
-0.085207
0.58629
0.81398
0.48076
0.068565
-0.17143
-0.29845
-0.42354
-0.42645
-0.19961
-0.0061972
0.033329
-0.25589
-0.52267
-0.43069
-0.30148
-0.33423
-0.25528
-0.21679
0.78433
0.98231
0.6479
0.18657
-0.27324
-0.53183
-0.50241
-0.36384
-0.055756
0.16664
0.19807
0.0016801
-0.23131
-0.22088
-0.15417
-0.28768
-0.42968
-0.39102
0.99623
1.2017
0.8659
0.3442
-0.26472
-0.63147
-0.5998
-0.43244
-0.11934
0.18112
0.27169
0.104
-0.15545
-0.25352
-0.24181
-0.40041
-0.55899
-0.43786
1.205
1.5273
1.1423
0.54685
-0.04284
-0.42662
-0.49034
-0.4557
-0.27516
0.058858
0.2534
0.13
-0.05198
-0.12879
-0.21415
-0.38831
-0.46696
-0.29661
1.2153
1.5464
1.164
0.55846
0.051748
-0.23238
-0.26875
-0.25877
-0.15502
0.11064
0.24414
0.21092
0.13358
0.0013224
-0.16602
-0.28743
-0.31507
-0.13497
1.133
1.4439
1.0348
0.55259
0.14874
-0.12701
-0.20803
-0.23266
-0.14618
0.07671
0.12446
0.21335
0.19599
0.044952
-0.098351
-0.19771
-0.19497
-0.050539
1.2294
1.486
0.91645
0.44543
0.20931
0.018893
-0.15855
-0.29353
-0.22462
-0.029284
0.087665
0.19447
0.27356
0.18226
0.038734
-0.074012
-0.1413
-0.10878
1.1832
1.2977
0.65133
0.12657
-0.045369
-0.020347
-0.074712
-0.23472
-0.15751
-0.03303
0.035256
0.11805
0.19077
0.15727
0.065029
-0.019814
-0.16975
-0.20853
1.0066
1.0503
0.44094
-0.060772
-0.26107
-0.16794
-0.080799
-0.16997
-0.1455
-0.087431
-0.14133
-0.15676
-0.09519
-0.028235
0.041224
-0.0044579
-0.21865
-0.25022
0.85415
0.92874
0.43466
-0.12004
-0.45376
-0.38492
-0.19109
-0.12052
-0.10735
-0.14502
-0.30692
-0.393
-0.27277
-0.13371
-0.032197
-0.142
-0.37153
-0.33488
0.77651
0.86691
0.39358
-0.19962
-0.58482
-0.49085
-0.19363
-0.077217
-0.045269
-0.15197
-0.3551
-0.37666
-0.24348
-0.13373
-0.16628
-0.34511
-0.48718
-0.41275
0.84038
0.81875
0.32171
-0.20799
-0.55333
-0.52149
-0.26305
-0.11881
-0.087492
-0.18234
-0.22012
-0.13739
-0.080618
-0.11313
-0.23778
-0.40048
-0.45372
-0.40819
0.89063
1.0023
0.54371
-0.10148
-0.529
-0.57235
-0.3646
-0.27013
-0.24731
-0.16579
-0.070745
-0.0090876
-0.011835
-0.064578
-0.20183
-0.3855
-0.46237
-0.38304
0.76672
0.98786
0.54891
-0.045695
-0.56266
-0.64967
-0.41501
-0.30228
-0.29958
-0.1181
0.0028489
-0.016682
0.039601
0.06033
-0.12192
-0.30207
-0.36211
-0.33495
0.69208
0.83493
0.39372
-0.093748
-0.54587
-0.65849
-0.37345
-0.18146
-0.17557
-0.11239
-0.088341
-0.10845
-0.050746
-0.033944
-0.22759
-0.33116
-0.30889
-0.25288
0.606
0.69654
0.26149
-0.10193
-0.42922
-0.57882
-0.3686
-0.09908
-0.064355
-0.11384
-0.15404
-0.1195
-0.14923
-0.18533
-0.28602
-0.34077
-0.3294
-0.25377
0.34971
0.4289
0.15893
-0.074793
-0.26149
-0.3411
-0.24635
-0.094997
-0.13428
-0.18722
-0.1449
-0.09459
-0.091949
-0.11352
-0.11619
-0.14833
-0.23061
-0.19992
-0.041476
-0.3151
-0.47355
-0.47173
-0.55745
-0.56808
-0.22083
0.1595
0.33626
0.35906
0.18104
-0.047786
-0.12859
-0.037929
0.1046
0.14335
0.041876
-0.17419
-0.09759
-0.4384
-0.68966
-0.68044
-0.70185
-0.58446
-0.15418
0.30161
0.4936
0.43768
0.14065
-0.16823
-0.18798
-0.0016286
0.16194
0.20413
0.067638
-0.14542
-0.17399
-0.58417
-0.86258
-0.90364
-0.67926
-0.27065
0.18322
0.53638
0.51697
0.28128
0.10411
-0.019849
-0.022259
0.072536
0.14391
0.065123
-0.061348
-0.14645
-0.20873
-0.67166
-0.99376
-1.0003
-0.59628
0.0096985
0.43893
0.62775
0.45039
0.1171
0.048333
0.13335
0.21687
0.24565
0.24333
0.053644
-0.20283
-0.18398
-0.27501
-0.67655
-1.0767
-1.0316
-0.49438
0.18057
0.58278
0.65176
0.4098
0.088431
-0.081284
0.025891
0.22638
0.31892
0.30708
0.11871
-0.16241
-0.22842
-0.33095
-0.82673
-1.2592
-1.0949
-0.4363
0.32425
0.80594
0.72799
0.40824
0.16599
-0.095485
-0.13361
0.06805
0.20171
0.20421
0.15585
-0.0036713
-0.11641
-0.2799
-0.87774
-1.345
-1.1006
-0.28937
0.56267
0.95307
0.71178
0.36664
0.11251
-0.16907
-0.26171
-0.047444
0.094001
0.086028
0.11476
0.081765
-0.033457
-0.40185
-0.89786
-1.2736
-1.0032
-0.086738
0.80943
1.0111
0.62683
0.27643
-0.0052834
-0.26901
-0.31718
-0.036952
0.11785
0.030768
0.093744
0.15657
0.0518
-0.57467
-0.94649
-1.147
-0.78062
0.16986
0.87758
0.99951
0.67954
0.27397
0.052255
-0.096031
-0.18962
-0.032301
0.0097186
-0.049553
0.12229
0.24356
0.086413
-0.5462
-0.84924
-0.89606
-0.43771
0.4617
0.98608
1.0446
0.73635
0.26767
0.036778
0.052512
-0.054879
-0.12112
-0.14473
-0.1257
0.063003
0.22629
0.14625
-0.41308
-0.70516
-0.64969
-0.1367
0.65621
1.0663
1.0219
0.67853
0.16323
-0.04985
0.035993
0.035231
-0.072467
-0.074434
-0.028583
-0.0087161
0.020179
0.055221
-0.36416
-0.558
-0.28815
0.22542
0.71538
0.93259
0.88017
0.61374
0.18559
-0.061452
0.013608
0.062843
0.00087044
0.014348
0.035075
-0.044727
-0.13087
-0.051125
-0.36231
-0.35014
0.088726
0.4885
0.62265
0.7469
0.776
0.60995
0.25046
-0.022971
-0.030384
-0.050165
-0.066768
0.0052623
0.014606
-0.050132
-0.18598
-0.14949
-0.3585
-0.18343
0.28286
0.48053
0.4861
0.60803
0.67823
0.42084
0.045385
-0.11309
-0.075173
-0.12452
-0.052634
0.02931
-0.023881
-0.098875
-0.21019
-0.20441
-0.45881
-0.2309
0.23693
0.41187
0.44193
0.55669
0.58918
0.26664
-0.063897
-0.14531
-0.091215
-0.04312
0.048887
0.028837
-0.086592
-0.070072
-0.048081
-0.096423
-0.4723
-0.26891
0.10248
0.26686
0.38424
0.58112
0.62625
0.32196
0.045735
-0.12432
-0.10256
0.058596
0.075158
-0.11467
-0.19982
-0.047065
0.054803
0.0061744
-0.34031
-0.1697
0.03148
0.10942
0.23163
0.48804
0.53534
0.26464
-0.03321
-0.29571
-0.22292
0.068391
0.07724
-0.16936
-0.19052
0.020022
0.092532
0.055675
-0.24925
-0.12402
-0.041424
-0.013496
0.062511
0.3028
0.38628
0.18658
-0.03651
-0.30146
-0.26493
-0.0084815
0.05008
-0.19926
-0.18595
0.034782
0.026133
0.043378
0.22965
0.27975
0.11671
0.073499
0.10221
-0.037329
-0.15937
-0.30526
-0.25086
0.1257
0.3947
0.49125
0.44593
0.2337
-0.038004
-0.15463
-0.027486
0.03503
0.22708
0.31422
0.13369
-0.0053035
-0.08075
-0.20003
-0.25875
-0.36534
-0.27623
0.17105
0.56924
0.61498
0.41794
0.096688
-0.14955
-0.2053
-0.074899
0.066349
0.22725
0.18987
0.10172
-0.018048
-0.17599
-0.29242
-0.45563
-0.50718
-0.39546
0.059896
0.50144
0.58363
0.26197
-0.14893
-0.30061
-0.22057
-0.11886
0.054131
0.21251
0.1973
0.1378
0.013362
-0.12002
-0.34407
-0.57569
-0.55842
-0.31866
0.079315
0.37172
0.34662
-0.010059
-0.35822
-0.42257
-0.24887
-0.056541
0.13496
0.15124
0.1393
0.089677
0.014894
-0.13922
-0.41555
-0.55461
-0.33422
0.12877
0.41
0.35626
0.097644
-0.19309
-0.4682
-0.52321
-0.36125
-0.075383
0.099391
-0.012557
-0.040874
0.022559
-0.042614
-0.30191
-0.5327
-0.40062
0.12739
0.68187
0.70449
0.3558
-0.10658
-0.38348
-0.56051
-0.59965
-0.4929
-0.24734
-0.087344
0.062901
-0.042767
-0.057458
-0.26852
-0.57887
-0.50141
-0.045807
0.6415
1.0131
0.80634
0.22421
-0.27863
-0.59106
-0.62382
-0.55159
-0.49446
-0.34555
-0.20938
0.27047
0.048363
-0.18416
-0.4857
-0.60117
-0.2733
0.37034
1.0102
1.1477
0.78319
0.19538
-0.30761
-0.65417
-0.73357
-0.58898
-0.44555
-0.27214
-0.12054
0.21221
0.017542
-0.18241
-0.31751
-0.26976
0.05582
0.53335
0.89942
0.95526
0.67266
0.18466
-0.4055
-0.7711
-0.78605
-0.59855
-0.33506
-0.087623
0.098348
0.013559
-0.16768
-0.28376
-0.19439
-0.055031
0.23722
0.51926
0.71088
0.70475
0.55962
0.17567
-0.42824
-0.84011
-0.7866
-0.47548
-0.088688
0.21827
0.35765
-0.18877
-0.32409
-0.33598
-0.14731
0.026401
0.24373
0.44749
0.59754
0.57566
0.35931
-0.022313
-0.41634
-0.68223
-0.6278
-0.23431
0.20635
0.44266
0.44175
-0.2836
-0.31003
-0.19472
-0.05024
0.095565
0.2078
0.34847
0.48269
0.38179
0.07601
-0.36738
-0.62203
-0.66378
-0.44009
0.21798
0.64404
0.61897
0.44935
-0.18317
-0.098172
0.013896
0.063304
0.11196
0.17415
0.29384
0.41146
0.28942
-0.11938
-0.56127
-0.82013
-0.78586
-0.25285
0.59972
0.95968
0.8132
0.50195
-0.031673
0.14522
0.20628
0.048277
-0.038458
0.0055762
0.19728
0.42032
0.28403
-0.14498
-0.58427
-0.88329
-0.73486
-0.0096099
0.79783
1.0401
0.89768
0.70188
0.1085
0.28907
0.21364
-0.070623
-0.31621
-0.26884
0.020234
0.34883
0.25215
-0.1812
-0.71881
-1.0158
-0.69179
0.15396
0.85124
1.031
0.91642
0.75764
0.23243
0.33605
0.11994
-0.20021
-0.4298
-0.31863
-0.0060856
0.26325
0.10649
-0.35631
-0.92157
-1.1733
-0.78412
0.090467
0.77421
0.92832
0.84912
0.70484
0.34444
0.32007
0.0098647
-0.31223
-0.41795
-0.23386
0.095955
0.29168
0.0074113
-0.52511
-0.96299
-1.0492
-0.65956
-0.0033393
0.5027
0.65016
0.62141
0.50407
0.31094
0.29676
0.0012367
-0.25903
-0.32414
-0.18464
0.060862
0.18839
-0.044815
-0.51624
-0.75593
-0.64301
-0.28683
0.079994
0.31946
0.40405
0.32235
0.25747
0.035593
0.22024
0.44444
0.50532
0.38633
0.21186
0.11255
-0.065649
-0.26865
-0.25331
-0.18609
-0.044817
0.07702
0.19241
0.10584
-0.069467
-0.010812
0.058882
0.18276
0.41422
0.6512
0.71285
0.57775
0.36149
0.15831
-0.1099
-0.36847
-0.42193
-0.36485
-0.16974
0.047894
0.22219
0.18665
0.0044378
-0.033646
-0.068333
0.31573
0.54649
0.6922
0.74856
0.57569
0.38077
0.1494
-0.22728
-0.55689
-0.68321
-0.5691
-0.31934
0.023461
0.21907
0.1369
-0.01344
-0.092896
-0.14611
0.29107
0.5277
0.62158
0.67398
0.54642
0.2892
-0.0013513
-0.32502
-0.5868
-0.64976
-0.51537
-0.29943
-0.015161
0.17072
0.13487
0.063754
-0.17674
-0.32337
0.17604
0.4178
0.54609
0.601
0.51752
0.26579
-0.11328
-0.46683
-0.6263
-0.52866
-0.3472
-0.26308
-0.088702
0.038195
0.024212
-0.075667
-0.36644
-0.46195
-0.014823
0.22201
0.50865
0.65874
0.5995
0.41431
0.067006
-0.41539
-0.66515
-0.56124
-0.38961
-0.28769
-0.051523
0.071462
-0.10715
-0.37524
-0.58084
-0.45525
-0.1827
0.053403
0.4678
0.77755
0.78459
0.61845
0.33733
-0.17661
-0.49824
-0.46184
-0.42023
-0.3108
-0.018989
0.1394
-0.043716
-0.37467
-0.62726
-0.49655
-0.26754
0.039258
0.44616
0.86479
0.98571
0.75403
0.49894
0.046724
-0.29705
-0.31937
-0.33185
-0.25595
-0.079496
0.038505
-0.0096715
-0.29209
-0.61244
-0.52593
-0.35602
0.10315
0.67071
1.11
1.1824
0.95093
0.74396
0.37348
-0.055939
-0.2859
-0.39917
-0.41234
-0.22174
-0.025926
-0.096066
-0.39152
-0.63365
-0.5069
-0.44497
-0.090781
0.70892
1.3065
1.3719
1.1683
0.98228
0.61511
0.12012
-0.21555
-0.39295
-0.49538
-0.35266
-0.051741
-0.14726
-0.44632
-0.68187
-0.58197
-0.58877
-0.3883
0.3921
1.1681
1.3284
1.2065
0.99069
0.52521
0.040132
-0.19207
-0.17461
-0.1615
-0.18569
-0.012523
-0.065503
-0.39065
-0.7505
-0.67701
-0.4442
-0.45901
-0.023996
0.6706
1.0141
1.0799
0.90582
0.39582
-0.11094
-0.23187
-0.063088
0.087329
0.044266
0.036215
0.023185
-0.16688
-0.58357
-0.58654
-0.31605
-0.55669
-0.33466
0.22292
0.71736
0.93661
0.85732
0.4067
-0.066561
-0.12189
-0.12925
-0.049806
0.0097373
0.034277
0.037757
-0.075697
-0.37021
-0.43383
-0.39397
-0.68452
-0.55532
-0.1782
0.21644
0.51451
0.56067
0.27339
0.0067264
-0.026878
-0.18195
-0.26436
-0.10705
0.077233
0.1008
-0.17003
-0.41544
-0.43003
-0.54135
-0.65179
-0.55216
-0.37919
-0.18406
0.040133
0.23438
0.14509
-0.044911
-0.048375
-0.10498
-0.23177
-0.15112
0.10519
0.20396
-0.072554
-0.41626
-0.37297
-0.49548
-0.53549
-0.40632
-0.2726
-0.1564
-0.016035
0.18399
0.1445
-0.094208
-0.1844
-0.24384
-0.32936
-0.27276
0.071474
0.24409
0.025955
-0.33708
-0.29255
-0.41982
-0.53656
-0.32362
-0.14539
-0.010082
0.22234
0.33994
0.21263
0.010646
-0.2752
-0.46131
-0.47387
-0.24103
0.065686
0.18071
-0.047747
-0.3631
-0.36396
-0.44768
-0.49117
-0.28432
-0.12971
-0.00058958
0.26531
0.36219
0.29892
0.14581
-0.15444
-0.41915
-0.42225
-0.21511
-0.026726
0.056655
-0.11862
-0.33462
-0.39423
0.15794
0.25869
0.25843
0.21052
0.061325
-0.22478
-0.44482
-0.63677
-0.53506
-0.15813
0.28768
0.65367
0.78408
0.77642
0.68669
0.30922
-0.05677
-0.20072
0.022535
0.099385
0.2127
0.21795
0.030616
-0.26969
-0.58308
-0.89669
-0.85204
-0.31216
0.38666
1.0261
1.2838
1.2405
0.99312
0.52647
0.048843
-0.2039
-0.047969
-0.014792
0.074091
0.048714
-0.1789
-0.42527
-0.69399
-1.0524
-0.98227
-0.26538
0.59609
1.2428
1.4118
1.1797
0.90391
0.63271
0.31226
0.023576
-0.0082447
-0.049339
-0.088451
-0.16431
-0.38649
-0.66372
-0.90169
-1.1095
-0.87999
-0.083759
0.76804
1.2362
1.2471
0.90106
0.70629
0.63358
0.46765
0.26723
-0.013347
-0.1542
-0.29383
-0.34684
-0.52782
-0.76544
-0.91506
-0.92382
-0.6378
0.041131
0.7098
1.0858
1.0865
0.84407
0.6899
0.63242
0.52481
0.26651
-0.068316
-0.19564
-0.3526
-0.38093
-0.43413
-0.55689
-0.74121
-0.66139
-0.39888
0.090802
0.52832
0.74677
0.81877
0.69125
0.49953
0.50752
0.48454
0.23972
-0.12224
-0.21316
-0.35886
-0.36498
-0.31245
-0.38146
-0.59577
-0.55683
-0.33059
0.092312
0.46749
0.56676
0.4909
0.30043
0.12161
0.21884
0.40524
0.25816
-0.18127
-0.21913
-0.29652
-0.34975
-0.25216
-0.20552
-0.49384
-0.63437
-0.48056
-0.060261
0.31443
0.34328
0.17268
-0.079812
-0.1728
-0.038447
0.18248
0.19895
-0.11448
-0.063929
-0.085076
-0.12302
-0.029695
0.01963
-0.26417
-0.56521
-0.50614
-0.13595
0.099072
0.13146
0.01631
-0.1043
-0.17948
-0.1766
-0.087616
0.030383
0.038225
0.1844
0.20746
0.20155
0.19541
0.11207
-0.22402
-0.46737
-0.40789
-0.12321
-0.0053783
-0.099586
-0.1512
-0.13784
0.0078503
0.018143
0.022662
0.075842
0.13635
0.26593
0.36447
0.3838
0.25778
-0.040096
-0.48244
-0.66981
-0.43393
-0.049976
0.098723
-0.092567
-0.3274
-0.30356
0.019432
0.25312
0.26998
0.18894
0.1151
0.25744
0.36205
0.36288
0.17817
-0.26804
-0.70529
-0.72359
-0.39842
0.02839
0.24092
0.049951
-0.3073
-0.42654
-0.15494
0.11229
0.12695
0.07184
0.20894
0.41843
0.40433
0.17277
-0.10793
-0.45775
-0.68701
-0.48405
-0.11835
0.2248
0.34214
0.14956
-0.22941
-0.48739
-0.42116
-0.31655
-0.2051
-0.080933
0.22917
0.41675
0.36407
0.072054
-0.19001
-0.42918
-0.55819
-0.40654
-0.054699
0.23258
0.28768
0.11959
-0.22902
-0.51723
-0.60015
-0.54422
-0.34809
-0.12209
0.099553
0.15555
0.075356
-0.00735
-0.075348
-0.18753
-0.2909
-0.2634
-0.030653
0.1569
0.11963
-0.038898
-0.23457
-0.51196
-0.66032
-0.57636
-0.34706
-0.12489
-0.074579
-0.13683
-0.20058
-0.12474
-0.044632
-0.011125
0.033038
0.1613
0.32415
0.35221
0.20825
0.043465
-0.12834
-0.39065
-0.54819
-0.52247
-0.33712
-0.036709
-0.16993
-0.24403
-0.18484
-0.029234
0.043595
0.018914
0.12168
0.34602
0.52826
0.50196
0.38757
0.24691
0.017799
-0.25455
-0.36327
-0.32802
-0.20248
0.009049
-0.048047
-0.14074
-0.10556
-0.010518
0.022725
-0.016311
-0.061146
0.067976
0.31684
0.38109
0.32066
0.2394
0.026862
-0.1692
-0.20842
-0.078229
-0.032353
-0.036911
-0.029828
-0.14806
-0.26285
-0.27546
-0.16653
-0.086674
-0.070052
0.03221
0.11235
-0.0023264
-0.14371
-0.058889
0.016002
-0.098134
-0.22992
-0.13462
0.10089
0.14623
0.014005
-0.018432
-0.18779
-0.24745
-0.22656
-0.19554
-0.16384
-0.083159
0.14014
0.22822
0.095607
0.094128
0.11774
-0.08366
-0.34586
-0.31466
-0.03663
0.045206
0.14942
0.18038
0.044499
-0.039639
-0.13358
-0.15742
-0.11634
-0.091241
0.022287
0.26779
0.2548
0.23001
0.21687
-0.047224
-0.30257
-0.37124
-0.18666
-0.046969
0.17856
0.13624
0.062728
0.047378
0.005605
-0.022855
-0.011252
-0.12368
-0.15023
0.038075
0.11773
0.10827
0.07467
-0.11301
-0.22756
-0.22455
-0.16709
-0.085673
0.16407
0.11136
0.11472
0.20254
0.18044
-0.012151
-0.16247
-0.27275
-0.3276
-0.20201
0.028715
0.18276
0.09148
-0.091955
-0.070573
-0.073473
-0.091076
-0.077235
0.01531
0.0099617
0.014071
0.15629
0.19667
-0.040618
-0.2288
-0.28027
-0.31155
-0.26603
0.052428
0.37381
0.32699
0.066949
0.04527
0.073659
-0.056373
-0.11262
-0.14261
-0.17674
-0.22668
-0.094485
0.0088299
-0.066085
-0.16622
-0.22599
-0.32532
-0.32906
0.12385
0.61881
0.70324
0.46524
0.31618
0.21864
0.079161
-0.010007
-0.17467
-0.21377
-0.26931
-0.18484
-0.16727
-0.20255
-0.28223
-0.28721
-0.42552
-0.38915
0.1181
0.77881
1.0873
0.93
0.61469
0.3016
0.13893
0.048346
-0.19547
-0.17148
-0.13079
-0.13704
-0.21525
-0.30514
-0.3126
-0.3018
-0.40395
-0.44112
-0.042177
0.7191
1.2476
1.2667
0.78217
0.26309
0.094508
0.014836
-0.057795
0.033577
0.0020318
-0.1238
-0.24244
-0.31992
-0.31784
-0.35728
-0.52563
-0.59658
-0.26726
0.5304
1.2722
1.4267
0.92469
0.36748
0.1551
0.025088
0.016209
0.18406
0.073368
-0.12999
-0.18452
-0.15717
-0.23091
-0.44858
-0.81585
-0.98481
-0.71956
0.090396
0.99506
1.2558
0.865
0.45958
0.28763
0.10494
0.16129
0.22648
0.08409
-0.086771
-0.048841
0.072647
0.013134
-0.27681
-0.7976
-1.1482
-0.99021
-0.39063
0.48277
0.89253
0.71824
0.44487
0.32805
0.10135
0.241
0.21307
0.096461
0.092124
0.19135
0.24461
0.19421
-0.04326
-0.56934
-0.9583
-0.97531
-0.6628
0.12457
0.71687
0.74993
0.6591
0.52881
0.25889
0.14067
0.08988
0.074208
0.22069
0.4131
0.47432
0.42227
0.18283
-0.31897
-0.73777
-0.8851
-0.78114
-0.18955
0.50625
0.81865
0.93089
0.82637
0.56226
-0.19201
-0.22765
-0.086177
0.17149
0.42025
0.5366
0.52828
0.3312
-0.13131
-0.53063
-0.75568
-0.90525
-0.63642
-0.036138
0.50656
0.83575
0.89539
0.73176
-0.30964
-0.3815
-0.12669
0.12627
0.27383
0.34759
0.32282
0.18919
-0.061833
-0.36665
-0.69602
-0.99258
-0.9854
-0.58102
-0.01012
0.41453
0.6596
0.6187
-0.17939
-0.3339
-0.20847
0.053311
0.15805
0.19185
0.18667
0.088645
-0.12633
-0.33099
-0.64131
-0.96057
-1.0381
-0.73644
-0.3743
-0.021894
0.29205
0.32366
-0.15131
-0.26497
-0.17627
0.079468
0.18453
0.2078
0.23254
0.047296
-0.20241
-0.32535
-0.48683
-0.71126
-0.79875
-0.61807
-0.48206
-0.28121
0.058441
0.18852
0.1891
0.39496
0.48974
0.25138
-0.11238
-0.13731
0.024197
0.063635
0.11136
0.073727
-0.1407
-0.32671
-0.42066
-0.3759
-0.29427
-0.19328
-0.14032
0.07489
0.31501
0.55687
0.60208
0.35145
-0.01218
-0.069002
0.04908
0.10986
0.079471
-0.050792
-0.19836
-0.29463
-0.42183
-0.47465
-0.34024
-0.22824
-0.10969
0.0065307
0.25646
0.53175
0.61737
0.40448
0.15191
0.085244
0.20314
0.22579
0.13477
-0.050942
-0.24929
-0.30075
-0.39387
-0.42286
-0.2034
0.028521
0.2146
0.28624
0.15046
0.36262
0.45115
0.38161
0.25868
0.23164
0.29878
0.18616
-0.038941
-0.18511
-0.36662
-0.43868
-0.41377
-0.26186
0.052289
0.34603
0.64698
0.60562
0.061506
0.2744
0.29195
0.28063
0.28917
0.29892
0.27327
0.03422
-0.28638
-0.38016
-0.41273
-0.59186
-0.54983
-0.28368
0.08494
0.5823
1.0795
0.94591
0.12176
0.30439
0.26457
0.19753
0.2507
0.21067
0.088016
-0.13991
-0.39815
-0.44291
-0.45246
-0.71694
-0.67335
-0.4412
-0.073058
0.59203
1.1177
1.0012
0.19939
0.29944
0.273
0.21804
0.28583
0.22941
0.031265
-0.1376
-0.32243
-0.37171
-0.49955
-0.78569
-0.7594
-0.55048
-0.16932
0.51747
0.96696
0.89491
0.12883
0.12822
0.19587
0.27067
0.27748
0.12985
-0.058733
-0.20077
-0.35886
-0.41894
-0.51741
-0.70418
-0.75485
-0.69326
-0.28183
0.44007
0.86683
0.79794
0.023641
0.070143
0.14656
0.20706
0.14757
-0.10623
-0.26963
-0.29823
-0.27818
-0.34856
-0.45665
-0.50003
-0.57389
-0.68064
-0.33666
0.39806
0.78964
0.69787
-0.013104
0.019417
0.063044
0.11038
0.13992
-0.056847
-0.18535
-0.14239
0.0081974
-0.036417
-0.16313
-0.18514
-0.24834
-0.4421
-0.34113
0.22201
0.60368
0.48398
-0.098104
-0.13715
-0.064235
0.040586
0.15874
0.066214
-0.069638
-0.087538
0.066544
0.14763
0.088272
-0.013376
-0.19447
-0.51106
-0.50724
0.056114
0.57027
0.48948
-0.1547
-0.16261
-0.057875
0.07216
0.16889
0.067189
-0.14457
-0.23672
-0.13408
-0.051787
-0.045234
-0.22805
-0.61957
-1.038
-0.87199
0.0049052
0.70666
0.59371
-0.14852
-0.053989
0.086674
0.25806
0.33734
0.10001
-0.22788
-0.37648
-0.33194
-0.21399
-0.16053
-0.38305
-0.95654
-1.4025
-1.0667
-0.019742
0.74285
0.59963
-0.13287
0.043272
0.23736
0.45353
0.45728
0.055543
-0.32019
-0.43317
-0.39384
-0.22405
-0.12447
-0.30142
-0.85727
-1.2454
-0.97297
-0.060181
0.65943
0.58739
-0.085071
0.21395
0.51061
0.70128
0.64683
0.26331
-0.10889
-0.24009
-0.18831
-0.08405
-0.098147
-0.31732
-0.70991
-0.99269
-0.86731
-0.21761
0.4807
0.48099
-0.12232
0.24511
0.62942
0.7865
0.77685
0.52296
0.29747
0.23565
0.24227
0.17945
-0.025561
-0.28449
-0.54059
-0.75443
-0.79651
-0.37097
0.26345
0.40423
-0.15652
0.097254
0.42832
0.5681
0.56573
0.45555
0.33277
0.34628
0.3747
0.25766
0.070975
-0.12111
-0.31188
-0.48085
-0.62869
-0.37047
0.091428
0.30527
-0.15815
-0.0058995
0.15509
0.21792
0.22044
0.21686
0.098813
0.092148
0.20457
0.15851
-0.0051162
-0.11434
-0.14344
-0.25494
-0.40104
-0.19246
0.072073
0.15693
-0.23577
-0.45879
-0.51817
-0.20351
0.16076
0.3176
0.27345
0.2698
0.17005
0.016611
0.0027995
0.054263
0.10939
0.0024966
-0.093257
-0.073631
-0.19935
-0.38739
-0.32621
-0.57945
-0.61455
-0.26185
0.17909
0.30856
0.26939
0.22575
0.10595
-0.020202
0.0082255
0.090825
0.17531
0.14445
0.10721
0.043167
-0.17194
-0.37067
-0.40826
-0.65709
-0.56277
-0.11302
0.29562
0.32074
0.23562
0.19502
0.08998
-0.013292
0.0099043
0.094507
0.14477
0.12445
0.080241
0.017393
-0.20359
-0.36423
-0.43909
-0.70279
-0.48369
0.081343
0.4352
0.35842
0.26047
0.27504
0.21698
0.033873
-0.049264
-0.072323
0.010159
-0.0081607
-0.10263
-0.1521
-0.30596
-0.3526
-0.41014
-0.6344
-0.29351
0.25265
0.43786
0.32717
0.26497
0.33811
0.31049
0.03159
-0.18792
-0.21895
-0.098437
-0.018811
-0.12084
-0.25452
-0.35704
-0.32651
-0.3668
-0.40873
-0.00036613
0.41593
0.43701
0.24193
0.21271
0.26735
0.22425
-0.036895
-0.22977
-0.23813
-0.14925
-0.055012
-0.054577
-0.20819
-0.30272
-0.22561
-0.36054
-0.20816
0.18875
0.42343
0.35607
0.21217
0.096545
0.010056
-0.035637
-0.17297
-0.26966
-0.25052
-0.23872
-0.21018
-0.20435
-0.34955
-0.36152
-0.18923
-0.33814
-0.28188
0.055661
0.29486
0.24771
0.12372
-0.010977
-0.18317
-0.21795
-0.26921
-0.31278
-0.296
-0.30317
-0.33908
-0.44246
-0.60827
-0.50593
-0.18999
-0.25453
-0.20529
0.16536
0.40266
0.37147
0.14576
-0.11941
-0.2825
-0.26409
-0.33701
-0.39523
-0.3215
-0.27716
-0.34623
-0.56853
-0.76713
-0.59448
-0.21552
-0.16489
0.10369
0.55966
0.71527
0.51718
0.086668
-0.27247
-0.33731
-0.30033
-0.40694
-0.48645
-0.3207
-0.17139
-0.26359
-0.46385
-0.60028
-0.4405
-0.19962
0.038782
0.48153
0.96989
1.025
0.65258
0.06015
-0.33813
-0.36628
-0.28694
-0.327
-0.30936
-0.10518
-0.011234
-0.17955
-0.35257
-0.31771
-0.20419
-0.095247
0.18029
0.78568
1.2473
1.1797
0.69836
0.027425
-0.4202
-0.57039
-0.44183
-0.27304
-0.13753
0.040814
0.057793
-0.13197
-0.31056
-0.26783
-0.20875
-0.13622
0.34671
0.97679
1.3766
1.1044
0.50059
-0.040778
-0.42779
-0.72162
-0.64971
-0.3806
-0.21958
-0.094423
-0.029968
-0.051368
-0.076873
-0.083631
-0.1369
-0.12924
0.53395
1.1315
1.4195
1.0848
0.44489
-0.066213
-0.43475
-0.6933
-0.66911
-0.49072
-0.40457
-0.35561
-0.16109
0.094071
0.12844
0.052925
-0.015901
-0.083436
0.72448
1.2948
1.4759
1.2057
0.63515
0.070697
-0.3071
-0.53156
-0.5615
-0.56355
-0.50303
-0.37853
-0.098083
0.21636
0.15878
0.049106
0.044452
-0.0090345
0.70618
1.2077
1.3792
1.1838
0.72386
0.17698
-0.27051
-0.50982
-0.57709
-0.62003
-0.54669
-0.37023
-0.051074
0.22693
0.19574
0.17409
0.19256
0.11635
0.5775
0.91947
1.102
0.99897
0.64392
0.21681
-0.22301
-0.57617
-0.72005
-0.67461
-0.49303
-0.28561
-0.0087334
0.22181
0.21064
0.21696
0.24485
0.1529
0.39181
0.6579
0.84965
0.79242
0.5816
0.23331
-0.096319
-0.41745
-0.61752
-0.55701
-0.20849
-0.034152
0.037899
0.09584
0.019042
0.014936
0.14556
0.11656
-0.0076682
-0.032183
-0.038864
0.047458
0.12385
0.17626
0.15159
0.097961
0.15267
0.095845
-0.022093
-0.11694
-0.23007
-0.24308
-0.20051
-0.21281
-0.25417
-0.24179
-0.0046645
-0.075334
-0.19333
-0.16013
0.03117
0.15166
0.22776
0.21926
0.18896
0.11757
0.0064907
-0.16337
-0.30644
-0.31998
-0.24915
-0.36727
-0.48605
-0.3084
-0.054207
-0.14097
-0.297
-0.2944
-0.11118
0.039097
0.2334
0.26016
0.17108
0.103
-0.015751
-0.14922
-0.28292
-0.32551
-0.37692
-0.60384
-0.65933
-0.36107
-0.040975
-0.13479
-0.28844
-0.2158
-0.015404
0.030122
0.089561
0.15868
0.098403
0.050882
0.095346
0.059923
-0.16496
-0.41518
-0.63452
-0.74606
-0.53077
-0.086367
0.075611
-0.023103
-0.15258
-0.04648
0.21994
0.24551
0.10257
0.085877
0.06585
0.11215
0.2306
0.15291
-0.15655
-0.505
-0.76072
-0.65006
-0.25708
0.2394
0.077782
0.0011155
-0.074678
0.046977
0.30491
0.36036
0.21882
0.088773
0.060575
0.084056
0.11391
-0.069304
-0.33646
-0.61719
-0.77518
-0.50628
0.15809
0.49322
-0.034725
-0.01972
-0.017253
0.047632
0.27026
0.34623
0.19542
0.051882
0.0046948
-0.0045596
-0.066006
-0.26953
-0.52989
-0.71358
-0.61027
-0.13866
0.61313
0.71171
0.047667
0.097459
0.15087
0.13906
0.21379
0.27477
0.14279
0.035279
-0.041376
-0.18402
-0.31037
-0.48117
-0.64662
-0.60564
-0.24933
0.40612
0.97295
0.85856
0.11952
0.15338
0.25124
0.26173
0.21958
0.17067
0.13202
0.12536
-0.068577
-0.34911
-0.53531
-0.72368
-0.71691
-0.37639
0.26615
0.98197
1.1943
0.84962
0.045189
0.11189
0.25465
0.26069
0.16618
0.13782
0.17425
0.14479
-0.15794
-0.49733
-0.72004
-0.91094
-0.71131
-0.031059
0.8067
1.2192
1.0952
0.68505
-0.075879
0.047176
0.16719
0.14815
0.13635
0.21321
0.25794
0.11117
-0.27043
-0.61981
-0.88236
-0.95761
-0.51049
0.36365
1.0494
1.1631
0.87234
0.492
-0.079532
0.0037152
0.07397
0.1209
0.20522
0.28016
0.17536
-0.14104
-0.46627
-0.70657
-0.7885
-0.72816
-0.22769
0.62841
1.1224
1.1046
0.84705
0.50624
0.0076511
0.025015
-0.044617
0.051988
0.17513
0.1121
-0.13192
-0.42592
-0.69024
-0.74819
-0.58038
-0.40948
0.050702
0.71558
0.94154
0.83572
0.68097
0.43927
0.11029
-0.0039929
-0.2118
-0.1512
-0.022031
-0.14724
-0.40297
-0.60587
-0.80423
-0.67075
-0.2923
0.0098674
0.35807
0.7459
0.64926
0.40347
0.32695
0.20216
0.18633
-0.041818
-0.33432
-0.2981
-0.21373
-0.38443
-0.54555
-0.72834
-0.79256
-0.42337
0.12052
0.4962
0.75042
0.77248
0.41619
0.14344
0.072291
0.011717
0.11187
-0.10907
-0.37072
-0.4408
-0.47279
-0.59784
-0.75064
-0.85714
-0.65989
-0.047708
0.55299
0.88378
1.0199
0.81107
0.38759
0.11342
-0.037635
-0.029596
0.063474
-0.1531
-0.38115
-0.49518
-0.5621
-0.59717
-0.7658
-0.75641
-0.35021
0.27725
0.77244
0.92786
0.91849
0.70577
0.4447
0.26455
0.13528
0.15767
0.10277
-0.050971
-0.30736
-0.37682
-0.39269
-0.45324
-0.56987
-0.48079
-0.047086
0.43276
0.65269
0.65288
0.50682
0.38527
0.28691
0.24167
0.25308
0.28761
-0.16589
-0.21878
-0.30027
-0.18333
0.2378
0.63484
0.48404
0.080176
-0.15218
-0.29456
-0.44847
-0.5446
-0.55166
-0.31625
0.24335
0.75948
0.74632
0.4507
-0.30111
-0.41554
-0.54008
-0.50319
-0.0029894
0.49354
0.51903
0.21004
-0.083501
-0.30875
-0.44916
-0.54219
-0.66135
-0.42205
0.37592
1.0562
1.0971
0.68555
-0.33007
-0.47742
-0.50284
-0.47626
-0.21302
0.10701
0.25698
0.23178
0.054753
-0.095709
-0.26472
-0.50174
-0.73152
-0.56848
0.32377
1.1612
1.3192
0.80886
-0.1426
-0.2123
-0.19048
-0.21561
-0.10982
0.10566
0.33106
0.33304
0.2612
0.13912
-0.15311
-0.48089
-0.77784
-0.82294
-0.039942
1.0371
1.3707
0.88071
0.22411
0.27283
0.17736
-0.009809
-0.11353
0.12112
0.36818
0.46033
0.49353
0.38329
-0.029229
-0.44223
-0.75518
-0.96827
-0.49266
0.69402
1.2824
0.98951
0.34353
0.41075
0.24795
-0.0040542
-0.13057
-0.065568
0.04898
0.25487
0.50923
0.48308
0.13397
-0.28748
-0.74322
-1.0606
-0.79011
0.12356
0.91413
0.93889
0.18195
0.17044
-0.0040638
-0.19322
-0.21017
-0.21339
-0.25006
-0.10892
0.19742
0.40074
0.25881
-0.10948
-0.64154
-0.98067
-0.99696
-0.47624
0.23234
0.48527
0.10676
0.031295
-0.25318
-0.40903
-0.3482
-0.33452
-0.41709
-0.36997
-0.23558
-0.0023013
0.19812
-0.041716
-0.50081
-0.78634
-0.96919
-0.86136
-0.35412
0.060706
0.063721
0.091667
-0.132
-0.32163
-0.29809
-0.36127
-0.41172
-0.46793
-0.54801
-0.3636
0.0077336
0.043235
-0.30865
-0.54297
-0.70786
-0.86595
-0.73533
-0.33984
-0.049288
0.12476
0.11534
0.00052394
-0.051688
-0.19681
-0.31156
-0.41263
-0.53464
-0.46438
-0.13362
0.0915
-0.045486
-0.24726
-0.40376
-0.58085
-0.70966
-0.60429
0.0082042
0.22571
0.29298
0.28658
0.36811
0.22511
-0.071916
-0.27303
-0.32343
-0.26264
-0.068746
0.23965
0.27761
0.018261
-0.22825
-0.31849
-0.36635
-0.42629
0.0048674
0.24302
0.31105
0.29323
0.46293
0.45675
0.28912
0.057237
-0.088894
-0.052847
0.14677
0.45795
0.5043
0.11556
-0.24592
-0.30667
-0.29272
-0.24482
0.077041
0.25191
0.1616
0.07295
0.15657
0.28255
0.48
0.41511
0.16331
0.090175
0.27874
0.58044
0.61412
0.17201
-0.19126
-0.31898
-0.25747
-0.18548
0.11932
0.08706
-0.12029
-0.21843
-0.22957
0.038411
0.55081
0.71048
0.42095
0.26133
0.2625
0.43439
0.46397
0.14875
-0.023052
0.001844
-0.01014
-0.016452
0.0058019
-0.17916
-0.43809
-0.52494
-0.56447
-0.28343
0.31694
0.66408
0.65829
0.46377
0.32037
0.26748
0.21683
0.090211
0.13359
0.20524
0.18347
0.14828
-0.089594
-0.35551
-0.5806
-0.56026
-0.55659
-0.42681
-0.083908
0.2695
0.53004
0.61077
0.38527
0.17143
0.076095
-0.031581
0.044032
0.20453
0.24064
0.10489
-0.080674
-0.20348
-0.32434
-0.36742
-0.34827
-0.28921
-0.26217
-0.13613
0.16043
0.40905
0.22314
0.015156
-0.021572
-0.035391
0.1007
0.31409
0.38889
0.13397
-0.026426
0.015637
-0.025694
-0.13474
-0.17982
-0.15838
-0.21754
-0.20339
-0.0034287
0.10584
0.097816
-0.0098183
-0.066558
0.041749
0.2289
0.33082
0.33724
0.17714
-0.14147
-0.23967
-0.39599
-0.42894
-0.29707
-0.097109
0.19371
0.66738
0.8187
0.61971
0.37107
0.23613
0.15997
-0.013306
-0.14755
-0.21788
-0.18654
-0.11239
-0.31539
-0.41641
-0.47375
-0.46374
-0.34615
-0.044077
0.43748
0.93759
0.95261
0.7397
0.43285
0.21817
0.16903
0.078024
-0.078143
-0.22857
-0.32237
-0.30265
-0.34644
-0.40847
-0.40739
-0.43475
-0.42743
-0.129
0.51552
1.0817
1.0782
0.70867
0.30541
0.11271
0.12341
0.058928
-0.047641
-0.12957
-0.25764
-0.33331
-0.19014
-0.2775
-0.37996
-0.52537
-0.6708
-0.45729
0.32536
1.1276
1.255
0.73312
0.21336
0.0081186
0.027658
0.044497
0.013583
0.017151
-0.070498
-0.17836
-0.13764
-0.13549
-0.30033
-0.61903
-0.95029
-0.79897
0.071855
1.0448
1.2408
0.8158
0.26549
-0.081558
-0.092798
0.0611
0.16765
0.18991
0.14816
0.074264
-0.1406
-0.084288
-0.15013
-0.51553
-0.95348
-0.94595
-0.11711
0.88715
1.1497
0.84328
0.29945
-0.10941
-0.093326
0.11821
0.31374
0.35411
0.26703
0.22976
-0.16008
-0.14762
-0.15207
-0.44719
-0.84077
-0.92633
-0.30533
0.64765
1.0636
0.86627
0.39374
-0.0062552
-0.0091373
0.16438
0.35386
0.38679
0.21105
0.077103
-0.097499
-0.227
-0.27938
-0.48917
-0.76919
-0.90797
-0.50202
0.31102
0.87628
0.9518
0.63057
0.19767
0.11382
0.25117
0.38824
0.33308
0.0093579
-0.15211
-0.015852
-0.092092
-0.19606
-0.42536
-0.70475
-0.86806
-0.59448
0.061459
0.62758
0.99185
0.88822
0.52919
0.30563
0.40148
0.4275
0.29208
-0.016677
-0.19521
-0.11548
-0.018799
-0.044772
-0.32279
-0.65872
-0.88923
-0.64421
-0.084758
0.35738
0.69114
0.78261
0.52287
0.23809
0.32727
0.46336
0.36615
0.086765
-0.13015
-0.16785
-0.070532
-0.0053635
-0.27821
-0.65447
-0.9586
-0.71723
-0.11572
0.23485
0.34757
0.27072
0.073917
-0.088367
0.086358
0.35152
0.33259
0.14666
-0.041584
-0.051369
-0.021097
0.0065869
-0.2579
-0.65863
-0.99934
-0.79458
-0.19854
0.21367
0.29527
0.18526
0.02845
-0.07335
0.0075313
0.14207
0.1446
0.039914
-0.039309
0.029444
0.067329
0.017325
-0.2082
-0.53642
-0.89733
-0.74429
-0.21663
0.20825
0.42542
0.36302
0.25181
0.087344
0.011556
0.061614
0.11718
0.051423
-0.024491
-0.02114
0.010171
-0.022305
-0.15056
-0.27342
-0.46049
-0.45264
-0.1042
0.28822
0.46594
0.36465
0.20537
0.012455
-0.026122
0.042827
0.16995
0.15712
-0.0084063
-0.12614
-0.11147
-0.10937
-0.18357
-0.26204
-0.26116
-0.22952
-0.049722
0.23695
0.31594
0.17662
-0.012167
-0.14237
-0.015359
0.06204
0.097151
0.097242
-0.011313
-0.12574
-0.075004
-0.073848
-0.21221
-0.37539
-0.40353
-0.39022
-0.23128
0.0052072
0.11285
0.0029829
-0.18576
-0.26108
-0.07032
0.032804
-0.0082757
-0.03193
-0.073251
-0.079559
0.023019
0.059521
-0.020324
-0.20447
-0.37478
-0.50837
-0.4016
-0.1182
0.032733
-0.025855
-0.15554
-0.20165
-0.070341
-0.044206
-0.15661
-0.23614
-0.21191
-0.13529
-0.072251
0.044581
0.036622
-0.11332
-0.25821
-0.39176
-0.31025
-0.068912
0.058533
0.053651
0.022414
0.012403
0.028421
0.021275
-0.1399
-0.23798
-0.16566
0.033067
0.12714
0.064473
-0.10632
-0.11933
-0.019276
-0.0025357
-0.092902
-0.24422
-0.4794
-0.6697
-0.63732
-0.35751
0.21387
0.81019
0.89461
0.5837
0.27278
0.063681
0.069082
-0.037902
-0.22416
-0.26057
-0.183
-0.11137
-0.17075
-0.35349
-0.57632
-0.79106
-0.83181
-0.47032
0.25107
0.89718
1.0037
0.72312
0.32699
0.11453
0.031348
-0.1021
-0.15798
-0.12342
-0.11521
-0.13199
-0.19233
-0.3484
-0.70157
-1.0139
-1.0109
-0.48681
0.36586
1.003
1.0746
0.78172
0.42946
0.18078
0.025439
-0.08158
-0.027683
-0.025083
-0.053876
-0.11919
-0.18859
-0.34964
-0.86346
-1.2644
-1.1224
-0.43856
0.46713
1.079
1.1481
0.86389
0.45832
0.080208
-0.013188
-0.063644
0.018706
-0.018782
-0.033893
-0.055065
-0.14598
-0.36187
-0.90785
-1.3009
-1.0745
-0.28895
0.64939
1.167
1.1276
0.72426
0.28361
0.040191
-0.011893
-0.12833
-0.15451
-0.12516
-0.016818
0.09233
-0.038682
-0.36814
-0.94568
-1.2717
-0.84399
0.099374
0.99768
1.3336
1.0784
0.49673
0.045703
0.025768
-0.053896
-0.16017
-0.16938
-0.10489
0.026077
0.1592
0.02905
-0.32112
-0.88227
-1.0885
-0.62168
0.34724
1.1275
1.3268
0.93109
0.40629
0.02648
-0.13759
-0.1627
-0.089789
-0.059971
-0.06352
0.028918
0.089264
-0.033859
-0.31945
-0.64574
-0.78913
-0.42843
0.26732
0.86499
1.0122
0.67701
0.36773
0.11061
-0.17491
-0.18404
-0.077245
-0.066882
-0.13992
-0.042777
-0.0058542
-0.10462
-0.23179
-0.45793
-0.6042
-0.43888
0.026273
0.48806
0.66861
0.50163
0.33722
0.074515
-0.14676
-0.15929
-0.056741
-0.068546
-0.18829
-0.099362
0.030241
-0.087009
-0.27085
-0.32579
-0.46024
-0.40761
-0.18305
0.21223
0.46222
0.46816
0.38553
0.14403
-0.14716
-0.14347
-0.10183
-0.15844
-0.26689
-0.16499
-0.015311
-0.17291
-0.26802
-0.24065
-0.27855
-0.27723
-0.18258
0.034193
0.30921
0.43237
0.47334
0.3422
-0.28243
-0.24924
-0.18081
-0.18081
-0.22644
-0.26461
-0.19633
-0.20284
-0.088551
0.00012063
-0.13665
-0.16287
-0.069418
0.042134
0.20922
0.33246
0.41517
0.38536
-0.25623
-0.28265
-0.23753
-0.25422
-0.26604
-0.37173
-0.37963
-0.20586
0.058207
0.10879
-0.14555
-0.27455
-0.099476
0.19895
0.354
0.3452
0.2625
0.1561
-0.0065325
-0.049884
-0.13849
-0.24378
-0.34841
-0.45713
-0.44023
-0.14806
0.14059
0.15592
-0.052925
-0.24878
-0.044907
0.38567
0.57295
0.42762
0.14835
-0.020672
0.14071
0.16228
0.020412
-0.14866
-0.32726
-0.42429
-0.38152
-0.11837
0.19555
0.25185
0.07185
-0.087972
0.088758
0.58584
0.77862
0.47731
0.14208
0.019293
0.2338
0.30498
0.17469
-0.051156
-0.22443
-0.30864
-0.27474
-0.15217
0.029235
0.11151
0.031386
-0.025545
0.15124
0.57137
0.75729
0.48119
0.20888
0.091672
0.091939
0.17058
0.081527
-0.077985
-0.20525
-0.29641
-0.29712
-0.20838
-0.080758
0.011145
0.0051597
0.0082283
0.15771
0.42113
0.56898
0.40984
0.20979
0.049726
-0.086355
-0.089687
-0.15562
-0.23073
-0.24706
-0.30474
-0.37825
-0.28081
-0.11853
0.02629
0.063949
0.051127
0.15811
0.3024
0.3126
0.17526
0.08068
0.043525
-0.14126
-0.1314
-0.12485
-0.037415
0.11377
0.07624
-0.060603
-0.16609
-0.28119
-0.41469
-0.30116
-0.097625
-0.050517
0.048836
0.19375
0.15343
0.093789
0.14627
-0.0571
-0.061225
-0.20096
-0.16283
0.068975
0.11419
0.0038985
-0.25242
-0.48336
-0.55594
-0.47684
-0.31039
-0.15542
0.063109
0.25196
0.16073
-0.033875
-0.025105
0.07774
0.14381
-0.030793
-0.071627
0.03303
0.08404
-0.11608
-0.42965
-0.59261
-0.60598
-0.64719
-0.41543
-0.1488
0.057758
0.063145
-0.0098908
-0.098845
-0.023437
0.061085
0.1974
0.13307
-0.010279
-0.045133
-0.036652
-0.28822
-0.58496
-0.6113
-0.56958
-0.4673
-0.12888
0.13396
0.071875
-0.12441
-0.18668
-0.12849
-0.021624
-0.031125
0.1006
0.14748
0.0028224
-0.16507
-0.24444
-0.52306
-0.77181
-0.71205
-0.40392
0.021997
0.40934
0.53722
0.22314
-0.068135
-0.10386
-0.088917
0.0026379
-0.12699
0.012353
0.19564
0.037786
-0.301
-0.55943
-0.74432
-0.88899
-0.70944
-0.15827
0.39319
0.68737
0.61444
0.32958
0.076438
-0.069742
-0.15369
-0.062592
-0.16986
0.043806
0.235
0.01884
-0.453
-0.8306
-0.95607
-0.86107
-0.52462
0.083188
0.51089
0.59232
0.48488
0.28305
0.09187
0.010258
-0.1024
-0.048544
-0.10101
0.10223
0.186
-0.16152
-0.71147
-1.1062
-0.9936
-0.60928
-0.16406
0.25467
0.48518
0.53434
0.41982
0.19775
0.058812
0.11701
0.10158
0.044503
0.022589
0.065524
-0.001738
-0.40067
-0.97791
-1.198
-0.78753
-0.22319
0.25669
0.46002
0.55426
0.45058
0.23262
0.0056406
-0.041112
0.1163
0.18587
0.13613
0.062894
-0.039789
-0.22072
-0.61802
-1.0578
-1.0143
-0.36099
0.33129
0.78199
0.77164
0.63266
0.40467
0.15048
-0.02322
-0.011913
0.11392
0.22522
0.18974
-0.078389
-0.29945
-0.47176
-0.76171
-0.96182
-0.6586
0.10621
0.7882
1.1072
0.97118
0.62021
0.32592
0.16232
0.013958
-0.02244
0.10149
0.19534
0.10459
-0.21927
-0.43906
-0.62272
-0.83407
-0.7765
-0.32106
0.44326
1.0451
1.1812
0.89987
0.40645
0.09807
0.019141
-0.048823
-0.096921
0.060849
0.080663
-0.042535
-0.43084
-0.58139
-0.7377
-0.77842
-0.50065
0.059715
0.65854
1.0504
1.0011
0.62323
0.17962
-0.011412
0.010064
0.018322
-0.012599
0.038964
-0.039378
-0.061853
-0.57442
-0.66047
-0.7078
-0.60084
-0.13583
0.35637
0.73626
1.0112
0.84339
0.41467
0.17355
0.1053
0.11295
0.14528
0.12678
-0.019131
-0.098707
-0.017747
-0.565
-0.67695
-0.71556
-0.46042
0.081477
0.48222
0.83064
0.99358
0.76064
0.47583
0.35131
0.26431
0.16664
0.17838
0.11895
-0.066696
-0.030161
0.11272
-0.55857
-0.7453
-0.69009
-0.31177
0.237
0.65021
0.8975
0.79412
0.5223
0.41343
0.46015
0.34667
0.17807
0.1142
0.015685
-0.0096649
0.097054
0.20094
-0.51891
-0.57641
-0.35078
-0.00096632
0.47154
0.83679
0.85041
0.51817
0.30298
0.28535
0.3276
0.1973
0.1025
0.06753
-0.012948
0.038788
0.12796
0.14922
-0.41179
-0.28202
-0.043982
0.20732
0.52196
0.72642
0.5853
0.28494
0.20346
0.2757
0.20482
0.023208
0.044589
0.044824
-0.022467
-0.0018209
0.068616
0.079682
-1.1538
-1.1333
-1.19
-1.1628
-1.1979
-1.1282
-1.1527
-1.1163
-1.0909
-1.0985
-1.1763
-1.0204
-1.2106
-1.0845
-1.2549
-0.0014069
-0.00095979
0.0084483
0.010315
0.0010778
0.00061957
-0.0012469
-0.0044101
-0.004864
-0.0028328
0.00022806
-0.003168
-0.0013685
-0.0031847
-0.014719
-0.018114
-0.0085048
-0.0060566
0.003002
0.0045627
0.017712
0.019053
0.0061062
0.0049876
0.0040653
0.0034236
0.0031442
0.0040664
0.005269
-0.0016576
-0.0074647
-0.0097993
-0.017237
-0.014625
-0.0044477
-0.0070712
0.0034715
0.0084266
0.01438
0.015007
0.010398
0.0080038
0.0043903
0.0028856
0.0016021
0.0024069
0.0078217
0.0005365
-0.0083954
-0.012851
-0.017945
-0.01337
-0.0060975
-0.009334
-0.00050723
0.0066355
0.0088079
0.0068445
0.0090074
0.0090439
0.004378
0.0033512
0.0015269
0.001685
0.0081797
0.0057773
-0.0010694
-0.004438
-0.012633
-0.019008
-0.020672
-0.018892
-0.0032623
0.0029302
0.0059433
0.0033344
0.0097739
0.0082873
0.0042444
0.0030114
0.0048358
-0.00086879
-0.0029977
0.0024199
0.0025579
-0.0028361
-0.0090078
-0.01894
-0.027066
-0.026725
-0.0054825
0.0028975
0.0081461
0.0028686
0.0067347
0.0079126
0.0050211
0.0030174
0.0042338
-0.0052594
-0.010221
0.0020987
0.0036906
-0.0059895
-0.012141
-0.014809
-0.022073
-0.027331
-0.001988
0.0023629
0.0096312
0.0083508
0.0043726
0.0033703
0.0028265
-0.0010361
0.0021653
-0.0057236
-0.011694
-0.00076584
0.0014866
-0.0060643
-0.008269
-0.0063077
-0.014051
-0.020312
0.0062788
0.006389
0.0078257
0.0023684
-0.0017458
0.002601
0.0020692
-0.0024692
0.0044555
-0.0030901
-0.010233
-0.0054083
-0.0057493
-0.0053773
0.0016328
0.0058086
-0.0018647
-0.011772
0.0093163
0.0066392
0.0046688
-0.0035276
-0.0066174
0.0022807
0.0024069
-0.0039344
-0.0023883
-0.0023959
-0.0010548
0.0011138
-0.0035334
-0.0050315
0.00064103
0.0032738
0.00016478
-0.0072852
0.0066997
0.0017156
0.00088697
-0.0046679
-0.0086648
-0.0032437
-0.0039559
-0.0082297
-0.0070858
-0.0035757
0.0047326
0.0094557
0.0047455
-0.0064043
-0.012767
-0.013431
-0.01087
-0.0086144
0.0054727
0.00091647
-0.0045533
-0.0076158
-0.008691
-0.006172
-0.0052676
-0.0062057
-0.0019045
0.004497
0.0087352
0.0090806
0.0070878
-0.002038
-0.0093011
-0.015493
-0.016787
-0.014472
0.010176
0.0054055
0.0022139
0.0034931
0.0028951
-0.00031813
-0.0047488
-0.0051063
0.0042996
0.010391
0.0058974
-0.001939
-0.0051259
-0.0070844
-0.0049175
-0.008496
-0.014283
-0.015813
0.011024
0.0033829
0.0079271
0.016432
0.017674
0.0075542
-0.0062916
-0.0073682
0.0056897
0.010684
0.0029622
-0.0099352
-0.017909
-0.01607
-0.0080713
-0.0077094
-0.013962
-0.014584
0.0011763
-0.0081805
-0.0018773
0.0088234
0.014671
0.0070269
-0.0065333
-0.0034544
0.007207
0.0068671
7.234e-05
-0.0091669
-0.016642
-0.013363
-0.011065
-0.014471
-0.016623
-0.012936
0.0034489
-0.0045958
-0.0042418
-0.0027837
0.0063003
0.0081203
0.0026149
0.006679
0.0061284
-0.00020184
-0.00012856
-0.0033372
-0.011729
-0.01663
-0.019413
-0.020589
-0.014928
-0.0072969
0.0041914
-0.0011084
-0.0066911
-0.008001
0.0014309
0.0085243
0.0062357
0.013133
0.010699
0.0016191
-0.00020668
-0.0012249
-0.0055325
-0.016576
-0.024539
-0.022961
-0.015623
-0.010531
-0.0005613
-0.0078439
-0.013043
-0.0084918
0.00087447
0.0040219
0.0047335
0.011641
0.014014
0.008108
-0.0015758
-0.0058982
-0.0021572
-0.0070427
-0.012487
-0.012298
-0.0094952
-0.0090816
0.0082779
-0.0030482
-0.0037334
0.0010143
0.0031421
0.00099344
0.0044443
0.0073597
0.0035354
0.001646
-0.0005452
8.2629e-05
0.0032128
0.0022219
0.000535
-0.00080652
-0.00059082
-0.0052488
