-0.011637
-0.4971
0.0089578
-0.9057
-1.097
-0.057712
-0.0021227
0.15093
-0.015857
0.0011403
-0.82421
0.0021851
-0.015459
-0.0075033
-0.28361
1.4614
0.22768
0.65429
-0.0055466
-0.0092848
-0.0025403
-0.0015801
0.028647
-0.00034508
-0.0004703
-0.51766
-0.15694
0.0033615
-0.0016914
-0.33111
0.005363
0.00048033
-1.2016
1.0285
-0.098235
0.71125
-0.0020411
-0.00082848
0.31391
-0.014174
0.0038273
-0.0015702
-0.00052606
-0.00011208
0.0060854
-0.00024431
0.8508
-0.62155
0.26058
0.092372
0.96526
-0.0090256
0.002291
-0.36591
-0.0041408
0.0018563
-0.9233
-0.13447
0.0023177
-0.012594
0.0079485
0.0026454
-0.00089905
0.0082598
0.0042245
-0.33336
0.36798
-0.1705
-1.1255
0.95561
-0.00094275
0.060302
-0.0019362
0.45073
0.32071
-0.0024833
-0.0017751
-0.0052944
-0.30278
-0.053578
-0.00028549
-0.00017459
-0.029007
-0.015527
-0.0074624
-0.023343
-0.61674
0.021229
-0.70541
-0.25425
-0.45736
-0.006285
0.38695
-0.034878
-0.0014393
-0.8023
0.0041193
-0.038567
-0.0049475
-0.84329
1.7175
0.14933
0.81755
-0.0095608
-0.012409
-0.0009563
0.00092799
0.028946
0.0069727
0.001161
-0.43519
-0.5593
-0.00082663
-0.00052042
-0.54027
0.0079893
0.001993
-1.4427
1.3309
-0.35911
0.976
-0.0025114
-0.001195
0.57436
-0.024389
0.0046854
0.0056984
-0.00057156
-0.00042058
0.0068166
0.0020672
1.2714
-0.78532
-0.20988
0.55665
0.2433
-0.0049711
0.00061492
-0.57375
0.0014097
-0.0013804
-0.21809
-0.10949
0.0020985
-0.0050492
0.0040603
0.0016295
0.0056987
0.0096145
-0.00067645
-0.714
0.69248
-0.12852
-1.3297
0.57655
-0.005571
0.076065
-0.0048316
0.15179
1.0424
0.0013211
-0.004947
-0.0011102
0.045532
-0.11255
-0.0028508
0.001549
0.38303
-0.022774
-0.01971
-0.026948
-0.16537
0.021465
0.42073
0.82216
-0.88095
-0.0037187
0.44062
-0.038087
-0.0020254
-0.4505
0.0044823
-0.034814
-0.0030373
-1.0971
1.3655
-0.13967
0.52274
-0.0015517
-0.0069541
0.0025142
-0.0045857
0.014141
0.0053667
-0.0065652
-0.080519
-0.76772
-0.0010387
-0.0011444
-0.37499
0.002588
-0.0021248
-1.3151
0.77006
-0.6365
0.41848
-0.00057182
-0.00029122
0.74904
-0.024857
-0.0064406
0.0046369
-0.0033464
-0.00086056
0.00077828
0.0022131
1.0841
-0.76181
-0.87361
0.96611
-0.77531
-0.0053112
0.0070964
-0.42061
-0.00042332
0.0039272
1.001
-0.14517
0.00037201
-0.002445
0.0045362
0.0020153
0.002848
0.0072132
-0.0025419
-1.0333
0.45213
0.099703
-0.41505
-0.55432
-0.01088
0.050561
-0.0058012
-0.61952
1.1111
0.0012687
-0.0017783
-0.00035077
0.62672
-0.20884
-0.0079868
2.2973e-05
1.1409
-0.020488
-0.020656
-0.0042727
0.45004
0.023305
1.1809
0.66838
-0.62417
-0.0023172
0.19695
-0.0030449
-0.004475
-0.082433
-0.0046664
-0.0087433
0.0030605
-0.37511
0.98922
-0.32222
-0.11341
0.014997
0.0010413
-0.0026205
-0.0020884
0.015822
0.0022269
-0.0021992
0.067586
0.074501
0.0013031
0.0018415
0.18815
0.0051462
0.0025207
-1.158
-0.19145
-0.52219
-0.46995
-0.0059612
0.0031872
0.5328
-0.0052147
-0.0029829
0.0028537
-0.0013226
-0.012205
0.0014865
0.0018615
0.54277
-0.8147
-0.95957
0.57714
-0.922
-0.0053419
0.011012
0.13488
-0.0032825
0.0027099
1.0752
-0.40927
0.010656
-0.0053297
0.0051752
0.015766
0.0013744
0.013042
-0.0031803
-1.1373
-0.25184
0.4086
0.66431
-1.0863
-0.006774
0.037808
-0.0016896
-1.1513
0.29578
0.0045412
-0.008548
-0.0045209
1.0621
-0.26401
-0.0039376
-0.0015185
1.8626
-0.0039725
-0.0019476
0.021002
0.52624
0.015159
0.67904
-0.11136
0.66924
0.00080363
-0.14708
0.044103
-0.0077518
0.19494
-0.013789
0.029578
0.0096714
0.69162
0.71195
-0.29024
-0.65875
0.010797
-0.0069219
-0.0074815
-0.011488
0.030764
0.00082838
0.00014576
0.041351
1.5841
0.0046754
2.0878e-05
0.62729
0.00078888
0.0036365
-0.98441
-0.7245
-0.20164
-0.83005
-0.0022222
-0.0016273
-0.11906
0.020203
-0.00099585
-0.0021689
-0.0013161
-0.008711
-0.0061052
-0.0013288
0.091414
-0.87263
-0.37693
-0.5561
-0.58722
0.0033942
0.019361
0.54724
-0.0028488
0.0094298
-0.0030222
-0.46034
0.0081883
-0.026868
0.0049195
0.016047
-0.0028976
0.011159
0.0013179
-0.88285
-0.66536
0.5718
0.84661
-0.45207
-0.0045032
0.042631
-0.0069769
-1.1953
-0.56958
-0.0045634
-0.0011033
0.0055686
1.1556
-0.19689
0.00040444
-0.0063675
2.1128
0.01391
0.012083
0.020671
0.21968
0.0073875
-0.11191
-0.47155
1.2982
-0.00090307
-0.29956
0.052633
-0.0037834
0.17577
-0.014793
0.035225
0.012792
0.88324
0.41219
-0.17286
-0.73683
-0.001087
-0.0095198
-0.0014875
-0.0070881
0.031547
-0.0003275
-0.00017907
0.04195
1.8807
0.0035515
0.0041338
0.5346
0.0029405
-0.0019624
-0.66861
-0.5917
-0.069036
-0.48937
-0.00054269
0.0062992
-0.51608
0.024124
-0.0004017
-0.0053053
-0.0055041
-0.0060358
9.6461e-05
0.0034458
-0.11789
-0.64124
0.083927
-1.1277
-0.2099
0.00081945
0.01261
0.48061
-0.0076509
0.0057362
-0.68786
-0.0902
0.0078522
-0.031124
0.0006814
0.01513
-0.0051325
0.00080381
-0.0011354
-0.4404
-0.50442
0.37896
0.25796
0.32861
0.0065929
0.029977
-0.00793
-0.8874
-0.70821
-0.0059684
0.0025846
0.0010514
0.82652
-0.10433
-0.0013596
-0.0021783
1.4852
0.013974
0.0098776
-0.028485
-0.59112
-0.0040005
-0.95489
-1.4006
0.0052539
-0.0025184
0.23942
-0.02642
-0.005565
-1.0743
-0.0009458
-0.030085
-0.01174
-0.4817
1.5211
0.40224
-0.10619
-0.012266
-0.006959
0.00090094
-0.011382
0.04031
-0.0011576
0.007678
-0.72696
0.19071
0.0023261
-0.00045798
-0.40879
0.0033022
0.0010388
-0.63077
1.1544
1.1262
1.0875
0.0014261
-0.0023409
0.20046
-0.021993
0.0032166
-0.004395
0.00021096
0.0029672
0.0005388
0.00044478
0.26332
-0.61876
0.77184
-0.024573
1.365
-0.0030685
-0.0025445
-0.44596
-0.00095956
-1.6028e-05
-0.68707
-0.2051
0.00082474
-0.010659
-0.003446
0.0026835
-0.006013
0.0035095
-0.0021895
-0.85086
0.37306
0.19116
-1.4574
1.1142
0.0036612
0.071536
0.0029327
0.8805
-0.28988
-0.00093527
0.0035942
-0.00091171
-0.44622
0.07789
0.0029778
0.0013024
-0.51046
-0.025537
0.0040307
-0.036348
-0.72751
0.0018236
-1.1049
-0.23283
-0.43179
-0.0012525
0.50125
-0.046688
-0.0043469
-1.2877
0.0088045
-0.048522
-0.007339
-1.128
1.5488
0.33209
-0.32957
-0.019271
-0.0033427
-0.0025227
-0.010393
0.042652
0.0013852
-0.0005528
-0.95027
-0.28004
-0.0044224
-0.0018004
-0.63667
-0.0015735
-0.0022674
-0.72346
1.3972
1.3797
1.1872
0.0023187
0.0050486
0.36494
-0.036988
0.0048004
0.0021789
-0.0018419
0.0075782
0.0026015
0.0025043
0.74068
-0.7551
0.43541
0.45175
0.46064
-0.0036362
0.0035028
-0.67052
-0.00098519
-0.0077436
0.48599
-0.15172
-0.0078225
-0.0033105
-0.00019219
-0.0028783
0.00407
0.0080484
0.0026311
-1.1713
0.76429
0.35861
-1.1311
0.32683
-0.00022963
0.073686
0.0086144
0.95593
0.60499
8.6916e-05
0.002985
0.0015696
-0.034036
0.053341
-0.0039092
0.00097678
-0.44736
-0.030625
-0.0032221
-0.026476
-0.18149
-0.0013486
-0.013145
1.1398
-1.007
-0.006647
0.49765
-0.03889
-0.0041657
-1.1441
-0.0036496
-0.046525
-0.001269
-0.9987
0.75838
0.077702
-0.65719
0.003441
-0.0091643
0.00072664
-0.012809
0.032142
0.0029581
5.7095e-05
-0.64626
-0.92683
-0.0014949
0.0054445
-0.36924
0.0029112
0.0009377
-0.66005
0.70233
1.17
0.13822
-0.00080848
-0.0011653
0.40094
-0.037321
0.0016941
0.0023973
0.001231
0.005976
0.0024591
0.00070936
0.96371
-0.65384
-0.64
1.1001
-0.88028
-0.0030409
0.0044851
-0.4038
0.00017739
-0.0048346
1.4816
-0.32605
0.0010868
-0.00027276
0.0049654
0.0044633
0.0010767
0.0080639
0.00084572
-1.0183
0.48354
0.494
0.4576
-1.0384
-0.0019896
0.045141
0.0017336
0.22018
1.2863
0.0028117
-0.0058046
0.00078712
0.71401
-0.047577
7.7834e-05
-0.00069859
0.098201
-0.012688
-0.016096
-0.0023259
0.52426
0.00078061
1.303
0.83631
-0.70993
0.0021753
0.1168
-0.0017828
-0.0049999
-0.91017
-0.015542
-0.0082045
0.0096782
0.20297
0.12196
0.0093136
-1.0618
0.012739
-0.011476
-0.0046091
-0.017393
0.027505
0.0071671
-0.0016062
-0.2981
-0.38971
0.0020069
0.0021571
0.34597
0.0060533
0.0016714
-0.63864
-0.33755
1.0107
-0.91118
-0.006727
-0.00067105
0.00024425
-0.01025
-0.0056248
-0.00047948
0.0012431
0.00084379
0.0020046
0.0054693
1.0001
-0.58236
-1.1755
0.87549
-1.0033
-0.0046065
0.0045886
0.29588
0.00050203
-0.0016411
0.80489
-0.73016
0.0015454
-0.006455
0.0018374
0.0035824
-0.0010192
0.0033175
0.00063999
-0.53279
-0.36562
0.65757
1.2867
-1.1845
0.0011041
0.039687
-0.0015579
-0.72512
0.91404
-0.00020729
-0.0041676
-0.0036169
1.2501
-0.19048
-0.0014606
0.0022464
0.79562
0.0022011
-0.0074984
0.019457
0.55247
-0.0026121
1.249
-0.10576
0.86353
0.0053963
-0.3737
0.050441
-0.0089131
-0.64346
-0.025859
0.037315
0.013618
1.1358
-0.13008
0.17775
-1.3019
0.011572
-0.014618
-0.00044397
-0.019057
0.03643
-0.00069919
-0.0027824
-0.073609
1.3672
-0.0029477
-0.0033488
0.80355
0.0040751
0.003736
-0.58105
-0.84049
0.87436
-0.95656
-0.0065784
-0.0019138
-0.74616
0.025197
-0.0037276
-0.0024715
-0.00087725
0.0050359
0.00032392
-0.0035111
0.89214
-0.50771
-0.71428
-0.50265
-0.56363
-0.00162
0.0060045
0.72263
-0.0059304
0.0010914
-0.61708
-0.54401
-0.0052373
-0.017726
0.0029919
0.0090137
-0.0040652
0.00015114
-0.0035084
-0.00040953
-0.83909
0.63073
0.70636
-0.018022
0.0060105
0.046352
-0.0053278
-1.3094
-0.10524
-0.0024999
-0.00032477
-5.0698e-05
1.3459
-0.24665
0.0048966
-0.0047818
1.0861
0.022845
0.0042418
0.023246
0.14596
-0.0088291
0.29181
-0.46817
1.5721
0.0037848
-0.56971
0.061993
-0.0084789
-0.39891
-0.022513
0.046742
0.012208
0.90624
-0.18742
0.24195
-1.0509
-0.0036293
-0.015304
-0.00035144
-0.012754
0.037633
-0.0051424
0.0045251
0.044157
2.0955
-0.00082164
-0.00066229
0.61314
0.0021382
-0.0021477
-0.43476
-0.66424
0.49883
-0.29513
-0.00087487
0.00065577
-1.0111
0.030124
0.0046831
0.00021213
-0.0022909
0.006644
-0.0055365
-0.00302
0.52837
-0.23942
-0.069413
-1.3334
-0.219
-0.0028305
0.0021225
0.54694
0.0016807
-0.0014785
-0.98844
0.17602
-0.011257
-0.026859
0.00048327
0.0032251
-0.0093069
-0.00040473
-0.0015911
0.2533
-0.65925
0.33385
-0.16873
0.80461
0.0079632
0.042209
-0.013566
-1.211
-0.64538
-0.00022145
-0.00091997
0.00090906
0.9449
-0.19521
0.0028014
0.0017335
0.72992
0.018587
0.0028745
-0.037268
-0.51117
-0.019152
-0.53148
-1.4217
0.079635
0.00052723
0.33944
-0.024884
-0.0020896
-0.07569
0.01029
-0.020274
-0.007272
-0.74148
0.51462
0.30712
-1.0594
-0.021143
0.0053781
-0.0042223
-0.0088312
0.025119
-0.0061621
0.0053659
-0.151
0.6433
-0.0018174
0.00064753
-0.38219
-0.0068066
0.0029895
0.98457
0.67395
1.2201
1.1166
0.0064316
0.00054802
-0.21221
-0.028196
0.0018466
-0.0064578
-0.0014599
0.0074459
-0.0030579
-0.0032735
-0.89464
-0.6306
0.96639
-0.17318
1.4746
0.0016948
-0.0053139
-0.41183
-0.0021982
-0.0079718
0.23933
-0.094099
-0.008268
-0.00011415
-0.0060327
-0.005762
-0.0018504
0.004163
0.0048754
-0.93074
0.28469
0.95509
-1.1497
0.47259
0.0058803
0.031499
0.0016072
0.58961
-0.98325
-0.0034601
-0.00093405
0.0040128
-0.51122
-0.34604
-0.0020702
0.0021285
-0.53292
-0.025578
0.016339
-0.043898
-0.64687
-0.015536
-1.0576
-0.18209
-0.2765
0.002488
0.5919
-0.042043
-0.00014958
-0.26831
0.0073007
-0.036366
-0.008865
-1.0853
0.21013
0.54334
-1.3324
-0.016586
0.0092071
-0.0018183
-0.0068974
0.028139
-0.0037276
-2.347e-05
-0.77138
0.31462
-2.7634e-05
0.0036957
-0.56966
-0.0082251
-0.00074449
1.263
0.73853
1.4526
0.8266
0.0024344
-0.0044854
-0.34199
-0.033491
0.0057504
0.0013657
-0.0030211
0.013033
-0.0019068
0.0021493
-0.89811
-0.65208
1.1532
0.15087
0.5817
0.0014463
-0.0079055
-0.59363
0.00027812
-0.012665
1.174
-0.11472
-0.011903
0.0072686
-0.0095022
-0.0032446
5.8163e-05
-0.0058694
0.0060336
-0.6988
0.63913
1.2456
-0.13703
-0.49219
0.010891
0.01642
0.0056103
1.1783
-0.46769
-0.0013118
0.0010989
-0.00020231
-0.24658
-0.53502
0.0056963
0.003864
-0.85188
-0.018935
0.013732
-0.014767
-0.13824
-0.020829
-0.70372
1.2012
-0.89742
-0.00040052
0.46107
-0.028
-0.0030582
-0.61796
-0.0045892
-0.025855
-0.0041409
-0.32739
-0.41408
0.77931
-1.1889
0.0070049
0.0040373
0.0062981
-0.016454
0.011376
-0.0043963
-0.00017115
-1.025
-0.58704
-0.0011938
-0.0012248
-0.2727
-0.0050236
0.0019562
1.0673
0.23134
1.2593
-0.417
0.0047465
0.00096544
-0.48782
-0.023832
0.0018941
0.00085287
0.0014003
0.010119
-0.0054764
-0.0023616
-0.47583
-0.32966
0.26048
0.87249
-0.75941
-0.0040789
-0.0049519
-0.27022
-0.00061034
-0.0077012
1.0436
-0.59329
-0.0078277
0.0045304
-0.0076377
-0.0094356
-0.00098871
0.00014168
-0.0032797
0.15638
0.36552
0.9766
1.2584
-1.2614
0.0070748
0.005712
0.01171
1.2561
0.63302
-0.00314
0.00078952
0.0024985
0.38323
-0.63037
0.0033916
0.000852
-0.95193
-0.0016634
0.013941
0.017421
0.51152
-0.014149
0.61795
0.81931
-0.72518
0.0033813
-0.061592
0.010286
-0.0055887
-1.0119
-0.014191
0.0090043
0.014727
0.82425
-0.80009
1.1325
-0.84097
0.013404
-0.0069748
-0.0013602
-0.017216
0.0069524
0.0018638
0.00061348
-0.78288
-0.91147
0.00090067
0.00045535
0.38616
9.9314e-05
-0.0028017
0.72955
-0.36183
0.98195
-1.0867
-0.00092515
-0.003655
-0.80344
-0.0020087
-0.0017265
0.0036024
-0.00079238
0.0073214
0.0019273
-0.0005925
0.23685
0.080513
-0.85804
0.85987
-0.76603
-0.0030197
-0.009938
0.37564
0.0043183
-0.0067304
-0.30028
-0.95927
-0.007848
0.0010833
-0.0065306
-0.0084213
0.0014281
-0.0048779
0.0017799
0.91011
-0.40286
0.50225
1.1
-0.60794
0.0026248
0.013818
0.0088048
0.57984
1.1467
0.0051445
0.0010475
-0.0039234
0.76109
-0.76671
0.0032024
0.0043338
-1.0115
0.017489
0.0096365
0.037302
0.48567
-0.012297
1.3724
-0.10276
0.7609
0.0046853
-0.60355
0.047254
-0.0026122
-1.1858
-0.01769
0.034222
0.0093486
0.92945
-0.83326
1.4186
-0.45767
-0.0014548
-0.017957
-0.0015791
-0.020728
0.014978
-0.0061077
-0.0013373
-0.28705
-0.012026
-0.005433
0.0015752
0.70863
0.0035682
0.001306
0.541
-0.6359
0.69128
-0.56406
0.0016407
-0.00045221
-1.1405
0.026691
-0.0005929
-0.0055985
0.0008619
0.0082054
-0.0036154
-0.00090659
0.75611
0.40789
-1.1342
-0.43954
-0.23103
0.0025484
-0.010427
0.67321
0.0035135
-0.010434
-1.1805
-0.2214
-0.0075864
-0.0073517
-0.0043544
-0.017376
-0.0094964
-0.012759
-0.0031622
1.1685
-0.79851
0.045735
-0.1037
0.70168
0.0012606
0.035772
-2.1762e-05
-0.49555
0.7492
0.0038778
-0.0026111
-0.00011413
0.73378
-0.82796
0.0053307
0.00049707
-1.0887
0.023803
0.0064822
0.031615
0.037883
-0.015181
0.85225
-0.42021
1.4865
0.010698
-0.71218
0.041635
-0.0045926
-0.93151
-0.014205
0.038417
0.002845
0.24387
-0.58811
1.1519
-0.14079
-0.020868
-0.01494
0.00095128
-0.010985
0.023833
-0.00078017
0.0052463
0.044449
1.0064
-0.00021888
0.0016399
0.45287
0.0050744
-0.0022078
0.31724
-0.48924
0.28344
0.30211
-0.0033565
-0.002147
-1.0156
0.02495
0.0048646
0.0007993
0.0048341
0.0066402
2.3212e-05
-0.00076392
0.76441
0.51421
-0.6367
-1.334
0.020748
0.00097795
-0.010551
0.41596
0.005505
-0.0083355
-0.8452
0.80803
-0.0088873
-0.0132
-0.010882
-0.012079
0.0011482
-0.0090857
-0.0019892
0.87277
-0.58699
-0.22653
-0.74294
1.0722
0.0065037
0.028117
-0.0022237
-1.0067
0.060382
0.0016275
0.0034098
-0.0050196
0.38162
-0.6392
0.0063445
-0.0030279
-0.9022
0.015499
0.0081121
-0.046043
-0.53858
-0.00524
0.078506
-1.424
0.15582
0.0038297
0.58115
-0.025449
0.002374
1.0941
0.01801
-0.020279
-0.00022855
-1.0081
-0.43087
-0.061983
-0.6985
-0.015568
0.010486
-0.0010386
0.011492
-0.00082519
-0.0023331
0.0011736
1.0366
0.61222
-0.0034019
-9.4584e-05
-0.438
-0.012187
-0.003468
1.3738
0.19172
-0.46074
0.78102
-0.00023588
-0.0032119
-0.59154
-0.022532
0.0016196
-0.0036902
-0.001177
0.0050862
-0.00086839
-5.9661e-05
-0.79232
-0.63351
0.42255
-0.19691
1.533
0.0079044
-0.0026479
-0.47096
0.0029495
-0.0058527
0.94217
0.17198
-0.015901
0.0088813
-0.0028176
-0.00898
-0.00035914
-0.0011522
-0.0015266
-0.088436
0.39883
1.2257
-0.4008
-0.49943
0.0049215
-0.010918
-0.0049109
-0.33825
-1.091
-0.0026802
-0.00094496
-0.00063964
-0.6467
-0.67308
0.0030307
0.0032265
-0.21236
-0.022036
0.017794
-0.047746
-0.74432
0.00078638
-0.61566
-0.24489
-0.17071
0.003665
0.83889
-0.0364
0.001285
1.3541
0.022349
-0.025884
0.0025761
-0.76673
-0.6916
0.27796
-0.4867
-0.01162
0.016361
0.0039113
0.015569
-0.014603
-0.0040061
0.0024362
0.4319
0.48131
0.0024942
0.0029602
-0.58005
-0.01286
-0.0018129
1.5056
0.12774
-0.71953
0.17518
0.0036137
-0.0030427
-0.87972
-0.028278
-0.00011289
0.00070549
-0.002715
0.004762
0.0010231
-3.5249e-05
-1.191
-0.57604
1.1249
0.14163
0.72024
0.0044937
-0.0076839
-0.60515
0.0020525
-0.0010806
1.0534
-0.13643
-0.013178
0.0053699
-0.0034045
-0.0047422
0.0037014
-0.00025322
0.00096688
0.5354
0.71165
1.2921
0.73649
-1.1774
0.0051156
-0.038963
-0.00032717
0.23597
-1.1322
-0.00020171
-0.00057022
-0.00073094
-0.53659
-0.99533
0.00062836
0.0010814
-0.50603
-0.017587
0.020116
-0.0079456
-0.23439
-0.004804
-1.0373
1.1725
-0.83388
0.00045841
0.48859
-0.021975
0.00078383
1.0171
0.012077
-0.01644
0.0082243
0.48093
-0.68455
0.85015
0.20489
0.016164
0.014835
0.0016885
0.017178
-0.031786
-0.00078083
0.0014777
-0.56496
-0.20839
-0.0045045
0.00053012
-0.24579
-0.0069095
-0.0022691
1.1447
-0.090837
-0.82542
-0.84903
0.0039232
0.0015597
-0.82634
-0.0082016
0.0032876
-0.0020394
0.0030603
0.0050171
0.0027742
0.00098992
-1.2657
-0.12385
1.0672
0.88835
-0.65293
-0.00069298
-0.0033013
-0.20702
0.00042949
-0.0021898
-0.060872
-0.85527
-0.0073024
0.0061586
0.0023439
-0.0041287
-0.0017892
-0.0043756
0.0010168
1.1271
0.37553
0.64269
1.2364
-0.8636
0.0013336
-0.050004
0.009832
1.123
-0.36208
0.0017679
0.0025715
0.005333
-0.04151
-1.0888
0.0034676
0.0042863
-0.71339
0.0023697
0.017732
0.034285
0.60332
-0.0045086
-0.3369
0.90875
-0.80582
0.0024192
-0.26537
0.017291
0.0052127
0.33547
0.0035925
0.019543
0.010046
1.1098
-0.61875
1.3124
0.86193
0.017723
0.0023483
0.00057315
0.010637
-0.038349
-0.0037147
0.00021525
-0.90375
-0.95715
0.00061165
-0.00071352
0.38312
-0.00020468
-0.0021669
0.88091
-0.34128
-0.77135
-0.98389
0.0078317
-0.0034716
-0.529
0.014651
0.0062679
-0.0020122
-0.0014335
0.0020976
-0.0004801
-0.0036209
-0.93342
0.49582
-0.025495
0.84275
-0.76049
-0.00026052
-0.0089088
0.43908
0.0017414
-0.002452
-1.158
-0.86294
0.00031934
-0.0022724
-0.0052247
-0.006231
-0.0057177
-0.0040705
0.0016964
1.1958
-0.3929
-0.18287
0.30771
0.3428
0.0012543
-0.023395
0.010487
1.363
0.64915
-0.0034525
0.0023905
-0.0020584
0.11424
-1.1754
0.0039161
-0.0040273
-1.0072
0.017743
0.018852
0.052038
0.75338
-0.013477
0.86218
0.056297
0.55173
-0.0027727
-0.801
0.033656
-8.927e-05
-0.18792
0.0011355
0.037497
0.0028367
0.42304
-0.59251
1.3687
1.1739
-0.0014164
-0.011749
0.0034892
0.00043479
-0.027946
-0.0036922
0.0019064
-0.55041
-1.0476
-0.0048831
0.0014329
0.6189
0.00063246
-0.0027399
0.82836
-0.52824
-0.68271
0.0060236
0.0011895
0.0015004
-0.21731
0.032937
-0.0010795
0.00049334
0.0078019
0.0033345
-0.0010609
-0.00089199
-0.42344
0.98594
-1.1244
-0.52253
-0.22075
-0.004237
-0.012591
0.64658
0.0038804
-0.0078933
-0.99494
0.55264
-0.0047977
0.0027044
-0.0084402
-0.012066
0.00069489
-0.015019
-0.0013232
0.80614
-0.74095
-0.77343
-0.7224
1.0708
0.0023715
-0.0017437
0.0067924
0.68652
1.1173
0.0022107
0.0035568
-0.00020834
-0.16319
-1.182
0.0025994
-0.0052473
-1.2288
0.017403
0.012977
0.036857
0.29939
-0.013674
1.0617
-0.27675
1.3645
0.00074562
-0.77847
0.028539
-0.0019477
-0.3332
0.0070082
0.030255
-0.0051521
-0.37255
-0.39014
0.97388
1.0086
-0.02012
-0.0095776
0.0012831
-0.0030116
0.0031278
-0.0020518
-0.0049486
-0.10464
-0.33871
-0.0027157
-0.0054181
0.34796
0.0033516
-0.00035408
0.65534
-0.45505
-0.55522
0.80826
0.0030869
-0.0025746
-0.041153
0.026154
-0.0074202
-0.00075436
0.00062608
0.0012103
-0.004575
-0.004485
-0.012113
0.93277
-1.1923
-1.3936
0.091009
0.0018433
-0.012633
0.36139
0.0012926
-0.00082607
-0.16457
1.4939
-0.00095926
0.0067365
-0.0030157
-0.013708
-0.00060302
-0.01828
5.4395e-05
0.31568
-0.52498
-0.82653
-0.78712
0.7646
0.00095971
0.0008625
0.0088775
-0.15222
0.79554
0.0023483
0.00044241
-0.00023966
-0.38006
-0.88663
0.004254
-0.0042869
-1.0016
0.0066734
0.0031925
-0.04308
-0.73477
0.00046742
0.46588
-1.484
0.20324
0.0025098
0.82071
-0.029385
0.0016478
0.69553
0.008696
-0.019171
0.002572
-0.87068
-0.76296
-0.57431
0.32811
-0.011087
0.0096656
-0.0001137
0.014132
-0.018403
-0.0052043
-0.0022716
1.8365
0.30792
0.0010062
-0.00069209
-0.56364
-0.0058669
-0.0049232
0.41986
0.0281
-1.1522
0.19974
-0.0045463
0.0013831
-0.71763
-0.026518
-0.0012625
-0.0036315
-0.0007946
-0.0031311
-0.0039955
-0.00038751
0.40848
-0.24842
-0.28914
-0.10927
1.5797
0.005914
-0.0034999
-0.59452
-0.0056704
0.0040295
0.89215
0.23685
0.010074
0.011381
-0.0016365
-0.0053971
-0.0060336
-0.0019716
0.00051287
0.7869
0.62199
0.27036
0.41622
-0.99322
-0.0032534
-0.044591
-0.0029346
-0.94459
-0.74911
-0.0014068
-0.0044955
0.0038921
-0.78998
0.34427
-0.0034129
0.0020042
-0.1408
-0.017746
0.0037328
-0.041303
-1.0421
0.0094043
-0.03931
-0.44104
-0.16082
0.0048209
0.98026
-0.043618
0.0062505
1.0458
0.015795
-0.028831
0.0091174
-0.10191
-0.88956
-0.6475
0.92918
0.0040638
0.016697
-0.0027199
0.023244
-0.034676
-0.0054687
-0.0030567
1.7984
0.27598
-0.00021575
0.00079336
-0.70223
-0.0054776
-0.00095811
0.16892
-0.021346
-1.3899
-0.41651
-0.0016775
-0.0023216
-0.79337
-0.027627
-0.0012202
0.00054692
-0.0016096
-0.0066991
-0.0048561
-0.004351
0.098582
-0.037003
0.60201
0.37153
0.89034
0.0097956
-0.00098504
-0.70118
-0.0032451
0.010234
0.34221
-0.30189
0.0056593
0.0092465
-0.0001218
0.0015618
-0.0026144
0.0020208
-0.0007779
1.1544
0.90722
-0.074122
1.1319
-1.0821
-0.0045538
-0.08232
-0.0057326
-0.85871
-1.1571
0.0027903
0.0019088
-0.0011056
-0.74262
0.43879
-0.001612
0.0019552
-0.24744
-0.0099361
-0.0019272
-0.0050125
-0.50308
0.015407
-0.83389
1.0635
-0.86957
-0.0028963
0.35858
-0.015401
0.010113
1.1321
0.0079546
-0.010444
-0.00087042
1.1093
-0.58201
-0.45534
1.341
0.02248
0.015361
-0.0015101
0.027723
-0.055438
-0.0030095
0.0026927
0.67297
-0.06703
0.0033208
-0.0017583
-0.32101
-0.0062862
-0.00078272
-0.12903
-0.096622
-1.2315
-0.99752
-0.00030895
-0.0042303
-0.14751
0.0035595
-0.0016486
0.0046693
-0.0007622
-0.0044649
0.0046955
-0.00032765
-0.55343
0.40327
1.4384
1.0418
-0.56708
-0.00050228
-0.0020591
-0.2393
-0.0010387
0.0034484
-0.90265
-0.96017
0.0047625
0.010398
0.0049152
-0.0015199
0.0072167
0.00058791
0.00081025
0.93409
0.47419
-0.64833
0.70199
-0.026522
-0.0014604
-0.095518
0.0020712
-0.0021489
-1.0766
0.00072737
0.0007997
-0.00057114
-0.34813
0.48352
0.0025383
-0.0026989
-0.15345
0.0042085
-0.0042106
0.028218
0.69132
0.012068
-0.89028
1.0995
-0.95963
-0.0028037
-0.5674
0.019743
0.012288
1.125
0.0059616
0.022455
-0.006849
1.0637
-0.34908
-0.43782
1.2603
0.01331
0.0081644
0.0066195
0.014294
-0.066586
-0.0022469
0.00080958
-0.39402
-0.66485
-0.0023977
-0.0051831
0.33943
0.002719
-0.0034838
-0.053895
-0.30144
-0.89334
-0.68599
0.0059455
0.0035708
0.86949
0.024632
0.0018914
0.002064
0.00014213
-0.0076284
-0.00078617
0.00027239
-1.0886
0.89229
0.98623
0.76907
-0.90541
0.0027963
0.00048564
0.46504
0.0020251
-0.0024173
-1.1695
-0.41251
-0.0032283
0.0028008
0.0017903
-0.0018588
0.0058831
0.00018872
0.0037635
0.27674
-0.35689
-1.0223
-0.38916
1.0266
-0.005856
-0.064499
-0.0080828
0.88964
-0.33325
0.00069294
-0.00027069
-0.002584
-0.30926
0.3839
-0.0045425
0.0024679
-0.064435
0.013196
-0.013355
0.051596
1.1726
-0.0028242
-0.02754
0.38025
0.27141
-0.003838
-1.0385
0.034822
0.0021847
1.0872
0.0066034
0.037808
-0.0064987
-0.027139
-0.3311
-0.64565
0.89333
-0.0095341
-0.00011683
0.0033304
0.0134
-0.047509
0.0045443
-0.0055878
-0.6801
-1.1633
0.0021901
-0.0029675
0.59789
-0.003192
-2.2357e-05
0.2578
-0.54546
-0.64169
0.43398
-0.0011283
0.0027347
1.4639
0.038166
-0.0064564
-0.0020745
0.0029142
-0.011337
-0.0027208
-0.0016564
-1.1992
1.1835
-0.37852
-0.72462
-0.48006
-0.0012226
-0.00036531
0.69596
0.00046668
-0.00026388
-0.16331
1.3027
0.00071039
0.010245
0.00041549
0.0012287
0.0024766
-0.011522
-0.0047881
-0.3469
-0.72612
-1.1739
-0.84475
0.86103
-0.0073083
-0.03194
-0.0016009
1.054
0.63772
-0.0013631
-0.00023435
0.002503
-0.72069
0.18936
-0.0067942
-0.0015169
-0.034392
0.018347
-0.016968
0.035676
0.74106
-0.0018618
0.62054
-0.071155
1.185
-0.0065429
-0.84758
0.026023
0.0013084
0.81818
0.0027147
0.029787
-0.0098527
-0.62702
-0.20884
-0.63035
0.45856
-0.012392
0.003521
-0.0015145
0.0013487
-0.0086198
-0.0018717
0.0010326
-0.43064
-0.89543
-0.0022654
-0.0033442
0.35067
-0.00072164
0.0036155
0.34629
-0.51802
-0.49118
0.9847
-0.0010587
0.0011823
1.2091
0.032234
-0.0052515
-0.0029507
0.0047625
-0.012467
0.0026632
0.0019539
-0.81738
0.97284
-1.0274
-1.4768
-0.064152
-0.00058721
0.00045354
0.39773
0.0021959
-0.00047243
0.63384
1.8277
0.0082684
0.013443
-0.0029499
-0.0033066
0.0009219
-0.0082724
-0.001822
-0.52752
-0.52986
-0.94569
-0.50202
0.13361
-0.00971
-0.014818
0.0018553
0.52812
0.85194
-0.00012798
0.0021085
-0.0059304
-0.82517
0.030917
-0.0074602
-0.00094819
0.041698
0.0069525
-0.005346
-0.021652
-0.74275
0.0012891
0.35859
-1.3277
0.15438
-0.0014351
0.7158
-0.027969
-0.00095535
-0.27913
0.0017925
-0.022277
0.0094164
-0.4258
-0.56667
-0.6967
0.55096
-0.0012994
-0.0024961
-0.0018941
0.0029942
-0.009536
-0.00086286
-0.0064316
1.4337
0.15801
0.0014347
0.0017856
-0.52694
0.0022371
0.0046192
-0.28396
0.016396
-0.56557
-0.15929
-0.0017482
0.0052778
-0.43474
-0.024083
-0.00073677
-0.0015382
-0.0058921
-0.0062998
7.5745e-05
-0.0024998
0.96135
0.17079
-0.45078
-0.059941
1.3355
0.0089194
0.00080122
-0.54871
-0.0010635
0.0094792
0.41759
0.055839
0.01999
0.0093222
0.0014738
0.0037808
-0.00089963
0.00085406
0.00054478
0.69477
0.57104
-0.58037
0.65378
-0.76514
-0.001545
-0.046114
-0.00057675
-0.72824
-0.37095
0.0012725
0.0017892
0.0027749
-0.67607
1.2113
0.000322
-0.0045466
-0.14758
-0.015289
5.4589e-05
-0.02901
-1.0693
0.0012197
0.12646
-0.56672
-0.18499
-0.00013477
0.72531
-0.039942
0.0057989
-0.22382
0.0045266
-0.029075
0.0052981
0.3735
-0.63988
-1.0645
0.92602
0.0053213
0.0081139
-0.0028641
0.0046826
-0.021991
0.00088963
-0.00037128
1.8029
0.15023
0.0073387
0.00021935
-0.6472
0.0040003
-0.00047119
-0.57284
0.039061
-0.48098
-0.58181
-0.0023183
-0.00053418
-0.238
-0.018962
-0.0066429
-0.0010259
0.00026705
-0.012683
-0.0015142
0.0030215
0.92201
0.45625
0.15606
0.40328
0.80828
0.0063318
0.00074725
-0.64027
-0.0012289
0.011525
-0.24916
-0.41917
0.021918
0.011688
0.0066164
0.0035429
0.0042828
-0.0010927
-0.004003
0.68348
0.77012
-0.98688
0.88216
-0.42902
-0.0030937
-0.082924
0.0021172
-0.94901
-0.82603
-3.8997e-05
0.0022631
0.0012749
-0.65896
1.7011
0.0022072
-0.0053829
-0.14449
-0.010697
-0.0037917
-0.0042393
-0.60978
0.0078649
-0.48762
0.68563
-0.76411
7.3212e-06
0.039727
-0.015257
0.0047111
0.0033952
-0.0034751
-0.015046
-0.0016546
1.1172
-0.41657
-1.2515
0.7326
0.014815
0.0087303
-0.0017808
0.011899
-0.037864
0.0020025
0.00049513
1.2195
-0.0014154
-0.0016678
0.0014741
-0.31353
-0.00092261
0.0043239
-0.61378
0.0098893
-0.17029
-0.74154
-0.0044121
-0.00016951
0.49141
-0.0019233
0.0019145
0.005838
-0.00056458
-0.0053941
-0.00082853
-0.0023079
0.23626
0.72193
1.1281
0.83202
-0.35322
0.0036887
0.0012609
-0.23819
-0.0043143
0.0058729
-0.96981
-0.7063
0.012191
0.0080652
0.0029909
0.005277
0.005802
0.0040481
0.0017354
0.18999
0.36147
-1.1747
0.1898
0.53478
-0.0092422
-0.084556
-0.0021364
-0.64261
-1.1287
0.0030523
-0.00047415
0.0017237
-0.38318
1.8386
-0.0004076
-0.00079132
0.068333
0.00035768
-0.017359
0.012958
0.55277
-0.00015279
-0.85304
0.89547
-0.88551
-0.0069327
-0.71543
0.01455
0.0086262
0.48953
-0.0048169
0.019829
-0.004727
0.73434
-0.28694
-1.4785
0.092578
0.010496
0.007521
0.0057238
0.0046702
-0.041527
0.0036816
-0.001634
0.24146
-0.33999
-0.0018316
-0.0038657
0.24071
-0.0018258
-0.0043864
-0.41311
-0.1821
0.18307
-0.27821
0.0029972
-0.00026079
1.3317
0.023292
0.0029148
0.0023713
0.00099203
-0.0077055
0.0013785
0.0036548
-0.516
0.93152
1.2287
0.39562
-0.73186
-0.0042079
0.0052658
0.37331
-0.000697
0.0058133
-0.63162
0.040143
-0.0022933
0.0082906
0.0057196
0.0045998
0.00064963
0.003962
-0.0022005
-0.36383
-0.29196
-1.0691
-0.59288
0.98775
-0.0036287
-0.061989
-0.006803
0.052728
-0.81687
-0.0019211
0.0029094
-0.00044473
-0.36642
1.7689
-0.0086872
0.00050279
0.37887
0.011575
-0.02936
0.02976
1.1099
0.0026498
-0.52995
0.39798
0.0089581
-0.006221
-0.99694
0.03261
0.0016423
0.92126
-0.0053428
0.031744
-0.007833
-0.20516
-0.23776
-1.6288
-0.45901
-0.0047643
0.0054501
-0.0030866
0.0082395
-0.02567
0.008069
-0.0030942
-0.39713
-0.73943
0.0018477
-0.0020208
0.46918
0.00031152
0.00092016
-0.21018
-0.4061
0.26829
0.55184
-0.0019741
-0.00071529
1.6413
0.030197
-0.0071337
-0.0016816
-9.6622e-05
-0.004578
0.0020559
-0.0016706
-0.91091
0.94153
0.31485
-0.80645
-0.5094
-0.0012787
0.0087577
0.5713
0.0044368
0.00021492
0.40743
1.3424
-0.009848
0.0044499
-0.00057913
0.0052801
0.0019644
-0.0037259
-0.0021419
-0.65693
-0.60329
-0.89679
-0.63433
0.44126
-0.0068458
-0.031951
-0.010664
0.48238
-0.042208
-0.0075332
-0.0061609
0.0019779
-0.65342
1.43
-0.0074087
0.0047011
0.58078
0.01104
-0.028402
0.022923
0.76745
0.0002117
0.04562
-0.0097474
0.79285
-0.0018048
-0.72158
0.02594
0.002506
0.88619
-0.0014559
0.024002
-0.0061688
-0.51903
-0.094723
-1.331
-0.51948
-0.0084525
0.0030113
0.002563
-0.0016328
-0.00030154
0.0066808
-0.0047131
-0.47684
-0.66516
-0.0021358
-0.0024861
0.29648
-0.0061407
-0.0016474
-0.072466
-0.36553
0.10383
0.78374
-0.0051961
-0.0011847
1.1796
0.019482
-0.0047473
-0.0010744
-0.0010433
-0.005959
-0.0015888
3.6959e-05
-0.78802
0.65723
-0.43673
-1.2787
-0.14881
-0.0077055
0.0050031
0.34882
-0.00042625
0.0073711
0.79307
1.4724
0.0030152
0.0085517
0.0035857
0.0088761
-0.0020017
-0.0011759
3.1561e-05
-0.62303
-0.42964
-0.58455
-0.24713
-0.19097
0.00011492
-0.0045348
-0.0013483
0.35493
0.37546
-0.0034264
0.00069975
-0.0045489
-0.67717
0.87608
-0.0076149
-0.00083772
0.56153
0.0067993
-0.016849
-0.014286
-0.020182
-0.022206
-0.0016523
0.016056
0.023224
-0.02711
-0.035028
-0.028627
-0.0020699
0.025058
0.029657
-0.034834
-0.042476
-0.014056
0.020854
0.038114
0.030104
-0.043868
-0.047281
-0.011589
0.034127
0.047242
0.037762
-0.040658
-0.043645
-0.0094599
0.030847
0.04887
0.041196
-0.026868
-0.024413
-0.0092086
0.020564
0.028931
0.024706
-0.5086
-0.62347
-0.15667
0.44761
0.53824
0.22317
-0.57316
-0.71937
-0.18696
0.50237
0.55124
0.15868
-0.50715
-0.64607
-0.16316
0.49488
0.50201
0.079727
-0.5084
-0.73666
-0.2484
0.59632
0.74567
0.30578
-0.67563
-1.0124
-0.49161
0.68337
1.125
0.69461
-0.71019
-1.0371
-0.59876
0.5198
1.0792
0.76901
0.01335
0.016257
0.022544
0.019911
0.0087826
0.0063963
-0.0040726
-0.00037508
-0.0037094
0.00041782
-0.0038063
-0.0082432
-0.015763
-0.022911
-0.015235
-0.015819
-0.018283
-0.014552
-0.0024609
0.0013219
0.0050254
-0.0040277
-0.0057963
-0.0074867
0.0020502
0.013004
0.014976
0.0084674
0.0028389
-0.0059584
-0.0037821
0.0046902
0.0092453
0.0070919
0.0044365
0.0015763
-0.88587
-0.70464
0.39272
1.1589
0.70635
-0.08237
-0.93374
-1.0864
-0.028678
1.2348
1.1857
0.2869
-0.52839
-1.0239
-0.67769
0.6208
1.3281
0.84635
0.053868
-0.6052
-0.99377
-0.2726
0.88551
1.0404
0.4079
-0.087398
-0.8334
-0.83573
0.029882
0.64568
0.30736
0.069669
-0.50781
-0.82323
-0.48094
0.094659
-1.1046
-0.27315
0.82023
0.69087
-0.11886
-0.45735
-1.3897
-0.2789
1.1097
0.87071
-0.095808
-0.42083
-1.4101
-0.23865
1.1919
0.86554
-0.084557
-0.37454
-1.3907
-0.3069
1.1728
0.94143
0.046466
-0.26812
-1.4676
-0.49911
1.0471
1.1131
0.37684
-0.074791
-1.3292
-0.58652
0.6589
0.89568
0.42248
-0.012032
-0.05586
-0.4656
-0.90194
-0.55738
0.68662
1.273
0.0096167
-0.44051
-1.023
-0.68966
0.87915
1.5233
0.062982
-0.28948
-0.92136
-0.70172
0.80476
1.4487
0.13989
-0.19711
-0.86425
-0.77654
0.60574
1.335
0.18709
-0.21416
-0.89474
-0.9179
0.31684
1.1634
0.13509
-0.22704
-0.77153
-0.84587
0.040128
0.82291
-0.00023227
-0.0032932
-0.0080295
-0.0015282
-0.001229
0.0021469
0.0013769
-0.0061279
-0.00027726
0.0016307
0.0051153
0.005773
0.00060597
0.0013781
-0.0011975
0.00092841
0.0072314
0.0071091
0.0019021
0.0053398
0.0018329
0.00022552
0.00013608
0.0026865
0.0016314
0.0027837
0.001671
-0.0068282
-0.0050375
-0.0051186
0.0017318
0.00040359
-0.0034969
-0.0041849
-0.0032467
-0.0013816
0.16668
0.3825
0.42431
0.17806
-0.17532
-0.30839
0.25778
0.49615
0.49074
0.08499
-0.40018
-0.55777
0.34481
0.61025
0.47555
-0.069299
-0.61057
-0.6935
0.56512
0.82135
0.48808
-0.25301
-0.78532
-0.7402
0.7904
0.93574
0.34083
-0.55358
-1.0071
-0.81565
0.7051
0.69938
0.064363
-0.67781
-0.98263
-0.71071
-0.013787
-0.037709
-0.036175
-0.00498
0.043019
0.052813
-0.026653
-0.042601
-0.04448
0.0013669
0.055046
0.06239
-0.025792
-0.043661
-0.029183
0.0071559
0.042594
0.044874
-0.024039
-0.038735
-0.016335
0.015462
0.034787
0.025272
-0.030092
-0.042031
-0.019886
0.023016
0.037846
0.027271
-0.030819
-0.036498
-0.014347
0.019073
0.031133
0.026365
-0.00031195
-0.0034415
0.00014576
-0.0029131
-0.0064108
-0.004647
-0.0065556
-0.00046158
-0.009085
-0.0067054
-0.0077786
-0.0026335
-0.00039799
-0.0049297
-0.0010233
-0.0039677
-0.0010849
-0.004518
-0.0017054
0.0044264
0.0030475
0.0075753
0.0011305
0.0012339
0.0027107
0.0058001
0.0072307
0.0068769
0.0043571
0.0035839
-0.0011137
0.006291
0.0074176
0.0093722
0.0040488
-0.0025088
-0.82021
-0.80819
-0.4806
-0.11357
0.14595
0.11817
-1.0343
-1.247
-1.1425
-0.9059
-0.63678
-0.44245
-0.073874
-0.25523
-0.60957
-0.96206
-1.1174
-0.9191
1.0493
1.2918
0.99244
0.35811
-0.12871
-0.29373
0.68138
1.0166
1.0941
1.1034
1.0887
0.83636
-0.29299
-0.18459
0.031835
0.46417
0.89985
0.91128
0.0027117
0.0074501
0.0039714
-0.0044466
-0.014732
-0.015323
0.0020972
0.0050297
-0.00028064
-0.014577
-0.029564
-0.01917
0.010029
0.010637
-0.0030457
-0.015819
-0.015618
-0.010386
0.017142
0.023846
0.011921
0.0079021
0.000432
0.0053708
0.014062
0.020755
0.012809
0.0081514
0.0041229
0.008268
0.0025191
-0.0010412
0.0012428
-0.0047103
-0.0051166
-0.0004716
-0.019611
-0.037668
-0.037892
-0.0093311
0.02748
0.039952
-0.026003
-0.047891
-0.046071
-0.0064524
0.038357
0.046737
-0.024739
-0.036235
-0.027273
0.0093879
0.038901
0.041349
-0.017192
-0.024198
-0.012562
0.017998
0.035285
0.029269
-0.021656
-0.029645
-0.01346
0.025194
0.042697
0.030349
-0.022448
-0.030191
-0.008026
0.019026
0.031037
0.024619
-0.01049
-0.0053654
-0.0044895
-0.00049648
0.010218
0.010241
-0.0097254
-0.014581
-6.7842e-05
0.01139
0.014182
0.010505
-0.010551
-0.0076761
0.00023469
0.0095335
0.0070801
0.0034786
0.0007946
0.0013324
0.0028104
0.0088064
0.001489
-0.0053135
0.0053232
0.0037103
-0.00068696
-0.0032084
-0.0096055
-0.0096557
0.010366
0.00039216
-0.0045494
-0.0068461
-0.0089621
-0.0043362
-0.32402
-0.87498
-1.0929
-0.33389
0.68013
0.88944
-0.48458
-1.1128
-0.97924
0.20608
1.113
0.91855
-0.75811
-1.0843
-0.32936
0.80801
0.91749
0.29177
-1.0379
-0.78835
0.45693
1.0929
0.44984
-0.30913
-0.89762
-0.11608
1.0483
1.0253
-0.0015354
-0.57495
-0.42638
0.38578
1.0749
0.70605
-0.14872
-0.45367
1.4369
1.6341
1.3226
0.975
0.6651
0.38807
1.4764
1.4942
0.79838
0.16409
-0.11431
-0.13949
0.52813
0.23456
-0.37867
-0.78013
-0.83619
-0.56477
-0.39415
-0.67308
-0.70322
-0.6425
-0.61869
-0.39755
-0.77624
-0.90123
-0.60538
-0.3875
-0.35009
-0.19056
-0.57544
-0.64395
-0.40771
-0.29864
-0.23727
-0.084262
0.18955
0.10536
-0.14742
-0.31516
-0.27806
-0.1682
0.37803
0.31286
0.086861
0.0073078
0.17869
0.28225
0.3203
0.53419
0.7825
1.0938
1.3358
1.1549
-0.077662
0.27256
0.83744
1.2227
1.3024
0.94959
-0.60166
-0.6549
-0.47407
-0.46507
-0.6338
-0.61129
-0.72792
-1.0254
-1.1824
-1.4195
-1.5813
-1.3068
0.62664
0.71358
0.43038
-0.16213
-0.65857
-0.7154
-0.10816
-0.32026
-0.65731
-1.0377
-1.2526
-1.0174
-1.0214
-1.2653
-1.1425
-0.81758
-0.42157
-0.14125
-0.67153
-0.46607
0.20389
0.82086
1.1211
0.95834
0.33063
0.92254
1.2962
1.2071
0.85917
0.47927
0.55781
0.90218
0.74655
0.12845
-0.38548
-0.4287
0.0011378
-0.0070946
0.0019793
0.0060456
0.013018
0.0013148
-0.0077704
-0.01256
0.0016558
0.01354
0.0097509
-0.0016034
-0.018611
-0.013979
0.0052849
0.009407
0.001218
-0.017179
-0.013173
-0.0050892
0.011857
0.018018
-0.0041425
-0.018717
-0.0098732
-0.0005011
0.017916
0.0091591
-0.002932
-0.012893
0.00019751
0.010687
0.015861
0.0054344
0.001439
-0.0043484
-0.010087
-0.0144
-0.003513
-0.0013462
-0.0055565
-0.0086868
-0.0036651
-0.0093698
-0.0077477
-0.011522
-0.012629
-0.013395
0.008243
0.0076184
0.0095892
-0.0059513
-0.014268
-0.016701
0.014133
0.018749
0.01543
-0.00091188
-0.011996
-0.011817
0.0086825
0.0169
0.015074
0.0075014
0.0024073
0.0021907
0.00095663
0.0075937
0.0056564
0.0085315
0.0022751
0.0050739
0.0013618
-0.001049
0.0020345
-0.0051349
-0.001547
-0.002085
-0.0025176
-0.0020406
0.0034396
-0.0025069
-0.00060503
-0.0014446
-0.0032605
0.0050191
0.0013066
-0.0045686
0.0026321
0.0017618
0.00081254
0.00031959
-2.6497e-05
0.0021541
0.0054962
0.00014878
0.00058352
0.00014816
0.0026186
0.0063305
7.3934e-05
0.0018439
0.001585
-0.0055088
-0.00074404
0.0053769
0.0012597
0.00077225
0.0027674
0.00053547
-0.0055065
-0.0061096
-0.0086049
-0.0081558
-0.013353
-0.014901
-0.013655
-0.021141
-0.021173
-0.014877
-0.0058792
-0.0065921
-0.013344
-0.018415
-0.01975
-0.0099625
0.012756
0.017347
0.017315
0.012134
0.0032824
0.0011388
0.015457
0.02436
0.028293
0.020127
0.013537
0.0021073
0.00053802
0.0088446
0.0085048
0.0082571
0.0056954
0.0013219
0.027772
0.025052
0.013998
0.017821
0.027719
0.032429
0.040022
0.042609
0.033093
0.025295
0.04006
0.036716
0.024317
0.032408
0.015509
0.0050313
0.020687
0.022428
0.00092103
-0.015991
-0.032178
-0.036688
-0.023462
0.0036981
-0.014692
-0.040727
-0.057936
-0.066393
-0.045507
-0.0058619
-0.012887
-0.022066
-0.038761
-0.046863
-0.030684
-0.0016832
0.0032988
0.0016212
0.0086525
0.0018581
-0.0017308
-0.0029292
-0.0033777
2.7957e-05
0.0051205
0.0045325
-0.0017723
-0.0016259
-0.0041608
-0.00043172
-0.0013486
-0.0032957
-0.00064839
-0.0066476
-0.0041079
-0.007368
0.00024399
-0.0031723
-0.004206
-0.0026059
-0.0058462
-0.0024598
-0.0075692
-0.0022127
0.0037419
0.0025326
-0.0031639
-0.0010406
0.00098799
0.0035042
0.0058247
0.0049803
-0.0011926
0.0014732
-0.0055011
-0.0051357
-0.00026852
0.0017677
0.0072443
0.0014635
-0.001776
-0.00030429
0.0012136
0.0047592
0.0063702
0.0017295
-0.0011148
0.0031279
0.0011238
0.0018096
0.00083975
0.0061497
0.0012334
-0.0024176
0.00085657
-0.0023151
-0.0051429
-0.0018044
-0.00078238
0.0015654
-0.0050305
0.00022709
-0.0017361
-0.0012582
0.0023461
-0.004029
-2.0357e-05
-0.0056583
-0.49287
-0.43921
-0.10831
0.022878
-0.00035929
0.022513
-0.72583
-0.94741
-0.65637
-0.32765
-0.126
0.0098087
-0.14846
-0.76639
-1.0075
-0.79482
-0.32487
0.040202
1.0329
0.46443
-0.51538
-0.88098
-0.58346
-0.1068
1.7685
1.7397
0.71555
-0.35582
-0.68384
-0.43693
1.4055
1.7341
1.2156
0.31063
-0.33248
-0.46103
-0.14206
-0.55194
-0.70972
0.12251
1.5023
1.7854
0.19785
-0.28159
-0.86785
-0.33514
1.3054
1.9716
0.62193
0.25429
-0.58034
-0.8723
0.023649
0.9792
0.57886
0.41979
-0.24353
-0.92723
-0.97685
-0.30562
0.3096
0.25961
-0.0977
-0.65444
-1.0984
-0.83147
0.14971
0.13201
-0.024034
-0.34108
-0.72651
-0.65518
0.0022972
-0.0027991
-0.00032777
0.002563
0.0032811
0.005791
0.0010314
-0.00082535
-0.0038096
0.002237
0.00029377
-0.00068029
-0.0038757
-0.0032031
0.00089059
-0.003438
-0.0014081
-0.0012282
-0.0027919
0.00066495
-0.0025656
0.0022012
-0.0062059
-0.000978
0.0012356
0.0016855
0.0016768
-0.00066149
-0.0020466
0.00122
0.0041416
0.001908
0.0023734
-0.0016665
0.0022758
-0.0021025
-0.0046931
-0.00014438
0.001481
0.00074139
-0.0011408
0.0027484
0.0012497
-0.00065901
0.0033508
0.00024989
0.0050866
0.0023013
-0.0011933
-0.0011085
0.0062728
-0.00022212
0.0027408
0.00071805
0.003
0.0014535
0.0055627
-0.0018463
0.0024625
-0.002109
-0.00031279
-0.0018089
-0.0006227
-0.002168
-0.0056746
-0.00051165
0.0035431
0.0010916
0.0012975
-0.0022023
-0.0020513
-0.0014516
-0.33869
-0.54007
-0.3594
0.2049
0.62043
0.52169
-0.3942
-0.62024
-0.36234
0.33816
0.77957
0.58863
-0.37735
-0.55721
-0.27422
0.37482
0.69102
0.44538
-0.41607
-0.57073
-0.25403
0.37611
0.60141
0.34141
-0.52583
-0.6821
-0.32709
0.33284
0.57585
0.33212
-0.50123
-0.62085
-0.32072
0.22824
0.4475
0.29424
0.0059403
0.0042701
0.00524
0.0048285
0.0041789
0.0046508
0.0026568
0.0020023
0.0051905
0.00051717
0.0086813
0.0029392
-0.0093734
-0.011408
-0.0038203
0.0053044
0.0052518
0.0052789
-0.0077207
-0.015731
-0.0088189
-0.00023778
0.00085858
0.0038217
-0.0090582
-0.0053327
-0.0021316
-7.8389e-06
0.0031255
0.0015041
0.0017188
0.0038901
-0.00086072
0.0015465
-0.0030044
-0.0046542
0.0026625
-0.0018742
0.0013308
0.0060695
0.0031214
-0.00078114
0.0022653
0.0043375
0.00017853
0.0030276
-0.0014897
0.00037013
5.3924e-05
0.0036613
-0.00081673
0.0061535
0.00027034
-0.00046106
-0.0027397
-0.0016308
-0.0017235
-0.0019889
-0.0030973
-0.0016987
-0.0038179
0.0012613
0.0021663
-0.00066894
0.0016843
0.0031538
0.00045492
0.0053992
-8.9173e-05
-0.00095537
-0.0016117
0.0038482
-1.1712
-1.3878
-1.2765
-1.1144
-0.95603
-0.66828
-0.6457
-0.74875
-0.71721
-0.67537
-0.62176
-0.44438
0.98827
1.1917
1.0003
0.72404
0.5384
0.29991
1.3079
1.44
1.1263
0.89029
0.87204
0.67305
0.34111
0.1528
-0.11602
-0.041625
0.26036
0.35303
-0.29377
-0.53883
-0.58524
-0.42228
-0.23015
-0.056832
0.99065
1.2752
0.74421
-0.18207
-0.70192
-0.58043
1.0881
1.3151
0.68248
-0.32606
-0.82279
-0.6442
0.67052
0.73286
0.25592
-0.35027
-0.6341
-0.46809
0.21387
0.16181
-0.06497
-0.33641
-0.53752
-0.44699
0.031642
-0.011727
-0.10145
-0.32283
-0.55787
-0.51334
0.031413
0.041015
0.015558
-0.19291
-0.41191
-0.35347
-0.064667
-0.34955
-0.59495
-0.4915
-0.20216
-0.06171
1.09
1.2892
1.1097
0.9736
0.83694
0.5183
1.1441
1.3563
1.2082
0.93245
0.64335
0.28606
-0.44526
-0.65464
-0.76587
-0.73769
-0.66836
-0.53358
-1.1295
-1.3178
-1.166
-0.86477
-0.62535
-0.47315
-0.56288
-0.47783
-0.18252
0.14327
0.22656
0.058872
0.72172
0.96957
0.43457
-0.43161
-0.81377
-0.48751
1.0528
1.1355
0.14827
-0.88298
-0.94631
-0.28722
1.1082
0.81165
-0.37594
-1.0201
-0.55605
0.32387
0.78208
0.1792
-0.79115
-0.93122
-0.023183
0.78149
0.17616
-0.38354
-0.96883
-0.68727
0.39356
0.93371
-0.16311
-0.55401
-0.7185
-0.27807
0.5315
0.77291
-0.0021312
-0.00096818
-0.0017432
-0.0029214
-0.0053359
-0.0046489
0.0017492
0.0057692
-0.0039357
-0.007287
-0.0039635
0.00072893
0.0037037
0.01147
0.006616
-0.0013154
-0.0046531
0.00079087
0.0031812
-0.00054772
0.0018136
0.0094518
0.0033944
0.0026742
-0.0013792
-0.00095273
-0.0016365
0.0063271
0.0012921
-0.0020902
-0.0045454
-0.0036533
0.0011012
0.0022825
-0.0017718
-0.0030192
0.0007071
-0.0017345
-0.00042316
0.00062794
0.0015153
0.0030667
-0.0042329
0.0048604
0.0015357
-0.0034487
-0.0011389
0.00086494
-0.0020245
-0.00419
0.0040254
-0.00316
-0.0028742
-0.0013661
-0.0044999
0.0017711
-0.0030339
-0.0024747
0.0049353
-0.0033694
0.0023248
-0.0050575
-0.0024225
0.0031527
0.00027403
0.00063583
0.0023154
0.0013276
-0.00081492
-0.00018782
0.00070724
0.00029582
0.32245
0.55283
0.71014
0.50026
-0.10287
-0.46403
0.1675
0.34214
0.37611
-0.0092405
-0.73627
-0.94773
-0.19792
-0.32706
-0.48694
-0.7863
-1.1059
-0.96642
-0.55547
-0.8666
-0.81062
-0.51033
-0.18987
-0.022065
-0.6906
-0.75814
-0.11647
0.86288
1.3863
1.1785
-0.43383
-0.21519
0.5037
1.2867
1.556
1.1697
-0.011445
-0.027237
-0.023561
-0.0079979
0.021337
0.027329
-0.019298
-0.035975
-0.039248
-0.0076423
0.021676
0.031097
-0.029388
-0.031626
-0.025308
0.0015878
0.027713
0.028897
-0.021891
-0.027132
-0.012368
0.014957
0.027213
0.029669
-0.026154
-0.029501
0.0023396
0.025957
0.038402
0.032375
-0.028006
-0.018171
0.0012076
0.021386
0.032484
0.022025
0.0059794
-0.0013535
8.7882e-05
-0.0042209
0.001559
0.0047206
0.0062241
0.0044227
0.0012578
-0.0077381
0.0018387
0.0018026
0.0017223
0.0010956
0.003296
-0.00098649
0.0024426
0.0047247
0.0034824
-0.00015352
0.0025665
0.0027919
-1.1545e-05
-0.0059597
0.00081462
-0.0020152
-0.0020788
0.0023065
-0.0025563
-0.0074193
-0.0045556
-0.00056539
0.0013776
-0.00041733
-0.0004631
-0.0062567
-0.0015462
0.0051603
0.0035883
0.0040576
-0.0032936
-0.0024673
-0.0015255
0.0041441
0.0025377
-0.001156
-0.0029657
0.00041221
-0.0022018
-0.0034822
0.0029565
0.0022301
0.001112
-0.00073708
-0.0012446
-0.0036776
0.0029062
-0.0055587
0.00073274
-0.0016848
0.0010433
0.00065059
0.0062919
0.00079892
-0.0039647
-0.0026849
-0.00047605
0.0035422
0.0019545
0.0048736
-0.00093185
-0.00012929
0.00066904
0.00066822
-0.0022277
0.0027554
-0.0040782
-0.00051851
-0.0024275
4.8402e-05
0.0041414
0.00295
-0.0015573
-0.0024694
-0.00085227
-0.0011539
-0.0021713
0.0047369
0.0042873
0.0020138
-0.00015574
-0.00020556
0.00060249
0.00058683
0.0018901
0.0035329
-0.00084663
-0.0039824
0.004275
0.0014488
0.0050491
0.0029395
-0.0028362
0.00079397
0.0027828
0.0016937
-0.00085118
0.0013508
-0.0034352
0.003307
-0.0028008
-0.0068927
-0.0098483
-0.0050452
0.0054765
0.0092556
0.0053113
0.0029597
0.0038019
0.005235
0.0084734
0.014628
0.013139
0.011838
0.0083118
0.0074478
0.005966
0.0063551
0.0031045
0.0032889
-0.00010729
0.0012848
0.00065031
-0.0046485
-0.00075546
-0.0008101
-0.0076157
-0.012099
-0.011011
-0.0087111
-0.0082374
-0.0050821
-0.009089
-0.0056872
0.0031354
0.007615
0.0021038
0.00023735
0.001009
-0.0039791
0.0032809
0.00021229
0.003257
-0.001582
-0.002004
-0.0026788
-0.0014753
-0.005701
0.0032013
8.6052e-06
-0.0013479
0.00023621
-0.0032058
0.002262
0.00078377
-0.0017865
-0.00058829
-0.0031177
-0.0010366
-0.0031317
0.0014243
9.8688e-05
0.00030775
-0.001038
-0.0047397
0.0012186
-0.00018649
0.0023329
0.00043693
0.0022893
0.0021498
-0.00084524
0.0037773
0.0019
0.0028036
0.0010727
-0.00010142
0.004557
0.0024179
0.00081307
-0.00066811
-0.0010343
0.0010934
0.0027403
0.0036622
0.0030349
0.000996
0.0020793
-0.00028916
0.0010308
-0.0022099
-0.0033185
0.00080429
-0.0045867
0.00016312
0.0015244
-0.00087112
0.0018953
0.0027806
0.0032454
-0.001376
0.0018429
0.0013223
0.0019776
-0.001107
0.0020851
0.83032
1.2029
1.0124
0.51326
0.073865
-0.10432
0.26348
0.69002
0.92167
0.94064
0.83383
0.53352
-0.8564
-0.83493
-0.4244
0.19729
0.70965
0.74083
-0.74711
-1.1049
-1.1787
-0.89648
-0.4274
-0.028782
0.38897
0.083396
-0.54408
-1.0399
-1.1392
-0.78167
0.88003
0.83531
0.20912
-0.48563
-0.84893
-0.77577
-0.61357
-0.78805
-0.75383
-0.78675
-0.8276
-0.58227
-0.6249
-0.74841
-0.64595
-0.58899
-0.47378
-0.20399
-0.63847
-0.65562
-0.36841
0.049819
0.43195
0.50848
-0.64362
-0.59236
-0.13639
0.51091
0.98556
0.93494
-0.24601
-0.039018
0.40362
0.89456
1.1503
0.96516
0.15414
0.43499
0.70923
0.92123
0.94715
0.70182
0.24718
-0.19195
-0.8716
-0.96819
-0.41526
0.034923
0.74805
0.44327
-0.57972
-1.134
-0.73375
-0.093927
0.94366
1.1027
0.25882
-0.81534
-1.0954
-0.63792
0.42809
1.089
1.0409
-0.024619
-1.0921
-1.1575
-0.22522
0.6274
1.3787
0.93433
-0.3894
-1.0079
-0.39672
0.19633
1.1067
1.1927
0.31214
-0.39688
0.073935
0.54932
0.94224
0.54982
-0.57531
-1.1219
-0.025049
0.47289
1.0828
0.8127
-0.53433
-1.2848
-0.16405
0.23186
0.91301
0.84313
-0.48374
-1.2823
-0.20047
0.21523
0.91788
0.80827
-0.58031
-1.3568
-0.11783
0.38449
1.0228
0.69927
-0.77042
-1.446
-0.040545
0.41002
0.83587
0.39007
-0.81113
-1.2732
0.98673
0.27471
-0.75137
-0.91567
-0.58738
-0.2062
1.3385
0.4804
-0.84488
-1.0119
-0.60677
-0.23842
1.4463
0.61227
-0.71404
-0.79054
-0.2784
0.0082426
1.4914
0.76543
-0.62616
-0.78909
-0.25379
0.096481
1.5261
0.92244
-0.52311
-0.9383
-0.49701
-0.069753
1.3097
0.82394
-0.30584
-0.75075
-0.51153
-0.14862
-0.0055022
-0.0053824
-0.0072034
-0.0031131
-0.0020557
0.0022953
-0.002531
-0.0034751
-0.0068114
-0.0052871
-0.0017189
0.0025712
0.00096879
0.0038241
-0.0027178
-0.0068916
-0.0012276
5.2592e-05
0.0085916
0.0012014
-0.00015305
-0.0021577
0.00027249
0.00029766
0.012106
0.006795
0.00047477
-0.00087049
-0.0022717
-0.0012277
0.0091339
0.0060888
0.0067717
-0.0066931
-0.0055674
-0.0038185
0.0019659
-0.00076645
0.0055944
0.013009
0.018231
0.010926
-0.0027032
0.0029369
0.0041068
0.005857
0.0050888
0.0052075
-0.0057774
-0.0062908
-0.0030769
-0.0085666
-0.012457
-0.011629
-0.0016929
-0.0070068
-0.00048369
-0.011316
-0.010088
-0.013773
-0.0032735
-0.0017416
-0.00022266
-0.0010316
-0.00016228
-0.0011335
0.0048457
0.00075455
0.0035681
0.0072389
0.0037861
0.0086139
-0.37137
-0.58011
-0.39932
0.14977
0.54522
0.46482
-0.42722
-0.65649
-0.39283
0.28239
0.70129
0.53101
-0.40521
-0.57822
-0.28197
0.36081
0.6544
0.4069
-0.44949
-0.59128
-0.22067
0.43223
0.62732
0.34668
-0.55535
-0.68336
-0.25435
0.44609
0.66773
0.3733
-0.52611
-0.61865
-0.24253
0.35014
0.55169
0.34172
-0.00095491
-0.0024274
0.0013027
-0.0042077
-0.010126
-0.0044525
-0.0023496
0.0021471
-0.0022853
0.0025205
0.0014307
0.0001344
-0.00030586
0.00016906
0.0045235
-0.00032085
0.00098286
0.0055371
0.0010275
0.0058996
-0.0019469
0.0040696
0.0092007
0.0022242
-0.0030276
-0.0040528
0.0023031
0.001517
-0.0023459
0.00014663
-0.00089974
-0.00065396
-0.0038189
-0.0015973
0.0042178
0.0021454
0.0040252
-0.0030224
0.0025857
0.0048151
0.0042268
0.0073782
-0.0026764
-0.0021999
-0.0071529
1.117e-05
0.0029649
-0.0019738
-0.0073593
-0.0079319
-0.0072798
-0.0049619
-0.0041954
-0.0050542
-0.0026801
-0.0021106
0.0018552
-0.0054882
-0.0040429
-0.0057858
0.0090763
0.0058405
0.0070003
0.0017246
-0.00038538
0.0026234
0.011045
0.011501
0.010186
0.00032503
0.0039187
0.0061778
-0.83874
-0.19329
0.96713
1.0275
-0.0030539
-0.65487
-0.59718
0.48609
1.3907
0.74909
-0.59734
-0.97477
0.24748
1.1477
1.0082
-0.29575
-1.1519
-0.8184
0.93964
1.0504
-0.0015769
-1.1011
-0.9641
-0.17525
0.88789
0.36668
-0.87303
-1.1309
-0.19094
0.5704
0.41764
-0.27949
-0.93837
-0.6421
0.36268
0.74627
-0.11046
-0.10757
-0.15814
-0.40692
-0.4383
-0.058152
-0.19085
-0.16177
-0.35449
-0.74054
-0.49865
0.22561
-0.075363
-0.12455
-0.59865
-0.92181
-0.16146
0.8224
0.15442
-0.16678
-0.8557
-0.80022
0.59588
1.4326
0.20821
-0.3404
-0.94658
-0.35265
1.255
1.7207
0.02352
-0.4378
-0.69755
0.074026
1.3021
1.4421
0.0038291
0.0045727
0.0014797
0.0068736
0.0067624
0.0056258
-0.00075487
-0.0029217
-0.0045656
0.0047638
-0.0043471
-0.0092139
-0.007203
-0.011062
-0.0039471
-0.005437
-0.010181
-0.0076148
-0.011243
-0.011703
-0.011096
0.00061029
-0.00354
-0.00025183
0.0042827
0.011825
0.0033619
0.00071448
0.0010742
0.0089892
0.018719
0.024299
0.0093686
-0.004975
-0.0022787
0.00017673
-0.0073332
-0.007399
-0.0011115
-0.0059028
-0.023529
-0.029801
-0.0085119
-0.0031295
0.00049907
-0.0053912
-0.022598
-0.02526
0.0053337
0.0077366
0.0073609
-0.00088795
-0.0070569
-0.011006
0.0080839
0.0047241
0.0057427
0.0016684
0.0067139
0.0080185
0.0077715
0.011652
0.007871
0.0030664
0.0063831
0.012007
0.0063985
0.014068
0.0080289
0.0038812
0.0082046
0.0094381
0.0012947
0.0067944
0.002062
0.0060775
0.0075418
0.0017661
0.0004052
0.0024135
0.0036722
0.0045489
-0.0022529
-0.0016238
-0.0046759
-0.011904
-0.0060518
-0.0061963
-0.0045276
-0.0064467
-0.0030719
-0.0033888
0.0024319
-0.004126
-0.0049976
-0.0080629
0.0017186
-0.00033629
0.0020036
0.0013806
-0.0038117
-0.001689
-0.00030456
0.00738
0.0059865
0.0046839
0.0026102
0.0056884
0.0017544
0.001204
0.0069671
0.014132
0.020639
0.015143
0.0040349
-0.0031062
0.0055159
0.0016571
0.010671
0.0021215
-0.003913
-0.0024053
-0.0027715
-0.004102
-0.010664
-0.012701
-0.00853
-0.0074141
-0.0071796
-0.010892
-0.01576
-0.010525
-0.0004662
0.00085648
0.0041007
0.0040219
0.00067127
0.00088579
0.0031665
0.0064119
0.0044314
0.0055542
0.0072935
0.0071264
-5.5328e-05
0.0034662
0.003247
0.0033166
-0.0062007
-0.0026227
0.00062214
0.0019381
0.0070962
-0.0012022
-0.0061676
-0.0078138
-0.00084177
0.0034466
-0.001044
-0.0055959
-0.0033786
-0.00047743
-0.001137
0.00026945
-0.0015339
0.0007798
-0.0036614
-0.00062488
-0.0019958
0.002743
0.008099
-0.00082298
-6.1142e-06
0.0021217
-0.00044036
0.006623
0.0021256
0.0084526
-0.0034629
0.00041306
0.0091945
0.0064692
0.0091572
0.012938
0.010561
0.0056289
0.0023197
0.0072604
0.0095741
0.0047539
0.0067332
-0.0021237
0.0022139
-0.0022728
0.0001973
-0.0020985
-0.010789
-0.012969
-0.0027438
0.0023098
-0.0020833
-0.0042795
-0.015755
-0.013657
-0.0027158
0.00067418
0.00084635
-0.0026416
-0.0053466
-0.0096173
0.0025418
0.0043341
0.0024407
0.0018764
-0.0009175
-0.0011495
-0.00078743
0.0029792
-0.0028991
0.00083368
-0.00067108
0.0011954
0.0043469
0.00057926
0.0010404
-0.0024458
-0.0014028
-0.0022669
0.0019939
0.004885
0.0067291
-0.0019098
0.001097
-0.0003758
0.0017354
-8.3224e-05
0.0013322
0.00088228
0.0010696
0.0016777
0.00068444
0.0019341
0.0010499
0.003673
-0.00070185
-0.0040886
-0.0045407
-0.002122
0.0039766
-0.003802
0.00018
-0.00041747
-0.32256
-0.68744
-0.99993
-1.1164
-0.86188
-0.42159
-0.83793
-1.12
-0.97176
-0.53857
0.0027915
0.27437
-0.90975
-0.66311
0.12909
0.86846
1.1163
0.84494
-0.095723
0.51442
1.0735
1.1348
0.78408
0.30883
0.72217
1.1201
0.89356
0.2481
-0.31584
-0.47483
0.67072
0.66841
0.20092
-0.32247
-0.58798
-0.55775
0.36059
0.66164
0.42498
-0.25637
-0.65604
-0.49655
0.3765
0.73305
0.46029
-0.36406
-0.82606
-0.62974
0.30055
0.63751
0.37824
-0.38669
-0.77571
-0.57073
0.39824
0.69444
0.37465
-0.37581
-0.72513
-0.50599
0.60149
0.86841
0.44287
-0.3625
-0.72047
-0.52504
0.56468
0.74031
0.37115
-0.27657
-0.59626
-0.43592
-0.1372
-0.12009
0.1041
0.39977
0.54616
0.38595
0.22202
0.36747
0.50007
0.64794
0.61814
0.35177
0.92056
1.1972
0.95728
0.49042
0.029639
-0.19602
1.1559
1.2286
0.62051
-0.19827
-0.76734
-0.8076
0.2482
-0.095167
-0.65142
-0.98502
-1.1263
-0.92336
-0.5507
-0.97166
-1.1386
-1.0265
-0.83888
-0.53968
-1.0805
-1.3014
-0.41958
0.6729
0.84274
0.25687
-1.3979
-1.0879
0.40357
1.2308
0.65051
-0.16733
-1.1164
-0.14535
1.2136
1.0659
-0.12094
-0.713
-0.42632
0.70911
1.2057
0.3052
-0.70313
-0.75812
0.36893
1.0956
0.7178
-0.37489
-0.82884
-0.4933
0.66283
0.87147
0.19886
-0.57577
-0.61321
-0.23202
0.90773
0.54263
-0.54821
-1.0658
-0.45142
0.3787
1.0259
0.28764
-1.0082
-1.1541
0.025253
0.83797
0.45558
-0.48794
-1.2281
-0.61071
0.69829
1.0607
-0.46885
-1.1316
-0.86009
0.33397
1.0506
0.73987
-0.94717
-1.0437
-0.053878
0.9925
0.84684
0.15724
-0.74569
-0.43593
0.52699
0.98211
0.46228
-0.13178
-0.00073405
-0.0068131
-0.010334
-0.0049314
-0.0015913
0.0083093
0.0050395
0.0045401
-0.00082079
-0.0034021
0.0079535
0.0077434
0.0097117
0.0069005
0.011568
0.0029886
0.0073921
0.0086726
0.0080349
0.0063463
0.0038694
0.0020873
0.0014102
0.00079907
-0.0018405
5.6992e-05
-0.0019359
-0.0037038
-0.0073535
-0.0055788
0.00095703
-0.004851
-0.0094527
-0.0039108
-0.0057685
-0.0015327
0.062757
0.073147
0.050395
0.030953
0.040137
0.029597
0.072046
0.072372
0.0435
0.036792
0.047299
0.039792
0.032253
0.019136
0.005057
0.014513
0.031093
0.029255
-0.0073052
-0.036426
-0.049594
-0.025121
-0.0017456
0.0024891
-0.04123
-0.083649
-0.089115
-0.057764
-0.032487
-0.014948
-0.044411
-0.079208
-0.082626
-0.057782
-0.025201
-0.0055955
-0.0027261
-0.001224
0.0010029
-0.0041559
-0.0057979
-0.0081954
0.0047283
0.0019453
0.0017836
0.0046879
-0.0060043
-0.0095017
0.0036904
0.0077287
0.016469
0.0087954
0.0034378
-0.0049834
-0.0030262
0.00081213
0.0070559
0.0062723
0.0053948
0.0067631
-0.0069168
0.0016889
0.00058355
-0.00069569
-0.0021964
0.0073395
0.0023263
2.9739e-05
0.00033371
-0.0085466
-0.01143
-0.0055568
0.44177
0.13339
-0.61682
-1.1019
-1.1365
-0.86537
0.86585
0.92897
0.22814
-0.68039
-1.2722
-1.1934
0.57354
1.1409
1.2101
0.56394
-0.51472
-1.0136
-0.35179
0.24499
1.0987
1.3163
0.66503
-0.1363
-0.94378
-0.83988
-0.025645
0.84463
1.0083
0.53369
-0.70998
-0.93036
-0.6509
-0.014949
0.43894
0.38518
0.27451
0.99134
1.0932
0.29876
-0.52298
-0.6639
-0.32618
0.58245
1.2681
0.89798
-0.066999
-0.56737
-0.97602
-0.48426
0.64442
1.1071
0.69496
0.088232
-1.0714
-1.1174
-0.34348
0.60243
1.0683
0.78138
-0.71357
-1.1202
-1.0552
-0.32429
0.61213
0.85089
-0.38407
-0.8322
-1.1396
-0.80756
-0.013754
0.39029
-0.0036493
0.0036356
0.0024908
0.0020145
-0.0047305
-0.0092361
0.0025097
-0.0012485
0.0033292
-0.00077957
-0.00075593
-0.0032554
-0.0056162
-0.0012192
0.0018829
4.5428e-05
0.0044095
0.002346
0.00039449
-0.001903
0.00035674
0.00093951
0.0012263
0.0035282
-0.0035689
0.0027224
-0.0018891
0.00087617
-0.0028245
-0.00027428
-0.00048019
0.002489
-0.00029751
-0.0014588
-0.0076651
-0.00013669
0.0020677
-0.0024486
-0.0038619
-0.0065842
-0.0015456
0.0042258
-0.00095223
0.0012541
-0.00078697
-0.0035431
-0.0018265
0.00012774
0.0047672
0.003619
0.0039267
-0.0046578
0.0039027
-0.00078226
-0.0018694
0.00040078
0.0036934
9.4325e-05
0.00063392
0.0017669
-0.00085862
0.0030121
-0.0022275
0.0024797
0.00072089
-0.00056776
-0.00073619
0.0068477
0.0013332
-0.0017641
-0.0038579
-0.00073442
-0.0025024
0.0036176
-0.0050172
-0.0013951
0.0028702
0.0024023
-0.00079783
0.0037177
0.00075015
0.00084048
-0.0032121
0.0024258
0.0028894
0.0020035
0.0046618
-0.0041378
-0.0026469
-0.0014629
0.0038272
0.0032677
-0.0026221
0.0007374
-0.0015056
-0.00048121
0.00073276
4.9223e-05
0.0041023
0.0017474
0.0018069
-0.0038824
0.0066134
0.0004024
-0.0016299
0.0010798
-0.0032597
-0.0013543
-0.28778
0.02847
0.60986
1.0238
1.1021
0.80734
-0.4474
-0.050362
0.68709
1.1976
1.2705
0.94621
-0.51069
-0.25413
0.38273
0.74138
0.71763
0.41031
-0.6451
-0.5443
-0.052695
0.097632
-0.15663
-0.35035
-0.76938
-0.73415
-0.35969
-0.31693
-0.68831
-0.79262
-0.68106
-0.67642
-0.39106
-0.3593
-0.61679
-0.6504
-0.031206
-0.096719
-0.21183
-0.26973
-0.185
-0.061248
0.040318
0.037829
-0.067639
-0.20492
-0.25815
-0.19884
-0.37195
-0.53674
-0.64195
-0.75138
-0.79168
-0.63831
-0.65006
-0.93391
-1.0398
-1.1211
-1.1146
-0.85674
0.35565
0.47455
0.51847
0.40915
0.19855
0.055954
1.1694
1.6054
1.7274
1.6544
1.3587
0.88058
-0.0027439
0.00071429
-0.0017034
-0.00411
-0.0023201
0.0045852
0.0049858
-0.0023761
-0.0032883
0.0015125
0.00011861
0.0059008
0.0015472
0.0019546
0.0061308
0.0057349
0.0060433
0.0072168
0.0014379
0.0027126
0.0057844
-0.0010825
0.0042951
0.0012303
-0.0015673
0.0010387
0.0015971
-0.0028951
-0.0073827
-0.00097597
0.0010975
-0.00011131
0.00043783
-0.0064975
-0.0093516
-0.0088318
0.0021323
-0.0039809
0.0030984
-0.0029409
-0.0030081
-0.0027344
6.9105e-05
0.0037857
0.0029317
-0.0002954
0.0020566
0.0015999
-0.00056984
0.0038239
0.00068243
0.00054883
-0.0016088
0.00206
0.0021648
0.0070867
0.0013793
0.003738
-0.0037498
-0.0021499
0.00031778
0.002992
-0.00055671
-0.0017486
-0.0011302
-0.00050637
-0.0053059
-0.003011
-5.4743e-05
0.003629
0.0052941
-0.0019299
-0.0086079
0.40776
1.118
1.7829
2.0027
1.4807
-0.48024
-0.42264
0.12041
0.80305
1.0787
0.79526
-0.55185
-0.88022
-0.95557
-0.95949
-0.99811
-0.83859
-0.24191
-0.5334
-0.74271
-0.96413
-1.1587
-0.98658
-0.14364
-0.26045
-0.20557
-0.10238
-0.025771
0.030765
-0.16679
-0.16088
0.066448
0.35926
0.57607
0.53867
-0.016532
-0.020182
-0.01982
0.000695
0.011218
0.013857
-0.022866
-0.026314
-0.015339
0.0047772
0.023804
0.020328
-0.024067
-0.02148
0.0011905
0.016373
0.021982
0.015053
-0.020072
-0.015828
0.0024455
0.016554
0.020122
0.0049792
-0.017555
-0.0098182
0.003554
0.016605
0.017092
0.0086089
-0.011967
-0.012376
0.0063336
0.013273
0.016611
0.005973
-0.0072225
-0.020897
-0.020131
0.00033452
0.015383
0.010128
0.0050323
-0.0082881
-0.010512
-0.0098049
0.0008513
0.0026049
0.017768
0.018609
0.011282
0.011911
0.010841
0.0050044
0.015096
0.016247
0.018915
0.0099929
0.0099291
0.0062614
0.0027374
0.0048685
-0.0071127
-0.0080443
-0.013359
-0.0041493
0.0045591
-0.0028617
-0.01266
-0.030776
-0.029019
-0.014019
-4.5825
-5.0415
-4.5899
-5.1402
-5.3444
-5.1407
-4.5908
-5.0382
-4.5881
-4.5904
-5.1127
-4.5895
-4.5868
-4.6108
-5.2235
-5.0434
-5.2299
-5.03
-4.5794
-4.5855
-4.5911
-4.5883
-4.595
-4.5906
-4.5891
-5.0198
-4.9327
-4.5911
-4.5908
-4.9505
-4.5862
-4.5912
-5.1417
-4.9089
-5.0187
-5.0519
-4.5901
-4.591
-4.9686
-4.5838
-4.5892
-4.5901
-4.5909
-4.5884
-4.5908
-4.5911
-5.0571
-5.0072
-5.2003
-5.3532
-5.1869
-4.5904
-4.5896
-4.9714
-4.5911
-4.5902
-5.1343
-4.9224
-4.589
-4.5854
-4.5906
-4.5896
-4.5897
-4.5878
-4.5907
-5.0695
-4.9883
-5.1003
-5.2214
-5.1296
-4.5893
-4.5856
-4.5881
-5.2196
-5.1464
-4.5898
-4.5901
-4.5908
-5.0605
-4.994
-4.5884
-4.5906
-4.947
-4.5821
-4.586
0.012507
0.0045629
-0.0040563
-0.010752
-0.012739
-0.0082252
0.01177
0.0024819
-0.0046819
-0.0094756
-0.012994
-0.010999
0.011816
0.0049839
0.0010909
0.00040002
-0.0015234
-0.0041817
0.010962
0.0075329
0.0047096
0.0030429
-0.001175
-0.0051218
0.011609
0.0092707
0.0085789
0.00087099
-0.0070585
-0.0095589
0.012276
0.010786
0.007282
-0.0024156
-0.011022
-0.012625
