-0.44761
-0.024501
-0.0063552
0.31567
0.46066
0.10301
-0.29487
0.10228
0.12023
-0.050164
-0.31154
-0.022802
-0.14471
0.017659
-0.096782
-0.1152
-0.065204
-0.17452
-0.64873
-0.025079
-0.37878
-0.054007
-0.031725
0.76753
0.53393
0.28866
-0.42873
0.12325
0.052556
-0.086428
-0.41786
-0.035957
-0.20716
0.034612
-0.071544
-0.22544
-0.10938
-0.10651
-0.72409
-0.042449
-0.042822
-0.10948
-0.030459
0.94177
0.27818
0.18241
-0.59577
-0.17114
-0.18307
-0.097887
-0.50696
-0.05792
-0.18704
-0.046888
0.075583
-0.11249
-0.14988
0.10327
-0.33009
-0.014738
0.31751
-0.20891
-0.068123
0.67689
-0.17975
-0.048242
-0.69625
-0.55341
-0.30632
-0.22004
-0.63705
-0.061434
-0.12467
-0.14921
0.18538
0.029139
-0.078716
0.21263
0.2764
-0.061981
0.61608
-0.32809
-0.16745
0.22947
-0.45018
-0.17035
-0.64707
-0.76536
-0.083734
-0.29594
-0.68145
-0.083937
-0.060527
-0.14452
0.18688
0.063019
0.14012
0.25458
0.62443
-0.11123
0.68196
-0.51131
-0.40136
-0.19441
-0.49058
-0.28909
-0.48898
-0.56062
0.44063
-0.23509
-0.64241
-0.066141
0.11852
-0.0025102
0.077385
0.024296
0.48639
0.19124
0.58866
-0.10515
0.41545
-0.64452
-0.59971
-0.36973
-0.38078
-0.3636
-0.12526
-0.19683
0.8252
-0.19065
-0.60424
-0.019826
0.19071
0.16631
-0.0080442
-0.060557
0.83687
-0.0058901
0.31376
-0.12333
0.026464
-0.72326
-0.63062
-0.25195
-0.27126
-0.38696
0.24093
0.063444
0.69197
-0.060893
-0.56477
-0.03596
0.16055
0.22222
-0.060161
-0.074678
0.94243
-0.053051
0.096895
-0.1628
-0.22392
-0.76976
-0.29015
-0.10361
-0.18192
-0.29676
0.52768
0.18962
0.12285
0.073713
-0.53495
-0.12567
0.15821
0.18001
-0.12966
-0.13091
0.74236
0.011288
-0.0012041
-0.14115
-0.33733
-0.66153
0.21769
0.055858
-0.12725
-0.18173
0.74283
0.18503
-0.39993
0.17089
-0.51676
-0.2219
0.067884
0.12683
-0.12271
-0.21507
0.42419
0.018196
0.014468
-0.16258
-0.3259
-0.47505
0.57382
0.1612
-0.094069
-0.18917
0.69243
0.11057
-0.62525
0.16441
-0.5561
-0.23303
-0.076426
0.03224
-0.14912
-0.24538
0.14116
-0.069036
0.064338
-0.18732
-0.23324
-0.27118
0.52825
0.16933
-0.074648
-0.19464
0.38506
0.034268
-0.48299
0.066772
-0.5014
-0.13653
-0.10785
-0.032858
-0.18051
-0.17134
-0.046073
-0.15665
0.08379
-0.10168
-0.57565
-0.1054
-0.025214
0.55433
0.83921
0.25706
-0.4664
0.21042
0.12776
-0.07147
-0.34294
-0.095537
-0.17555
0.11577
-0.12533
-0.12362
-0.11602
-0.1437
-0.84665
-0.086635
-0.48727
-0.11884
-0.023021
1.2498
1.0194
0.49086
-0.7751
0.18089
0.097447
-0.046361
-0.46983
-0.12712
-0.31273
0.11167
-0.075647
-0.14495
-0.11817
-0.079802
-1.0718
-0.092009
0.040923
-0.10715
0.0093752
1.6326
0.50224
0.33887
-1.0238
-0.21957
-0.24253
-0.098952
-0.57626
-0.16817
-0.32028
-0.071652
0.083015
0.013043
-0.1357
0.18039
-0.58756
-0.057884
0.61898
-0.18296
0.01416
1.3354
-0.28009
-0.0094005
-1.0748
-0.77994
-0.40452
-0.21081
-0.69782
-0.16476
-0.20769
-0.19328
0.24023
0.12282
-0.12778
0.32523
0.41846
-0.062178
0.92961
-0.37513
-0.12088
0.677
-0.64797
-0.21993
-0.92596
-1.0198
0.015245
-0.2639
-0.69618
-0.17934
-0.080642
-0.14611
0.3132
0.1856
0.11541
0.33507
0.99251
-0.10009
0.78641
-0.66873
-0.56075
0.078223
-0.67792
-0.38847
-0.66718
-0.63681
0.8243
-0.32025
-0.61901
-0.1402
0.2083
0.01017
0.23346
0.1418
0.59254
0.17585
0.84519
-0.1557
0.29972
-0.93446
-0.96577
-0.16907
-0.4962
-0.5041
-0.33256
-0.10387
1.3344
-0.32742
-0.52324
-0.053586
0.36476
0.2401
0.092011
0.033354
1.1739
-0.045689
0.42361
-0.18241
-0.1993
-1.1321
-0.97622
-0.1517
-0.30234
-0.48067
0.049827
0.20476
0.93711
-0.02413
-0.46169
-0.01161
0.35661
0.34721
-0.049781
-0.072341
1.5538
0.019978
0.10156
-0.22141
-0.42625
-1.2555
-0.37502
-0.023752
-0.13354
-0.31567
0.52154
0.32593
0.040577
0.28756
-0.38853
-0.19121
0.27569
0.32106
-0.15221
-0.21275
1.4284
0.22754
-0.011007
-0.22999
-0.45737
-1.1549
0.40326
0.10603
-0.11917
-0.15579
0.98017
0.27318
-0.72214
0.36599
-0.33073
-0.34949
0.087384
0.24789
-0.16466
-0.32257
0.92426
0.20782
0.024207
-0.23243
-0.4044
-0.84726
0.91345
0.1784
-0.20388
-0.14588
1.0288
0.11363
-1.0137
0.25163
-0.39632
-0.31532
-0.093813
0.070403
-0.21511
-0.30526
0.42477
-0.042121
0.085998
-0.20057
-0.23772
-0.46361
0.76057
0.17595
-0.14164
-0.15899
0.6277
-0.00052576
-0.7358
0.097668
-0.37901
-0.12961
-0.091922
-0.029418
-0.22623
-0.17832
0.10601
-0.25238
0.097862
-0.1263
-0.50161
-0.16582
-0.049388
0.48494
1.0017
0.23777
-0.64951
0.22205
0.139
0.0024655
-0.091952
-0.074197
-0.2453
0.22723
-0.10888
-0.15776
-0.027843
-0.11284
-0.88431
-0.14616
-0.34661
-0.13376
-0.0068196
1.173
1.2728
0.47706
-0.99061
0.098457
0.094683
0.063909
-0.13321
-0.090469
-0.42382
0.21534
-0.090301
-0.12341
-0.12991
-0.043448
-1.1275
-0.20025
0.25203
-0.093449
0.042531
1.6469
0.59721
0.44876
-1.1066
-0.3762
-0.26719
-0.064457
-0.17241
-0.16884
-0.4689
0.056489
-0.0080359
0.048947
-0.19372
0.20135
-0.64547
-0.15368
0.88837
-0.10306
0.04484
1.5318
-0.3371
0.13186
-0.95236
-0.98708
-0.43067
-0.21172
-0.19167
-0.25402
-0.35463
-0.019545
0.057984
0.18947
-0.26735
0.28665
0.40407
-0.071249
1.0245
-0.23513
-0.10726
0.96987
-0.73558
-0.13246
-0.68401
-1.0361
0.10855
-0.31622
-0.073047
-0.27663
-0.16482
-0.024552
0.13677
0.30414
-0.18984
0.17306
1.1308
-0.034916
0.56201
-0.52568
-0.5846
0.41113
-0.75798
-0.33903
-0.50172
-0.42314
1.0219
-0.41167
0.04328
-0.24544
0.14283
0.023899
0.059551
0.29238
0.13201
0.035933
0.95203
-0.12443
-0.14417
-0.89259
-1.0698
0.15864
-0.48227
-0.44341
-0.38602
0.21624
1.414
-0.30848
0.1943
-0.16845
0.43908
0.1674
-0.086951
0.1502
0.70451
-0.014053
0.39847
-0.19035
-0.55818
-1.1867
-1.0572
0.0024085
-0.16561
-0.4308
-0.2713
0.47517
0.85937
0.068858
0.30597
-0.10273
0.57802
0.28459
-0.18557
-0.081616
1.2541
0.15724
0.0077986
-0.21375
-0.54603
-1.3516
-0.26342
-0.058023
-0.023176
-0.30125
0.070599
0.44528
-0.10651
0.35457
0.4428
-0.24728
0.44297
0.31866
-0.23107
-0.33104
1.4099
0.418
-0.024946
-0.21946
-0.44717
-1.2251
0.70293
-0.0029805
-0.083205
-0.1845
0.5736
0.28762
-0.8667
0.36197
0.5375
-0.38487
0.11781
0.224
-0.2129
-0.43778
1.1086
0.38198
0.061951
-0.19566
-0.32109
-0.87946
1.2126
0.034919
-0.22156
-0.16918
0.7752
0.11475
-1.1157
0.19542
0.3658
-0.31148
-0.15653
0.043143
-0.26814
-0.34424
0.64646
-0.032955
0.14206
-0.18924
-0.15996
-0.47164
0.87242
0.06034
-0.13171
-0.11431
0.52382
0.028783
-0.78733
0.077111
0.11196
-0.089556
-0.18113
-0.032359
-0.26195
-0.14858
0.24951
-0.36134
0.065069
-0.086314
-0.30344
-0.23221
-0.069856
0.1991
1.065
0.16048
-0.76475
0.087122
0.17208
-0.011638
0.18355
-0.00017445
-0.34496
0.23405
-0.12434
-0.15489
0.042691
-0.086884
-0.98393
-0.21786
-0.059448
-0.20392
-0.061312
0.56476
1.2352
0.38024
-0.95468
-0.10315
0.077776
0.084487
0.38974
-0.049859
-0.45993
0.29863
-0.20302
-0.15239
-0.12801
-0.064902
-1.1897
-0.30946
0.54693
-0.079617
-0.023562
0.88125
0.55718
0.52762
-0.82324
-0.62751
-0.22805
-0.046821
0.52736
-0.13804
-0.51768
0.26998
-0.25256
0.013375
-0.27077
0.08567
-0.65799
-0.17803
1.0711
0.036827
0.033368
0.94641
-0.35943
0.35371
-0.46019
-1.1156
-0.37019
-0.22026
0.63404
-0.2005
-0.45669
0.16871
-0.33557
0.20041
-0.40778
0.12821
0.32774
-0.030691
0.85264
0.087955
-0.095429
0.75906
-0.77919
0.029249
-0.1667
-0.91315
0.11901
-0.40178
0.77713
-0.20838
-0.31421
0.057986
-0.38672
0.37874
-0.51865
0.0057302
1.0559
-0.02084
0.1425
-0.062439
-0.53467
0.51582
-0.74248
-0.26523
-0.12904
-0.12652
0.90672
-0.50373
0.8977
-0.17316
-0.0077605
-0.0088262
-0.45061
0.41825
-0.45014
-0.049335
0.92722
-0.13983
-0.5456
-0.34378
-0.98235
0.31752
-0.44178
-0.41289
-0.25952
0.50355
1.1168
-0.27361
0.96787
-0.19983
0.41606
-0.042747
-0.55388
0.23937
-0.07443
0.075062
0.35572
-0.19148
-0.76748
-0.64872
-0.96009
0.035877
-0.17227
-0.47695
-0.44487
0.61362
0.59461
0.12098
1.0366
-0.30029
0.73373
-0.040494
-0.51923
-0.12008
0.42499
0.36288
-0.02269
-0.18329
-0.52077
-0.8001
-0.12194
-0.23408
-0.074317
-0.40618
-0.43955
0.44828
-0.28651
0.33244
1.1546
-0.40007
0.6858
0.021509
-0.44142
-0.46694
0.76468
0.56301
-0.038315
-0.14971
-0.30303
-0.76079
0.88895
-0.29316
-0.14023
-0.24627
-0.18382
0.21406
-0.95277
0.29208
1.178
-0.37977
0.26909
0.010506
-0.39146
-0.54569
0.82905
0.37003
0.117
-0.16119
-0.19516
-0.56599
1.3797
-0.18272
-0.21336
-0.16073
0.12604
0.11983
-1.0951
0.13523
0.934
-0.17384
-0.079429
-0.065865
-0.39301
-0.36867
0.63817
-0.18619
0.18505
-0.1588
-0.11856
-0.35398
0.93358
-0.12522
-0.13514
-0.10768
0.16604
0.045266
-0.7229
0.034643
0.58494
0.041995
-0.17067
-0.1098
-0.37028
-0.12955
0.33129
-0.53165
0.07471
-0.023801
-0.16604
-0.19583
-0.090711
-0.13306
1.0747
0.099072
-0.57442
-0.11505
0.24927
-0.072109
0.30399
0.013899
-0.26321
0.20093
-0.26791
-0.11519
0.022277
-0.010216
-1.0042
-0.21224
0.21719
-0.17219
-0.11851
-0.10208
1.1773
0.35753
-0.5748
-0.41698
0.17716
-0.016583
0.60154
-0.065199
-0.39838
0.32944
-0.48212
-0.080578
-0.1086
0.019313
-1.1741
-0.3104
0.80146
0.040251
-0.073883
-0.024181
0.51891
0.66378
-0.30711
-0.87777
-0.12281
-0.11678
0.83232
-0.10249
-0.50423
0.43336
-0.67223
0.08756
-0.23189
0.061423
-0.58231
-0.22396
1.0485
0.26132
-0.0047589
0.091688
-0.27083
0.62619
0.079473
-1.0732
-0.31321
-0.30632
0.91737
-0.085271
-0.54862
0.35781
-0.84657
0.28202
-0.37085
0.055575
0.30266
-0.12384
0.47178
0.46093
-0.11048
0.2156
-0.70603
0.25016
0.25026
-0.61641
0.050712
-0.52647
0.97183
-0.041952
-0.48392
0.19193
-0.98785
0.43625
-0.59219
-0.017317
0.84121
-0.18744
-0.28945
0.59589
-0.47238
0.32649
-0.64045
-0.11552
0.17239
0.22342
0.61909
-0.56187
1.0281
-0.025038
-0.21469
0.065108
-1.0659
0.5104
-0.7724
0.010541
0.7132
-0.2653
-0.78009
0.5842
-0.86467
0.29269
-0.37491
-0.34606
-0.059143
0.70016
0.76417
-0.25616
0.97895
-0.21664
0.31109
-0.12784
-1.0108
0.24946
-0.69901
0.22878
0.30672
-0.26086
-0.75431
0.40646
-0.74882
0.013522
-0.20159
-0.53478
-0.34799
0.57106
0.32519
0.19585
0.88044
-0.54963
0.85634
-0.23489
-0.84249
-0.25376
-0.3742
0.57067
0.068222
-0.20157
-0.33439
0.23014
-0.0078725
-0.36803
-0.16427
-0.51815
-0.591
0.2932
-0.38668
0.43048
0.88137
-0.60874
0.94721
-0.17529
-0.68218
-0.55356
0.087814
0.70217
0.013539
-0.10802
-0.050928
0.044001
0.87475
-0.52302
-0.21559
-0.33446
-0.61115
0.089927
-0.88076
0.35944
0.85874
-0.35094
0.53998
-0.12651
-0.62029
-0.5166
0.38125
0.2981
0.069294
-0.11241
0.0081609
-0.075609
1.2692
-0.41629
-0.23336
-0.2066
-0.36737
0.062873
-0.92541
0.19082
0.69615
0.02613
0.12771
-0.11746
-0.56277
-0.26668
0.44047
-0.3853
0.12368
-0.093268
-0.056149
-0.11118
0.88355
-0.28985
-0.15987
-0.090471
-0.12174
0.026144
-0.55507
0.037876
0.46004
0.19177
-0.1113
-0.11252
-0.49261
-0.077332
0.30342
-0.69893
0.041328
-0.018096
0.016594
-0.17624
-0.097455
-0.32915
1.0159
-0.043509
-0.13237
-0.31322
0.28734
-0.074399
0.21878
-0.10168
-0.11585
0.20417
-0.33586
-0.12571
0.00015276
-0.022847
-0.8828
-0.25664
0.47041
-0.10867
-0.092856
-0.51504
1.0452
0.21601
0.035892
-0.67053
0.25724
-0.069836
0.41876
-0.097211
-0.23481
0.45363
-0.54381
-0.022106
-0.043149
0.059852
-1.0316
-0.37362
0.88608
0.089691
-0.086659
-0.61974
0.42213
0.63664
0.29235
-0.96486
-0.051569
-0.21555
0.56167
-0.040023
-0.42129
0.66751
-0.75232
0.14708
-0.10157
0.038915
-0.52608
-0.44797
0.80241
0.3053
-0.03245
-0.54231
-0.26452
0.8466
0.5375
-0.81822
-0.23124
-0.4982
0.55434
0.040626
-0.61259
0.68911
-0.88265
0.35903
-0.21114
-0.010626
0.26013
-0.47068
0.10869
0.49725
-0.10196
-0.32164
-0.60449
0.5464
0.52036
-0.14724
-0.042353
-0.68863
0.46007
0.075655
-0.64001
0.59507
-0.98992
0.50562
-0.47303
-0.052345
0.60188
-0.54487
-0.60351
0.79201
-0.36497
-0.065682
-0.55562
0.083394
0.3646
0.62048
0.34918
-0.55039
0.34146
0.0099443
-0.38995
0.45625
-1.0071
0.48079
-0.77739
0.047439
0.45341
-0.57262
-0.89241
1.1101
-0.62665
0.069728
-0.33698
-0.2747
0.14279
0.83946
0.49805
-0.085473
0.17502
-0.35567
0.12687
0.23585
-0.86328
0.054657
-0.94077
0.36796
0.24846
-0.50224
-0.57546
1.2129
-0.47233
-0.041517
-0.17787
-0.5579
-0.049121
0.45494
0.17481
0.3647
0.0066957
-0.74057
0.86937
0.019425
-0.6538
-0.49086
-0.78817
0.69476
0.12771
-0.35281
-0.011576
1.0853
0.11764
-0.3395
-0.15712
-0.69107
-0.32827
0.067898
-0.3293
0.51558
0.00085295
-0.66846
1.1552
0.00028862
-0.51491
-0.70026
-0.45141
0.70016
0.025528
-0.19976
0.23569
0.71032
0.74335
-0.52779
-0.20254
-0.5635
-0.55354
-0.038863
-0.65623
0.37429
0.011293
-0.23135
0.82592
0.055715
-0.474
-0.5157
-0.10361
0.11713
0.030019
-0.10569
0.18977
0.34217
1.014
-0.45687
-0.22068
-0.38193
-0.54446
0.054231
-0.70541
0.11732
-0.033498
0.22525
0.34663
0.088613
-0.44149
-0.13898
0.11842
-0.59365
0.079097
-0.073108
0.024679
0.10642
0.72621
-0.33483
-0.14416
-0.15203
-0.33356
0.079064
-0.44491
-0.02504
-0.048629
0.30331
-0.0019947
0.054808
-0.40321
0.061103
0.16226
-0.76861
0.0077021
-0.074605
0.208
-0.18551
-0.16485
-0.42352
0.87542
-0.30715
0.32602
-0.43459
0.25676
-0.015738
0.010675
-0.14609
-0.001882
0.20422
-0.18924
-0.077653
-0.046682
0.061987
-0.7785
-0.29099
0.64865
-0.11414
-0.17404
-0.70974
0.89852
-0.099134
0.60179
-0.78108
0.23509
-0.11795
0.039509
-0.093143
-0.10899
0.47021
-0.20608
0.066536
-0.030051
0.11368
-0.88699
-0.46103
0.83428
-0.012585
-0.15827
-0.85704
0.35593
0.35145
0.76754
-0.80617
-0.024055
-0.35186
0.023381
0.00070569
-0.29818
0.70476
-0.24161
0.30146
-0.0030469
0.025499
-0.52634
-0.69838
0.47252
0.12218
-0.069071
-0.80999
-0.26821
0.79408
0.7154
-0.36771
-0.20928
-0.65837
-0.04837
0.10634
-0.57286
0.83992
-0.24234
0.57052
-0.046789
-0.071352
0.061732
-0.84666
-0.27035
0.2272
-0.057183
-0.54795
-0.55929
0.80002
0.44073
0.40019
-0.11301
-0.76022
-0.1743
0.07579
-0.73287
0.95074
-0.20078
0.64286
-0.2189
-0.053324
0.35493
-0.88548
-0.88718
0.47802
-0.19259
-0.25029
-0.51149
0.36941
0.21516
0.98542
0.17631
-0.40126
-0.35908
-0.12753
-0.58627
0.97004
-0.11009
0.39286
-0.52839
0.17451
0.30651
-0.85814
-0.92884
0.85254
-0.40771
-0.076737
-0.35228
-0.13164
0.1363
0.81449
0.28168
0.15841
-0.56891
-0.57024
-0.17613
0.78401
0.0011209
-0.16056
-0.82719
0.56171
0.19237
-0.73473
-0.36279
1.1006
-0.33496
-0.052078
-0.21262
-0.54584
0.12894
0.21472
0.046386
0.59631
-0.65776
-0.84339
0.55667
0.52061
0.10768
-0.73027
-0.91255
0.75516
0.099036
-0.52578
0.22104
1.1129
0.092552
-0.19017
-0.14727
-0.73036
-0.091766
-0.12942
-0.23699
0.64074
-0.59406
-0.5618
1.0847
0.4011
0.15356
-0.88642
-0.79327
0.49909
0.031477
-0.32838
0.31705
0.78739
0.53718
-0.3053
-0.15094
-0.68983
-0.4149
-0.080983
-0.43438
0.3244
-0.53776
0.01142
0.9345
0.39433
0.13401
-0.55352
-0.50418
-0.23478
0.030858
-0.20279
0.16195
0.36345
0.75975
-0.27612
-0.16967
-0.51918
-0.53995
0.12168
-0.61654
0.031059
-0.43432
0.46982
0.49075
0.3974
0.040527
-0.060075
-0.17394
-0.90261
0.13425
-0.19521
-0.0041082
0.061973
0.61454
-0.15496
-0.077706
-0.26939
-0.44623
0.17869
-0.48698
-0.076063
-0.29165
0.44285
0.091305
0.25948
-0.083906
0.15783
-0.03182
-0.86925
0.10951
-0.16977
0.32956
-0.054529
-0.21963
-0.35929
0.70226
-0.47891
0.61483
-0.53136
0.18807
-0.062338
-0.19299
-0.13418
0.1589
-0.043799
0.078881
0.040335
-0.078101
0.11261
-0.64772
-0.20404
0.69798
-0.03293
-0.23984
-0.63294
0.76585
-0.42281
0.95258
-0.79671
0.20019
-0.22452
-0.28584
-0.1047
0.12704
0.14292
0.22005
0.28427
-0.018991
0.15757
-0.75714
-0.40328
0.70459
-0.00020779
-0.2029
-0.79292
0.34105
0.00025466
0.90292
-0.56749
-0.056199
-0.53077
-0.40757
-0.068501
-0.058
0.27652
0.37071
0.60828
0.080581
0.0911
-0.48514
-0.66449
0.14017
0.0064533
-0.10736
-0.76215
-0.16236
0.60309
0.48962
-0.031166
-0.24621
-0.85739
-0.44932
-0.0083793
-0.4258
0.41056
0.51543
0.87178
0.091998
-0.022146
-0.059521
-0.81761
-0.65192
0.021114
0.014976
-0.49127
-0.41339
0.96208
0.029201
0.67292
-0.17299
-0.78638
-0.51568
-0.048913
-0.77278
0.64941
0.68228
0.75608
-0.0021596
-0.020177
0.18266
-0.8097
-1.0189
0.10665
-0.093554
-0.24491
-0.40714
0.73312
-0.11503
0.99892
0.05694
-0.26553
-0.61214
-0.33486
-0.8036
0.78916
0.84587
0.29764
-0.20848
0.27018
0.24108
-0.7623
-0.72339
0.32719
-0.28517
-0.14212
-0.35772
0.21563
-0.012134
0.55143
0.1546
0.43847
-0.65979
-0.71982
-0.54899
0.75832
0.94977
-0.34921
-0.46522
0.64341
0.15841
-0.67994
-0.06094
0.56187
-0.27712
-0.0617
-0.23306
-0.29989
0.11881
-0.024512
0.012973
0.9098
-0.60929
-0.71344
0.045506
0.61857
0.96816
-0.90639
-0.74641
0.57309
0.11716
-0.54753
0.26809
0.6767
-0.037681
-0.093261
-0.11423
-0.5671
0.00019919
-0.15559
-0.14883
0.80349
-0.55361
-0.18359
0.64467
0.53986
0.86534
-0.95397
-0.88014
0.076178
0.078876
-0.46714
0.22388
0.50533
0.24585
-0.069445
-0.1096
-0.58
-0.30328
-0.0069689
-0.32575
0.30372
-0.47523
0.4612
0.76755
0.53351
0.74603
-0.49915
-0.68986
-0.63551
0.030166
-0.35379
-0.019629
0.13374
0.47551
-0.035744
-0.1412
-0.46683
-0.48623
0.1668
-0.53319
-0.025376
-0.34117
0.81595
0.51273
0.50126
0.56096
0.050765
-0.3385
-1.1589
0.097687
-0.33443
-0.14114
-0.076321
0.48681
0.033671
-0.088799
-0.29345
-0.45261
0.15214
-0.49824
-0.12477
-0.21413
0.59643
0.18894
0.29876
0.28231
0.22641
-0.075185
-0.95652
0.10656
-0.25635
0.33908
0.048797
-0.19295
-0.37359
0.6353
-0.55144
0.66176
-0.53511
0.15495
-0.13176
-0.2792
-0.18091
0.34666
-0.36526
0.23668
0.15088
-0.13921
0.056768
-0.50583
-0.027615
0.5721
0.057781
-0.21694
-0.53455
0.71254
-0.62592
0.89982
-0.66277
0.082375
-0.34628
-0.35416
-0.13443
0.37198
-0.42214
0.42309
0.4855
-0.0462
0.14168
-0.65786
-0.025545
0.39282
0.073187
-0.17003
-0.58803
0.38496
-0.25275
0.62468
-0.36438
-0.21807
-0.73085
-0.44189
-0.14007
0.20064
-0.46041
0.60846
0.89492
0.049707
0.18971
-0.43383
-0.055126
-0.23395
0.026578
-0.022744
-0.47039
-0.05333
0.43174
0.069882
0.18724
-0.35008
-1.0359
-0.4686
-0.13101
-0.18976
-0.41894
0.80552
1.0605
0.13487
0.16683
-0.019843
-0.11167
-0.81268
-0.052395
0.10714
-0.31467
-0.26352
0.97324
-0.26943
0.69862
-0.21867
-0.81651
-0.49134
-0.19753
-0.65683
-0.21265
0.99371
0.69673
0.13727
0.16261
0.21008
-0.15621
-0.79428
-0.031191
-0.010434
-0.29395
-0.33204
1.0362
-0.28212
0.72278
-0.038334
-0.078953
-0.44889
-0.50463
-0.92525
-0.00076246
1.0987
0.06864
0.045158
0.33965
0.25385
-0.18675
-0.29866
0.021416
-0.25139
-0.26001
-0.32394
0.65613
-0.035268
0.19463
0.065339
0.71707
-0.30791
-0.6816
-0.85963
0.061514
1.0736
-0.57276
-0.14654
0.55613
0.19948
-0.17948
0.20031
0.18667
-0.34947
-0.1915
-0.23241
0.1109
0.19227
-0.21371
0.09874
1.1575
-0.20821
-0.36639
-0.43787
0.067382
1.0051
-1.0825
-0.39667
0.25598
0.18185
-0.26658
0.26688
0.35
-0.2971
-0.12765
-0.15698
-0.25489
0.15334
-0.17414
0.01489
0.89204
-0.18817
0.36233
0.12094
0.094416
0.93662
-0.98329
-0.61229
-0.36958
0.12273
-0.35113
0.054555
0.28552
-0.07312
0.014494
-0.13392
-0.38022
-0.12816
0.0062458
-0.18461
0.23509
-0.1522
1.0213
0.48599
0.18663
0.83938
-0.44589
-0.59118
-0.95707
0.021609
-0.33507
-0.22481
-0.0029366
0.23473
0.050242
-0.15428
-0.40463
-0.34168
0.11112
-0.41526
-0.1511
-0.10895
1.194
0.46215
0.22152
0.60829
0.10024
-0.3606
-1.2802
-0.002749
-0.33244
-0.2926
-0.10171
0.25429
0.037608
-0.082827
-0.31023
-0.35604
0.094603
-0.40385
-0.19481
-0.085646
0.73102
0.23834
0.12778
0.31973
0.24563
-0.10829
-0.98494
0.033351
-0.24555
0.254
0.031967
-0.1667
-0.40746
0.56444
-0.59445
0.49073
-0.46975
0.10439
-0.18698
-0.14806
-0.22667
0.3139
-0.55294
0.086446
0.19796
-0.22563
0.031733
-0.37794
0.26042
0.32752
0.071053
-0.17907
-0.45067
0.59283
-0.7921
0.60366
-0.52035
-0.068882
-0.40194
-0.18866
-0.19041
0.40206
-0.82915
0.23789
0.58127
-0.23562
0.14959
-0.55452
0.60065
0.085599
0.1196
-0.087647
-0.36701
0.30742
-0.54518
0.31846
-0.22255
-0.35219
-0.80864
-0.23736
-0.24002
0.30758
-1.0178
0.42079
0.98316
-0.18377
0.29827
-0.37892
0.84404
-0.40704
0.090765
0.10362
-0.2694
-0.086403
0.061425
-0.089602
0.32085
-0.41779
-1.0305
-0.29495
-0.24365
0.021516
-1.0861
0.56875
1.0035
-0.037122
0.37464
0.01303
0.92863
-0.66008
0.013688
0.14986
-0.28472
-0.26971
0.74643
-0.29613
0.65205
-0.24963
-0.75548
-0.32311
-0.35758
-0.46718
-0.99086
0.59363
0.4819
0.070425
0.36992
0.17189
0.84806
-0.43054
0.025306
-0.024456
-0.39275
-0.31748
1.1023
-0.23286
0.5004
-0.048406
0.036543
-0.22488
-0.5849
-0.87913
-0.83781
0.54295
-0.20183
0.023958
0.35946
0.20519
0.69906
0.010838
0.0036343
-0.28756
-0.37087
-0.25972
0.97388
0.051195
-0.019978
0.13759
0.86278
-0.070775
-0.50462
-0.99356
-0.68951
0.40691
-0.80753
-0.045256
0.33384
0.20655
0.50918
0.25454
0.056846
-0.44804
-0.29093
-0.1863
0.52195
0.34334
-0.28137
0.26653
1.2582
0.022729
0.084561
-0.77344
-0.62175
0.32419
-1.1885
-0.10329
-0.067494
0.19304
0.32402
0.11757
0.18571
-0.42533
-0.22371
-0.21534
0.13717
0.32038
-0.16837
0.27196
0.92175
0.073763
0.90388
-0.26615
-0.55235
0.39163
-0.93413
-0.21734
-0.69132
0.14911
0.15797
-0.1937
0.17836
-0.19048
-0.049414
-0.23654
-0.13002
0.042438
0.00049334
0.10932
0.27941
0.05862
1.5307
0.27384
-0.40634
0.44363
-0.41415
-0.3497
-1.1855
0.040993
0.076657
-0.41117
0.0062756
0.071377
0.075682
-0.21076
-0.31129
-0.17363
0.072756
-0.13295
-0.10383
0.018569
1.4294
0.39283
-0.28817
0.32168
0.066244
-0.31298
-1.3066
-0.053827
-0.037902
-0.38745
-0.053996
0.12289
0.044341
-0.093015
-0.30719
-0.20924
0.078271
-0.24024
-0.1415
0.0041977
0.79043
0.25676
-0.18998
0.092193
0.24128
-0.15947
-0.91632
-0.0068177
-0.051102
0.12695
0.025283
-0.15325
-0.24104
0.49107
-0.5597
0.2662
-0.35206
0.055536
-0.2055
-0.042559
-0.20939
0.21498
-0.5335
-0.092681
0.21454
-0.27221
0.12281
-0.34398
0.42057
0.063099
0.1031
-0.12697
-0.24773
0.43711
-0.77363
0.32656
-0.32588
-0.096503
-0.41001
-0.017312
-0.24152
0.33362
-0.89003
0.028665
0.56161
-0.33923
0.25649
-0.50072
0.95377
-0.14538
0.16506
0.035587
-0.15303
0.19704
-0.71205
0.1234
-0.056575
-0.28806
-0.74214
-0.053049
-0.3034
0.29399
-1.0902
0.16253
0.82172
-0.35857
0.40448
-0.34931
1.353
-0.42277
0.11643
0.14397
-0.16844
-0.1359
-0.29415
-0.092208
0.38335
-0.38159
-0.90158
-0.12981
-0.36053
0.066667
-1.197
0.18944
0.72451
-0.25801
0.44394
-0.092252
1.4835
-0.43155
0.023531
0.11124
-0.28768
-0.2869
0.34408
-0.17442
0.60647
-0.24639
-0.63739
-0.19445
-0.47534
-0.3298
-1.1543
0.11172
0.18361
-0.13963
0.42899
0.019909
1.4141
-0.10213
0.058962
-0.063559
-0.38323
-0.3042
0.89185
-0.09385
0.40734
0.028049
0.07231
-0.15377
-0.55603
-0.69216
-1.0733
-0.036824
-0.36519
-0.11362
0.32701
0.12359
1.1883
0.18235
0.070688
-0.29149
-0.36681
-0.20736
0.96677
0.17184
0.024415
0.26638
0.84651
-0.044317
-0.25889
-0.93113
-0.92637
-0.19768
-0.82938
-0.035364
0.074825
0.16243
0.90426
0.17939
0.068462
-0.43707
-0.29807
-0.18024
0.68871
0.39283
-0.14434
0.39906
1.0962
0.052934
0.40416
-0.87638
-0.80376
-0.26839
-1.0324
0.036091
-0.35668
0.14705
0.64812
-0.057557
0.14729
-0.42081
-0.21489
-0.20161
0.34619
0.36531
-0.045749
0.46804
0.7675
0.047092
1.1608
-0.42905
-0.73564
-0.15798
-0.7483
-0.034533
-0.87774
0.093676
0.48697
-0.31213
0.16684
-0.23148
-0.073167
-0.24017
0.021887
0.1793
0.072194
0.37695
0.31897
-0.030522
1.6006
0.062906
-0.65003
-0.0081352
-0.28817
-0.15324
-1.2303
-0.057772
0.39157
-0.42743
0.071131
-0.0082018
0.079888
-0.24393
-0.22908
0.0042144
0.076639
0.1345
0.0012283
-0.064871
1.348
0.25438
-0.5208
0.010553
0.030135
-0.19102
-1.2107
-0.14772
0.24212
-0.34002
-0.016226
0.082065
0.068985
-0.13316
-0.26388
-0.072761
0.043973
-0.11559
-0.042595
-0.023166
0.77367
0.2223
-0.36337
-0.054619
0.22675
-0.12449
-0.80558
-0.077052
0.094364
0.011001
0.034373
-0.14199
-0.11961
0.29143
-0.38431
0.1177
-0.18617
0.062632
-0.13993
-0.092153
-0.12466
0.15754
-0.33913
-0.14303
0.18549
-0.1669
0.061655
-0.36648
0.29647
-0.080891
0.071588
-0.067826
-0.090099
0.23014
-0.52793
0.11235
-0.13407
-0.020219
-0.36033
-0.026279
-0.18549
0.18815
-0.51838
-0.084869
0.39992
-0.23831
0.18247
-0.37812
0.70261
-0.18579
0.12517
0.058429
-0.010809
0.12517
-0.49168
-0.0010225
0.0050451
-0.14977
-0.58665
0.005052
-0.23422
0.16396
-0.65627
-0.003741
0.5306
-0.23499
0.31826
-0.25217
1.0278
-0.32851
0.082624
0.07652
-0.080381
-0.055917
-0.27856
-0.022747
0.29958
-0.25318
-0.63189
-0.039648
-0.31752
0.031576
-0.75183
-0.028618
0.38159
-0.20736
0.39788
-0.15285
1.106
-0.22762
-0.042618
0.019741
-0.17299
-0.19484
0.091412
-0.032058
0.43152
-0.18217
-0.39782
-0.090472
-0.39319
-0.1878
-0.72249
-0.1132
-0.037662
-0.15775
0.38378
-0.040659
1.0306
0.092363
0.0066888
-0.054623
-0.20727
-0.20031
0.47137
0.042894
0.28244
0.072076
0.063013
-0.053021
-0.36525
-0.42818
-0.67583
-0.24335
-0.36864
-0.11522
0.24254
0.084335
0.90079
0.20584
0.08399
-0.17741
-0.24063
-0.16759
0.59257
0.1914
0.088746
0.28342
0.60262
0.011274
-0.11817
-0.6671
-0.58661
-0.41306
-0.62222
-0.024375
-0.025141
0.10084
0.69636
0.088075
0.051067
-0.3166
-0.19694
-0.18257
0.46302
0.21574
-0.04152
0.38924
0.6618
0.016506
0.32211
-0.71739
-0.49637
-0.42977
-0.70369
0.014473
-0.36422
0.082472
0.47737
-0.10556
0.07368
-0.3218
-0.091475
-0.1443
0.23783
0.17355
-0.065722
0.40172
0.41958
-0.083278
0.80156
-0.4172
-0.44653
-0.34555
-0.51908
-0.02084
-0.67983
-0.0025594
0.37404
-0.21337
0.08536
-0.16521
-0.0091405
-0.15614
-0.018636
0.17627
0.045043
0.35252
0.21855
-0.15205
1.0343
-0.071664
-0.40582
-0.21722
-0.19507
-0.067218
-0.88991
-0.14983
0.33151
-0.24803
0.061515
0.039542
0.062029
-0.18101
-0.15954
0.081562
0.060906
0.20529
0.0067511
-0.15107
0.83855
0.083051
-0.29357
-0.065034
0.025204
-0.09798
-0.85903
-0.19485
0.22396
-0.17735
0.010116
0.093313
-0.0059274
-0.11169
-0.17694
-0.010609
0.016533
-0.01694
-0.034796
-0.11056
0.48978
0.037834
-0.21899
-0.011373
0.12917
-0.063295
-0.64083
-0.12999
0.076492
-0.4418
-0.35028
0.033106
0.45547
0.79719
0.87991
0.5534
0.032678
-0.32019
-0.4291
-0.40262
-0.28997
-0.61932
-0.44053
0.15067
0.80357
1.1638
0.99387
0.37236
-0.2607
-0.54204
-0.52676
-0.47478
-0.2903
-0.51339
-0.262
0.44797
1.1644
1.2778
0.67324
-0.1694
-0.69253
-0.70632
-0.50248
-0.381
-0.20631
-0.30559
0.024955
0.78001
1.3572
1.0891
0.17818
-0.68322
-0.91898
-0.63407
-0.3308
-0.21998
-0.13665
-0.14067
0.32387
1.0585
1.3221
0.68466
-0.33468
-0.98272
-0.87698
-0.35121
-0.0091025
0.065425
-0.010649
0.069352
0.65488
1.191
1.0826
0.21198
-0.76499
-1.0984
-0.68566
-0.037529
0.31165
0.30265
0.10411
0.3205
0.86217
1.1295
0.69337
-0.30002
-1.1035
-1.0912
-0.42226
0.18693
0.40581
0.25814
0.057077
0.4644
0.8983
0.90372
0.22329
-0.75599
-1.1969
-0.8279
-0.097393
0.32051
0.27827
0.044271
-0.10763
0.47453
0.74549
0.51947
-0.26011
-0.97206
-0.94332
-0.36789
0.19551
0.33229
0.08343
-0.17072
-0.25085
0.3837
0.46101
0.11452
-0.49631
-0.7978
-0.49241
0.02895
0.29257
0.15863
-0.18201
-0.4101
-0.36189
0.22903
0.16075
-0.18959
-0.51886
-0.48532
-0.091445
0.24051
0.22806
-0.04646
-0.3481
-0.45976
-0.30872
0.089652
-0.055702
-0.29291
-0.38352
-0.21128
0.085309
0.25436
0.1315
-0.10423
-0.26083
-0.26461
-0.1493
-0.010879
-0.03685
-0.1003
-0.19439
-0.37177
-0.56244
-0.71633
-0.79508
-0.86719
-0.8022
-0.56226
-0.29028
-0.024736
-0.069307
-0.068559
-0.20832
-0.49208
-0.81269
-1.1125
-1.292
-1.424
-1.3516
-0.9987
-0.54616
-0.12858
-0.16224
-0.13635
-0.15653
-0.33332
-0.66903
-1.0952
-1.4295
-1.5887
-1.4906
-1.1031
-0.59727
-0.20401
-0.19139
-0.10258
0.04418
0.10248
-0.040606
-0.40519
-0.75208
-0.94845
-0.92232
-0.68134
-0.39262
-0.15663
-0.13505
0.044876
0.31521
0.60279
0.7674
0.74874
0.62007
0.39304
0.12969
-0.023637
-0.070113
-0.094451
-0.047771
0.14437
0.40202
0.68655
1.0284
1.3458
1.4922
1.3188
0.9024
0.46139
0.17643
-0.071541
-0.031245
0.061358
0.19303
0.36298
0.64886
0.99186
1.2482
1.3422
1.0409
0.51477
0.16467
-0.0098539
0.051103
0.036785
0.034607
0.10667
0.2573
0.47042
0.68373
0.86774
0.69528
0.23709
-0.045039
0.04983
0.13034
0.13115
0.067646
0.013429
0.012851
0.096103
0.27431
0.44921
0.39211
0.083336
-0.11121
0.022905
0.097655
0.15268
0.12331
0.069575
0.047106
0.064832
0.13118
0.24432
0.25008
0.074101
-0.039718
0.059304
0.11637
0.16373
0.15016
0.14079
0.16809
0.17423
0.17562
0.20563
0.18443
0.088909
0.031086
0.090355
0.14278
0.15127
0.11345
0.072966
0.078716
0.099749
0.11624
0.1253
0.10077
0.058277
0.012235
0.04846
0.011451
-0.028412
-0.071973
-0.19757
-0.46338
-0.79608
-0.81388
-0.33373
0.3587
0.84979
0.80446
0.031049
0.0066215
0.015818
-0.022686
-0.18019
-0.5998
-1.1268
-1.1869
-0.43282
0.66183
1.267
1.0416
0.03349
0.027436
0.042506
0.026246
-0.15824
-0.65882
-1.2739
-1.3022
-0.30227
1.0024
1.6054
1.2125
-0.0070718
-0.016828
0.018444
0.031663
-0.16618
-0.63509
-1.215
-1.2182
-0.10019
1.2685
1.7755
1.2549
-0.057488
-0.073898
-0.035494
-0.023245
-0.18086
-0.58638
-1.045
-0.97877
0.081707
1.2969
1.6986
1.1591
-0.07014
-0.13046
-0.10403
-0.063315
-0.13548
-0.44277
-0.77562
-0.66914
0.1169
1.102
1.4279
1.0098
-0.15184
-0.23427
-0.18136
-0.10959
-0.095557
-0.25514
-0.4692
-0.45503
0.058452
0.76355
1.0862
0.83029
-0.22276
-0.25742
-0.19765
-0.10008
-0.05943
-0.11885
-0.28481
-0.40296
-0.14006
0.3569
0.75514
0.66009
-0.2476
-0.22839
-0.11995
0.018236
0.064471
-0.053261
-0.24971
-0.42552
-0.36153
0.034163
0.44519
0.46908
-0.23906
-0.20496
-0.051465
0.13164
0.18359
-0.050963
-0.34898
-0.55041
-0.50882
-0.20517
0.1677
0.26549
-0.17787
-0.11649
0.0326
0.18488
0.18274
-0.07319
-0.37401
-0.5725
-0.52409
-0.26742
0.038804
0.19406
-0.10765
-0.0096174
0.099011
0.15172
0.084726
-0.086499
-0.282
-0.39225
-0.32868
-0.12904
0.027297
0.13183
0.51766
1.03
1.2422
0.97214
0.39576
-0.18399
-0.39244
-0.27833
-0.081439
0.13777
0.24296
0.16677
0.79019
1.5874
1.9876
1.6927
0.95994
0.18755
-0.156
-0.14705
-0.011198
0.21372
0.33339
0.25111
0.66929
1.485
1.9889
1.8707
1.309
0.68953
0.28203
0.038653
-0.05967
0.033266
0.081431
0.053455
0.18192
0.72811
1.17
1.2757
1.0752
0.77151
0.47126
0.063873
-0.25912
-0.30018
-0.26319
-0.17225
-0.25565
-0.13352
0.031448
0.22108
0.35117
0.41945
0.33861
-0.029613
-0.42867
-0.55313
-0.4886
-0.34775
-0.47003
-0.67448
-0.78531
-0.66086
-0.37705
-0.034276
0.12618
-0.10145
-0.42873
-0.57498
-0.52423
-0.36878
-0.50684
-0.81091
-1.0216
-0.98542
-0.7207
-0.31539
-0.0013525
-0.031283
-0.24781
-0.35293
-0.29706
-0.17679
-0.50639
-0.7626
-0.93653
-0.90879
-0.6732
-0.40235
-0.13985
-0.045374
-0.060494
-0.051596
0.016861
0.061334
-0.4711
-0.63666
-0.6916
-0.61411
-0.46042
-0.35932
-0.28158
-0.20609
-0.10784
0.032788
0.1144
0.13867
-0.40772
-0.46767
-0.40166
-0.31421
-0.29831
-0.39778
-0.41507
-0.33559
-0.22612
-0.065926
0.10866
0.15759
-0.26202
-0.26709
-0.19597
-0.18849
-0.30835
-0.45346
-0.43058
-0.31941
-0.17869
-0.011622
0.13051
0.14988
-0.11329
-0.082934
-0.039183
-0.079798
-0.19938
-0.29351
-0.28161
-0.19847
-0.060922
0.078841
0.11664
0.081954
0.69828
0.81238
0.32211
-0.20979
-0.56688
-0.63611
-0.51748
-0.33558
-0.19548
-0.11381
-0.11763
-0.13774
1.1197
1.3349
0.62644
-0.24832
-0.7778
-0.85039
-0.63903
-0.35121
-0.16034
-0.09794
-0.15828
-0.17932
1.3386
1.6118
0.77633
-0.29785
-0.88541
-0.90225
-0.5909
-0.23623
-0.065636
-0.069237
-0.13405
-0.14046
1.3956
1.6369
0.75997
-0.35534
-0.9213
-0.85912
-0.5284
-0.19711
-0.087863
-0.15513
-0.19035
-0.1355
1.4196
1.5768
0.71747
-0.32229
-0.85609
-0.78124
-0.4917
-0.22019
-0.15516
-0.22108
-0.23775
-0.16015
1.3709
1.469
0.65681
-0.27737
-0.7458
-0.68259
-0.45554
-0.22581
-0.1815
-0.19985
-0.20633
-0.15605
1.2109
1.2598
0.52436
-0.2575
-0.66645
-0.65332
-0.43811
-0.23115
-0.15676
-0.16218
-0.18085
-0.10482
1.0091
1.0731
0.46418
-0.13618
-0.52862
-0.59025
-0.42542
-0.23439
-0.14071
-0.1717
-0.15669
-0.043725
0.88272
0.97614
0.47345
-0.0173
-0.36739
-0.44042
-0.36436
-0.22437
-0.16785
-0.20925
-0.16139
-0.043759
0.82042
0.88911
0.40822
-0.038385
-0.33317
-0.38329
-0.32754
-0.23121
-0.22282
-0.26205
-0.20257
-0.091087
0.71349
0.71511
0.30177
-0.04619
-0.29999
-0.37231
-0.31007
-0.21738
-0.2486
-0.27731
-0.22773
-0.13371
0.47786
0.46751
0.20547
-0.042461
-0.2061
-0.27564
-0.22353
-0.14895
-0.15608
-0.20869
-0.2073
-0.1374
0.33007
0.41911
0.26508
-0.020936
-0.20232
-0.34226
-0.44344
-0.43836
-0.34494
-0.26263
-0.20339
-0.16635
0.40244
0.59428
0.43707
0.062854
-0.22727
-0.4554
-0.60842
-0.55292
-0.37965
-0.23525
-0.19363
-0.1751
0.38493
0.6225
0.54692
0.19683
-0.18235
-0.46496
-0.59565
-0.56066
-0.41877
-0.26767
-0.19289
-0.16068
0.31796
0.62833
0.71047
0.48461
0.04958
-0.32908
-0.50989
-0.53734
-0.46796
-0.32547
-0.18658
-0.14815
0.13677
0.50122
0.83441
0.83414
0.41614
-0.13293
-0.45117
-0.57108
-0.55451
-0.43428
-0.24658
-0.12075
-0.09713
0.27575
0.82337
1.1083
0.80905
0.17308
-0.37343
-0.63933
-0.69611
-0.62609
-0.42614
-0.22086
-0.36176
-0.085385
0.55499
1.1187
1.0889
0.56128
-0.09305
-0.57981
-0.7965
-0.76968
-0.57423
-0.33317
-0.61078
-0.49193
0.1106
0.89324
1.2364
0.98207
0.35668
-0.29808
-0.65843
-0.70626
-0.55636
-0.34243
-0.7075
-0.75578
-0.29214
0.56445
1.2429
1.3293
0.85143
0.17904
-0.2733
-0.44874
-0.44929
-0.32384
-0.6887
-0.91315
-0.65385
0.10689
0.95725
1.3874
1.1944
0.71196
0.20794
-0.18714
-0.36928
-0.33629
-0.5952
-0.90207
-0.82625
-0.29161
0.52607
1.1064
1.1846
0.89556
0.45625
0.013008
-0.21607
-0.23349
-0.42627
-0.63599
-0.64725
-0.38159
0.11737
0.60661
0.7745
0.65413
0.38596
0.10673
-0.082743
-0.14595
-0.30365
-0.49454
-0.70298
-0.81682
-0.79162
-0.55603
-0.10512
0.31987
0.66514
0.92268
0.89194
0.55213
-0.55686
-0.96532
-1.1866
-1.1925
-1.0769
-0.8187
-0.38323
0.14943
0.75528
1.235
1.2629
0.78332
-0.71305
-1.1679
-1.2899
-1.0716
-0.82289
-0.64048
-0.5204
-0.27616
0.22516
0.77466
0.96923
0.71167
-0.83394
-1.134
-1.0052
-0.57823
-0.21443
-0.13793
-0.33348
-0.54392
-0.49555
-0.1367
0.23649
0.29723
-0.67142
-0.71976
-0.38783
0.080084
0.3504
0.31152
0.0034703
-0.42203
-0.7231
-0.70492
-0.39095
-0.12394
-0.15441
0.029533
0.40452
0.65558
0.65878
0.49529
0.27754
-0.018712
-0.4138
-0.71822
-0.63839
-0.34034
0.4269
0.79218
1.0173
0.87811
0.53627
0.31493
0.26636
0.18989
-0.12312
-0.53261
-0.63607
-0.44966
0.79838
1.2148
1.1362
0.66404
0.15536
-0.033767
0.055256
0.17429
0.041891
-0.31986
-0.54747
-0.47277
0.85484
1.1401
0.79641
0.20917
-0.21563
-0.25622
0.014288
0.24712
0.18311
-0.12302
-0.41269
-0.43699
0.69001
0.79249
0.39371
-0.068428
-0.32133
-0.24324
0.13506
0.39374
0.36226
0.12785
-0.14932
-0.2851
0.43132
0.44948
0.20232
-0.045394
-0.16063
-0.032445
0.27593
0.45988
0.43364
0.29234
0.081082
-0.10875
0.22404
0.19095
0.07864
0.0066791
0.0019633
0.1088
0.25988
0.29312
0.25937
0.23303
0.16071
0.023348
0.15477
0.12688
-0.16711
-0.633
-0.87332
-0.62391
-0.24092
0.10195
0.29197
0.27568
0.17877
0.092813
0.22132
0.13999
-0.30304
-0.98973
-1.2611
-0.74199
-0.068613
0.3516
0.45639
0.35694
0.18758
0.068326
0.1975
0.027447
-0.48388
-1.196
-1.3234
-0.56237
0.33054
0.67894
0.59181
0.3866
0.208
0.08277
0.061825
-0.18194
-0.76421
-1.3863
-1.1696
-0.15763
0.70334
0.83303
0.5603
0.34154
0.20947
0.10218
-0.15714
-0.50999
-1.0897
-1.3894
-0.74365
0.37786
0.9489
0.75482
0.39703
0.25505
0.15528
0.10296
-0.36356
-0.79678
-1.2105
-1.0566
-0.10988
0.89771
1.1
0.59256
0.16187
0.082497
0.13955
0.16537
-0.50212
-0.93481
-1.0381
-0.47905
0.51839
1.233
1.0468
0.36051
-0.066447
-0.040881
0.16009
0.23178
-0.62711
-0.96151
-0.78325
0.015986
0.94258
1.2452
0.73612
0.073851
-0.15334
-0.00029845
0.20664
0.24647
-0.61988
-0.84598
-0.52633
0.31806
1.0218
0.94857
0.32659
-0.15071
-0.17606
0.028826
0.21318
0.22159
-0.55569
-0.66585
-0.24812
0.4788
0.89259
0.65804
0.11208
-0.18541
-0.14581
0.050584
0.18091
0.17028
-0.49849
-0.44392
-0.01043
0.53067
0.78806
0.55989
0.1474
-0.045178
-0.038362
0.086759
0.13795
0.10487
-0.36695
-0.24311
0.10348
0.46746
0.57232
0.43563
0.207
0.071322
0.032533
0.0712
0.082326
0.058068
0.13756
0.079961
-0.16096
-0.29807
-0.057243
0.6035
1.1296
0.9369
0.14414
-0.58165
-0.80698
-0.57519
0.23363
0.079445
-0.30534
-0.47322
0.047584
1.0859
1.6794
1.2241
0.072797
-0.88322
-1.2142
-0.86732
0.2255
0.093122
-0.32828
-0.48669
0.21044
1.3338
1.7542
1.1358
-0.083256
-1.085
-1.3689
-0.93243
0.23514
0.13922
-0.26622
-0.44846
0.24347
1.2354
1.4467
0.79902
-0.29187
-1.1321
-1.275
-0.78832
0.36441
0.25807
-0.12861
-0.35764
0.13784
0.89828
1.0314
0.46984
-0.39133
-1.0134
-1.0725
-0.60889
0.42107
0.32636
-0.013575
-0.25714
-0.0027301
0.51215
0.64909
0.25518
-0.37022
-0.80194
-0.85419
-0.52857
0.365
0.31609
0.015065
-0.21374
-0.077164
0.31122
0.4052
0.11854
-0.27667
-0.58802
-0.73137
-0.56456
0.31643
0.22845
-0.095788
-0.28429
-0.14675
0.1572
0.23864
0.03343
-0.17714
-0.42476
-0.65383
-0.57293
0.27268
0.10667
-0.28369
-0.44384
-0.25964
0.045957
0.19428
0.15344
0.042133
-0.19858
-0.46472
-0.45196
0.15907
0.00032449
-0.36771
-0.47538
-0.27232
0.0087822
0.24007
0.36258
0.34108
0.1553
-0.14269
-0.26267
0.09162
-0.069151
-0.3444
-0.39827
-0.22983
0.059328
0.34513
0.56564
0.59884
0.45814
0.1557
-0.054773
0.08627
-0.066749
-0.19598
-0.2336
-0.16256
0.066956
0.34114
0.53168
0.56265
0.45255
0.23884
0.043248
-0.046952
-0.098032
-0.13291
-0.20512
-0.30639
-0.36307
-0.26028
-0.047872
0.17372
0.30319
0.29759
0.20031
-0.048467
-0.028039
-0.088034
-0.24905
-0.38878
-0.4725
-0.35822
-0.003635
0.38126
0.51247
0.39556
0.22689
-0.0095308
0.017222
-0.054756
-0.27295
-0.49445
-0.58398
-0.37103
0.12912
0.51298
0.53077
0.34642
0.1837
0.0071823
0.0104
-0.09643
-0.33605
-0.61698
-0.66297
-0.32357
0.24835
0.57462
0.5057
0.30676
0.17358
-0.024131
-0.03491
-0.17094
-0.49341
-0.773
-0.71014
-0.24866
0.34877
0.67076
0.56452
0.32984
0.16956
-0.057293
-0.106
-0.31045
-0.66216
-0.90221
-0.69973
-0.059272
0.5925
0.83328
0.58361
0.27755
0.10366
-0.044072
-0.19731
-0.50294
-0.86584
-0.99753
-0.59146
0.26765
0.9664
0.96768
0.52226
0.13573
-0.023475
-0.096287
-0.3031
-0.69704
-1.0912
-1.0755
-0.38566
0.68317
1.3255
1.1177
0.49513
0.043449
-0.092281
-0.19212
-0.40785
-0.86212
-1.2645
-1.0709
-0.1614
1.0384
1.5928
1.2106
0.50301
0.016282
-0.1076
-0.21519
-0.47653
-0.95686
-1.3007
-0.9545
0.057391
1.2021
1.636
1.1994
0.50731
0.0052105
-0.12166
-0.22588
-0.53026
-0.94088
-1.1531
-0.76456
0.15862
1.1125
1.4214
1.0559
0.4796
0.065207
-0.054174
-0.26471
-0.48609
-0.73782
-0.82513
-0.50981
0.13319
0.77745
1.0209
0.76497
0.36524
0.10137
0.012708
-0.35503
-0.51075
-0.60728
-0.69588
-0.74875
-0.75784
-0.69857
-0.62837
-0.63645
-0.6606
-0.61382
-0.49096
-0.35987
-0.54741
-0.69403
-0.84413
-0.84668
-0.7358
-0.58907
-0.48231
-0.43359
-0.43636
-0.47163
-0.47226
-0.12304
-0.15315
-0.17098
-0.21463
-0.10599
0.1044
0.29874
0.45897
0.58456
0.58847
0.42233
0.16713
0.23621
0.44029
0.62757
0.78009
0.94395
1.1205
1.2244
1.3292
1.4114
1.3683
1.1158
0.68668
0.49
0.78611
1.0229
1.1657
1.2275
1.2666
1.2052
1.1157
1.0536
1.0004
0.82547
0.51467
0.37437
0.60147
0.68791
0.63618
0.5613
0.45963
0.23438
0.03639
-0.0040954
0.0099043
0.0041715
0.014857
0.037284
0.086201
0.047456
-0.09444
-0.23848
-0.42739
-0.62685
-0.7102
-0.65878
-0.58072
-0.48392
-0.27761
-0.2175
-0.32695
-0.42551
-0.5327
-0.62878
-0.71089
-0.73246
-0.68289
-0.57964
-0.50003
-0.3901
-0.22938
-0.25837
-0.37743
-0.47533
-0.54208
-0.54661
-0.48449
-0.35699
-0.24254
-0.16743
-0.11155
-0.094758
-0.054232
-0.12794
-0.17506
-0.24092
-0.33679
-0.35059
-0.23747
-0.07358
0.061731
0.093141
0.087029
0.04626
0.00828
-0.04708
-0.0090619
-0.03398
-0.13298
-0.18794
-0.12207
-0.025364
0.055635
0.034496
0.0024313
-0.0019195
-0.012305
0.021509
0.067668
0.079544
0.010986
-0.056809
-0.030996
0.037382
0.034682
-0.047778
-0.11046
-0.10644
-0.084117
-0.040362
-0.026893
-0.027991
-0.045119
-0.024852
0.016268
-0.011294
-0.044431
-0.11932
-0.26934
-0.30339
-0.14039
-0.076123
-0.094637
-0.14291
-0.17292
-0.16526
-0.12864
-0.058682
-0.027249
-0.20034
-0.43206
-0.39852
-0.15057
-0.020327
-0.10249
-0.18584
-0.24285
-0.29071
-0.25835
-0.14648
-0.13058
-0.35153
-0.51591
-0.34685
-0.068534
0.051011
-0.047002
-0.12104
-0.19825
-0.23709
-0.21591
-0.24023
-0.3825
-0.55198
-0.49901
-0.17262
0.10575
0.099108
-0.022497
-0.044898
-0.041149
-0.030059
-0.060532
-0.28834
-0.64175
-0.74388
-0.42425
0.052932
0.28849
0.00017488
-0.084817
0.0073277
0.073475
0.08719
-0.042639
-0.44233
-0.89635
-0.83153
-0.21124
0.36302
0.49711
-0.10779
-0.10637
0.043884
0.090722
0.03111
-0.23029
-0.71898
-1.0573
-0.64468
0.24642
0.74346
0.67805
-0.13236
-0.12611
-0.030388
-0.015182
-0.092155
-0.48032
-0.93276
-0.91665
-0.082857
0.8832
1.2032
0.90215
-0.11588
-0.18683
-0.20426
-0.18857
-0.29774
-0.67723
-0.92968
-0.45463
0.63987
1.495
1.6025
1.0553
-0.15337
-0.21323
-0.26497
-0.33887
-0.52361
-0.78172
-0.65332
0.1632
1.3215
1.9823
1.8375
1.094
-0.20213
-0.26713
-0.2898
-0.41445
-0.61043
-0.72013
-0.33765
0.58989
1.6008
2.0361
1.7333
0.98787
-0.15291
-0.21566
-0.26542
-0.38835
-0.51417
-0.50889
-0.16979
0.53037
1.2141
1.449
1.1518
0.63031
-0.18051
-0.23676
-0.24773
-0.12801
0.047425
0.2331
0.34969
0.30297
0.22337
0.1537
0.017359
-0.062874
-0.23586
-0.36503
-0.39441
-0.24589
-0.027713
0.27483
0.50682
0.4992
0.34968
0.15191
-0.034856
-0.10435
-0.29848
-0.49096
-0.56408
-0.44162
-0.23458
0.11863
0.59877
0.80954
0.60474
0.21266
-0.073538
-0.13201
-0.31663
-0.51113
-0.61487
-0.58308
-0.46226
-0.067828
0.59788
1.0683
0.95478
0.39022
-0.034222
-0.1339
-0.24875
-0.41206
-0.57532
-0.68486
-0.65026
-0.26655
0.47093
1.1562
1.266
0.73604
0.20421
-0.048683
-0.16632
-0.31414
-0.50119
-0.72428
-0.80859
-0.50604
0.23633
1.1024
1.4691
1.0943
0.50215
0.086671
-0.034981
-0.14894
-0.36152
-0.665
-0.91798
-0.83138
-0.1718
0.81046
1.3938
1.2187
0.69023
0.26518
0.18209
0.12405
-0.11649
-0.51004
-0.89931
-1.0708
-0.68706
0.1826
0.9184
1.0458
0.72398
0.38171
0.34543
0.39172
0.16196
-0.2701
-0.73843
-1.0819
-1.0498
-0.49761
0.26622
0.71195
0.68389
0.43252
0.37624
0.49945
0.3354
-0.055735
-0.54715
-1.0063
-1.2106
-0.92728
-0.24203
0.39157
0.60467
0.45135
0.30046
0.42178
0.33199
0.041609
-0.39015
-0.83559
-1.1387
-1.0485
-0.50192
0.13726
0.42044
0.34882
0.15351
0.22901
0.19218
0.015593
-0.21476
-0.50447
-0.75524
-0.787
-0.48543
-0.055658
0.18255
0.17405
0.054074
0.035144
-0.039666
-0.11332
-0.1386
0.0040328
0.20559
0.29407
0.25296
0.19699
0.14061
0.019687
0.17698
0.17076
0.0092961
-0.13054
-0.15877
0.030945
0.29083
0.41042
0.39646
0.26661
0.17522
0.041239
0.28569
0.31327
0.18409
0.046737
0.0073856
0.054585
0.18942
0.3044
0.37488
0.27519
0.094852
-0.014841
0.3351
0.40673
0.35589
0.24589
0.11171
-0.018843
-0.04681
-0.01634
0.085422
0.06357
-0.067332
-0.10804
0.31281
0.4824
0.54599
0.46653
0.28753
0.081413
-0.070205
-0.19597
-0.204
-0.12179
-0.090149
-0.079471
0.34087
0.61384
0.80873
0.85727
0.79353
0.58947
0.3629
0.13349
0.025291
0.090792
0.16188
0.088988
0.28167
0.60015
0.84105
1.0116
1.1605
1.1411
0.98626
0.75096
0.59163
0.5596
0.51449
0.31169
-0.044877
0.1458
0.33228
0.48637
0.7505
0.91951
0.92538
0.8013
0.66836
0.59778
0.58815
0.39388
-0.41404
-0.49832
-0.49021
-0.42507
-0.23008
-0.019735
0.065263
0.063489
0.09273
0.18292
0.25332
0.22692
-0.66216
-0.98241
-1.1585
-1.2075
-1.1252
-1.0027
-0.87594
-0.78188
-0.63586
-0.42052
-0.2722
-0.13235
-0.64348
-0.96962
-1.2003
-1.333
-1.3214
-1.236
-1.1182
-0.99182
-0.84104
-0.69383
-0.56133
-0.37041
-0.39188
-0.55972
-0.6857
-0.78146
-0.77939
-0.73024
-0.63091
-0.5504
-0.50831
-0.46037
-0.36442
-0.27579
-0.10581
-0.014231
0.1396
0.2628
0.25776
0.16513
0.078214
-0.018397
-0.12867
-0.13754
-0.16392
-0.21079
-0.17421
-0.066624
0.12758
0.31578
0.38125
0.27048
0.14286
-0.013515
-0.155
-0.17837
-0.23233
-0.26247
-0.14828
-0.085056
0.02463
0.12064
0.16557
0.093484
-0.06266
-0.1866
-0.23651
-0.23488
-0.29771
-0.28363
-0.12934
-0.21506
-0.28015
-0.33597
-0.38376
-0.45961
-0.56365
-0.57141
-0.48244
-0.41033
-0.46201
-0.40049
-0.29265
-0.51622
-0.71128
-0.92042
-1.1025
-1.1739
-1.1178
-0.96874
-0.7679
-0.66563
-0.68454
-0.60189
-0.40686
-0.63825
-0.88308
-1.0867
-1.2232
-1.2083
-1.0584
-0.8495
-0.64698
-0.54197
-0.54509
-0.52493
-0.21419
-0.27578
-0.33661
-0.30762
-0.22695
-0.088998
0.053583
0.18217
0.2166
0.17841
0.080681
-0.049416
0.14371
0.28729
0.44986
0.67516
0.89478
1.105
1.2003
1.2308
1.1214
0.90877
0.65461
0.33464
0.2799
0.50573
0.78123
1.0535
1.251
1.356
1.299
1.2156
1.1444
1.006
0.75162
0.39244
0.1025
0.29686
0.54957
0.72397
0.75676
0.68361
0.53385
0.42509
0.49197
0.55308
0.46421
0.23034
-0.067456
0.055569
0.20568
0.2515
0.17579
-0.026424
-0.19853
-0.23698
-0.13637
-0.017967
0.076322
0.039352
-0.05213
0.025077
0.057145
0.018116
-0.070174
-0.27826
-0.42985
-0.40475
-0.33085
-0.26028
-0.10704
-0.028516
-0.16524
-0.15227
-0.027896
0.15281
0.18992
0.045865
-0.016257
-0.02432
-0.16387
-0.28725
-0.30767
-0.20458
-0.17307
-0.11041
0.094445
0.30075
0.30383
0.16564
0.10048
-0.029881
-0.28733
-0.45277
-0.42166
-0.21722
-0.17467
-0.088554
0.13743
0.34698
0.41028
0.35922
0.24727
-0.03468
-0.40021
-0.58024
-0.45173
-0.19597
-0.14937
-0.088271
0.14575
0.36849
0.51288
0.56997
0.37185
-0.087323
-0.53874
-0.67049
-0.44065
-0.1726
-0.099797
-0.024368
0.19851
0.41803
0.6098
0.66337
0.32217
-0.28393
-0.73762
-0.69318
-0.34301
-0.0854
-0.055796
0.075
0.31017
0.56416
0.76083
0.65044
0.10206
-0.62124
-0.95217
-0.67048
-0.18212
0.067629
-0.050716
0.18492
0.55037
0.88326
0.94525
0.59897
-0.18949
-0.96838
-1.1465
-0.6892
-0.080406
0.20987
0.087593
0.43174
0.91175
1.2138
1.0651
0.4793
-0.44605
-1.1861
-1.2234
-0.64607
0.024633
0.30645
0.28934
0.69186
1.1965
1.3842
0.97617
0.19805
-0.75483
-1.3499
-1.2316
-0.57852
0.081653
0.34477
0.3576
0.82321
1.2918
1.2861
0.70442
-0.15851
-1.0466
-1.4439
-1.1614
-0.51175
0.11045
0.35681
0.35739
0.78443
1.1177
0.9543
0.35142
-0.42459
-1.1051
-1.2851
-0.92868
-0.40626
0.092811
0.30181
0.33077
0.57002
0.70658
0.50196
0.045105
-0.4951
-0.87474
-0.87039
-0.60508
-0.28036
0.057681
0.19045
-0.10665
-0.11868
-0.15012
-0.08128
0.18297
0.67013
1.114
1.2701
1.0841
0.68893
0.25045
-0.046698
-0.10166
-0.15876
-0.25786
-0.21455
0.12363
0.71612
1.4091
1.8257
1.694
1.1773
0.61489
0.20781
-0.007003
-0.12762
-0.30021
-0.43255
-0.29194
0.19469
0.92725
1.5708
1.7254
1.367
0.87155
0.44932
0.031385
-0.078056
-0.28049
-0.56799
-0.72986
-0.6095
-0.083964
0.60325
1.0637
1.1321
0.89191
0.53738
0.0079482
-0.074191
-0.21424
-0.44985
-0.78511
-0.98802
-0.85974
-0.38488
0.19061
0.62059
0.68354
0.48433
0.011022
-0.048128
-0.12577
-0.24418
-0.54891
-0.87409
-1.0656
-0.97129
-0.51749
-0.0133
0.28527
0.28889
0.018972
0.033174
0.026613
-0.022576
-0.23037
-0.57385
-0.9352
-1.137
-0.97416
-0.5303
-0.12345
0.05704
-0.0070239
0.076804
0.13749
0.15844
0.058653
-0.21741
-0.5662
-0.88915
-0.98606
-0.7356
-0.36013
-0.093548
-0.10778
-0.033264
0.097259
0.19408
0.19874
0.05407
-0.18723
-0.44799
-0.66651
-0.67459
-0.45286
-0.15836
-0.23102
-0.24659
-0.16456
-0.023911
0.070041
0.072718
0.028599
-0.047968
-0.25064
-0.43309
-0.40153
-0.1588
-0.2704
-0.37641
-0.36136
-0.25465
-0.11289
-0.023549
0.054252
0.088784
-0.054091
-0.22764
-0.2613
-0.11399
-0.1915
-0.28691
-0.2644
-0.22266
-0.14947
-0.065465
-0.012211
0.013917
-0.049459
-0.13692
-0.14322
-0.095127
-0.21729
-0.061077
0.17933
0.36082
0.33597
0.21132
0.049394
0.013548
0.10213
0.10349
-0.11654
-0.24265
-0.1931
0.018821
0.34834
0.49426
0.38741
0.17947
0.017058
0.088701
0.27926
0.29224
-0.058842
-0.32993
-0.1586
0.045046
0.32707
0.40844
0.24889
0.06499
0.062387
0.28884
0.52662
0.43335
-0.086933
-0.45932
-0.082558
0.093851
0.22849
0.20167
0.075749
0.0041096
0.15273
0.50252
0.70604
0.42088
-0.28063
-0.6534
-0.019302
0.17945
0.20135
0.093337
0.019039
0.092754
0.36056
0.78436
0.88287
0.35798
-0.48907
-0.83336
0.043031
0.21826
0.17373
0.047804
0.016565
0.19863
0.57265
0.96669
0.85172
0.074771
-0.82565
-0.98931
0.12495
0.21272
0.12171
0.028478
0.072497
0.3198
0.74583
0.97752
0.54797
-0.38439
-1.1609
-1.1075
0.14671
0.20608
0.13921
0.085718
0.1246
0.44003
0.86417
0.81162
0.1102
-0.8125
-1.4059
-1.1825
0.10591
0.24798
0.30696
0.26241
0.24657
0.54908
0.76624
0.38434
-0.41921
-1.2061
-1.5909
-1.2027
0.10385
0.29826
0.49163
0.53154
0.48707
0.58706
0.48821
-0.097964
-0.8381
-1.4413
-1.6175
-1.1211
0.12864
0.3151
0.52723
0.65132
0.60693
0.47873
0.14392
-0.42847
-1.0222
-1.4647
-1.5398
-0.98861
0.13091
0.2696
0.41052
0.51318
0.49529
0.29943
-0.0374
-0.43006
-0.81324
-1.1004
-1.1127
-0.67209
-0.81095
-0.95488
-0.44555
0.37529
0.89117
0.83071
0.47788
0.21104
0.096332
0.049992
0.031442
0.061236
-1.0236
-1.2708
-0.63085
0.54361
1.2495
1.1122
0.56628
0.16177
0.039382
0.078109
0.092418
0.091453
-1.0737
-1.4676
-0.80956
0.58104
1.4235
1.1854
0.53814
0.11091
-0.0054222
0.083883
0.14566
0.1279
-1.1331
-1.5327
-0.89405
0.52853
1.3676
1.1227
0.50168
0.16114
0.069193
0.12098
0.19411
0.17207
-1.1393
-1.4641
-0.83141
0.42131
1.1394
0.93685
0.46752
0.20436
0.11036
0.1178
0.18089
0.16957
-1.0635
-1.3096
-0.75591
0.26283
0.85294
0.7262
0.42196
0.20394
0.080489
0.078881
0.14141
0.15774
-0.96044
-1.1703
-0.72937
0.092189
0.55193
0.53521
0.37923
0.22423
0.1343
0.13344
0.18557
0.17323
-0.78269
-0.96766
-0.67572
-0.018605
0.34912
0.38578
0.31843
0.26646
0.19981
0.16168
0.15604
0.14097
-0.6279
-0.79733
-0.56242
-0.034672
0.31254
0.38064
0.337
0.3059
0.21688
0.12164
0.09738
0.070741
-0.54117
-0.71307
-0.47562
-0.042257
0.2534
0.34942
0.36087
0.34043
0.20546
0.064069
0.01826
0.0035741
-0.47429
-0.61479
-0.45752
-0.13081
0.13586
0.24583
0.28413
0.28335
0.11665
-0.046096
-0.098584
-0.069522
-0.42249
-0.49
-0.39045
-0.16564
0.028024
0.12668
0.18697
0.19431
0.054365
-0.085037
-0.10397
-0.04974
-0.031798
-0.0095476
0.008076
-0.051318
-0.1109
-0.12328
-0.1246
-0.16731
-0.19213
-0.15336
-0.095405
-0.064937
-0.030093
-0.061339
-0.064957
-0.066143
-0.11016
-0.17276
-0.20429
-0.22812
-0.24311
-0.203
-0.14919
-0.075464
-0.11317
-0.16298
-0.13379
-0.060767
-0.04866
-0.11232
-0.17861
-0.19754
-0.21761
-0.18924
-0.15503
-0.068589
-0.1944
-0.27027
-0.17333
-0.049372
-0.039264
-0.12545
-0.17552
-0.16916
-0.18935
-0.17103
-0.10499
-0.020133
-0.20487
-0.33428
-0.2759
-0.15253
-0.17377
-0.25721
-0.27445
-0.20491
-0.15966
-0.1451
-0.07839
-0.022771
-0.27955
-0.47974
-0.5426
-0.50852
-0.56358
-0.63362
-0.5354
-0.34234
-0.19183
-0.13043
-0.096113
-0.071635
-0.31852
-0.62007
-0.82818
-0.93171
-0.99961
-0.99157
-0.80479
-0.56191
-0.38738
-0.31981
-0.2618
-0.19787
-0.2237
-0.45651
-0.72966
-0.94106
-0.99572
-0.92109
-0.77525
-0.65775
-0.59414
-0.51125
-0.39721
-0.2919
-0.028907
0.00035135
-0.051517
-0.12706
-0.1656
-0.15881
-0.15541
-0.24488
-0.37882
-0.39337
-0.33423
-0.25272
0.36444
0.70967
1.0271
1.1448
1.0968
0.93018
0.70343
0.46679
0.21763
0.072508
0.0074389
-0.028429
0.60392
1.1547
1.6486
1.8409
1.7511
1.5123
1.1613
0.84733
0.62642
0.49183
0.3399
0.19782
0.4619
0.87604
1.2272
1.3392
1.292
1.156
0.91774
0.66449
0.52221
0.4744
0.33298
0.17223
-3.3641
-3.2221
-3.3468
-3.276
-3.4427
-3.3918
-2.9648
-3.4824
-3.2923
-3.4547
-3.2687
-3.4766
-3.3235
-3.1933
-3.125
-3.491
-3.1818
-3.3758
-3.4837
-3.0198
0.0097716
0.0053996
0.0052487
0.0095332
0.011737
0.0059013
0.0023714
-0.0008001
-0.0013489
-0.0032279
-0.00059308
0.0017799
0.0086386
0.0059132
0.0043663
0.0081213
0.0062883
0.00051855
-0.00090184
-0.0029326
-0.0064283
-0.0088217
-0.0035398
0.0011312
0.0071941
0.0067094
0.0024768
-0.001964
-0.0043534
-0.0071517
-0.0054035
-0.0071366
-0.0087976
-0.01003
-0.0075566
-0.0050178
0.0067184
0.0064618
0.00048984
-0.0090214
-0.010237
-0.0083648
-0.0060301
-0.0070444
-0.0090196
-0.0093087
-0.0065311
-0.0047639
0.0077745
0.0058516
0.00014428
-0.007032
-0.0062814
-0.0041211
-0.0042422
-0.0037998
-0.0047949
-0.007967
-0.0061609
-0.0027604
0.0080997
0.0048365
-0.0001627
-0.0021964
0.0004052
0.00059103
0.00011005
0.002094
0.0026023
-0.0034684
-0.0055333
-0.0012446
0.0069314
0.0038732
-0.00039524
-0.00093652
0.0026435
0.0019948
0.00018764
-0.00057558
-0.00077121
-0.0056131
-0.0053394
-0.0013381
0.0043978
-0.00051268
0.00020933
-0.0025639
-0.0023748
-0.0025198
-0.0057133
-0.0070155
-0.011879
-0.011978
-0.0066744
-0.0027051
-0.00027262
-0.0030525
0.00052072
8.2096e-05
-0.0017669
-0.0051778
-0.006022
-0.0082962
-0.011559
-0.011843
-0.0065713
-0.0024032
0.0023946
0.00012183
0.00247
0.0042477
0.0036048
0.0012935
-0.0019811
-0.005883
-0.0074809
-0.0077322
-0.004723
-0.0017739
0.0072247
0.0055123
0.0043868
0.0039367
0.0030782
0.0026722
-0.00096653
-0.0067602
-0.0074165
-0.0055904
-0.0038258
-0.00412
0.0085356
0.0046068
0.0023334
0.0039327
0.0028608
0.0020914
-0.0010372
-0.0060511
-0.0068483
-0.0027655
-0.00017592
-0.0044312
