-1.4993
-0.0036835
-0.0081998
-0.86699
-0.0016119
0.010273
-0.17708
-0.0013884
-0.74729
0.48456
0.88645
-0.39377
-0.3106
-0.55972
0.0011132
-0.0093211
-0.064121
0.00031209
0.36421
0.0043148
-0.00024146
-0.20633
0.0019714
0.095382
-0.0029773
0.84846
-0.021915
-0.52537
0.73558
-0.31426
0.013329
0.77126
-0.76096
-0.01752
-0.010844
-0.00081025
-0.93447
-0.011838
-0.79171
-0.010223
-0.092232
-0.0025099
0.0014566
0.0014643
0.0018018
0.010746
1.6835
1.0245
0.0034357
0.95046
-0.0034498
-0.67256
-0.16618
-0.24987
-0.00087034
-1.688
-0.0038779
-0.0080352
-1.1468
-0.0014668
0.0086141
-0.47896
-0.0033036
-0.96012
0.65112
1.1044
0.37325
-0.43225
0.063738
-8.7878e-07
-0.0041012
0.0031035
0.00056382
0.23584
0.0049912
0.00032545
-0.12249
0.00064672
-0.1997
-0.0043008
0.51657
-0.24582
-0.031948
0.28106
0.22713
0.015461
1.0345
0.16112
-0.019585
-0.114
-0.0023283
-1.1429
0.41418
-0.9728
0.01082
-0.72059
-0.0012631
0.00071643
0.0010642
0.0028666
0.0055839
2.1402
1.3309
0.0045098
0.29388
-0.0017041
-1.0865
-0.21081
-0.47632
0.0024436
-0.6938
-0.0013836
-0.0068587
-0.8609
-0.0035959
-0.0048726
-0.43869
-0.0030928
-1.0506
0.65672
0.51906
0.84375
-0.32069
0.9286
0.0013923
0.0018962
0.34997
0.00096018
-0.26718
0.00081557
-0.0030659
0.033527
-0.00046456
-0.64348
-0.0021899
-0.61636
-0.62981
0.82991
-0.77266
0.89027
0.010873
0.68358
0.99868
-0.012037
-0.21426
-0.0025598
-1.1544
1.014
-0.59643
0.037616
-0.93126
0.002735
0.00090301
0.0019023
0.0058633
-0.0085842
1.8083
0.67317
0.0016731
-0.66223
0.0031105
-0.59753
-0.049066
-0.7694
0.0032929
0.51008
-7.286e-05
-0.011416
-0.23768
-0.0039768
-0.021122
0.50423
-0.0038361
-1.0417
0.41105
-0.31786
0.13745
-0.048866
0.91439
0.0048732
-0.0085407
0.70765
0.0014427
-0.89204
-0.0064352
-0.0027275
0.063743
0.0008429
-0.71026
0.00065088
-1.1732
-0.84059
1.0651
-1.0097
0.89537
-0.0011965
-0.10557
0.50142
-0.00070104
0.082129
-0.0029361
-1.3474
1.4453
-0.11331
0.050154
-0.13462
-0.00098469
0.0011498
0.00049599
0.0063774
-0.01158
1.246
-0.44513
-0.0033767
-0.76759
0.0064769
0.75164
0.17048
-0.91822
0.00092316
0.80438
0.0013044
-0.012815
0.30303
0.0019525
-0.026228
1.7288
0.0014157
-0.90196
-0.017692
-0.73189
-0.74281
0.19903
0.19668
0.0072075
-0.031548
0.46898
6.3237e-05
-1.1509
-0.0060024
0.00029108
0.0048755
0.0015324
-0.4164
-0.001371
-0.75933
-0.17296
0.4103
0.066411
0.34923
-0.0093716
-0.9289
-0.42166
0.0052495
0.52598
-0.0015644
-1.5664
1.5372
0.10973
0.048686
0.78314
-0.004927
0.0029526
0.00067309
0.0056193
-0.0042984
0.77681
-0.98508
-0.0046187
-0.41854
0.0032172
1.3697
0.11709
-0.73509
-0.00044664
0.40651
0.0039894
-0.010857
0.45895
0.0036892
-0.0171
1.705
0.0048814
-0.62992
-0.24843
-0.61819
-0.75406
0.23359
-0.21458
0.0066724
-0.036282
-0.13973
-0.0011847
-0.81267
-0.0022117
0.0039786
-0.013244
0.0016863
-0.17419
-0.0020368
-0.12415
0.66741
-0.22249
0.90632
-0.11104
-0.0073956
-1.0574
-0.59637
0.0067848
0.59687
0.0023559
-1.3451
1.1473
0.11503
0.027174
0.78104
-0.0060006
0.0021968
0.0018288
0.0025664
0.0062242
0.4592
-0.64039
-0.0031418
-0.1402
-0.00043369
0.82293
-0.018952
-0.33572
-0.00061789
-1.7192
-0.0026299
-0.012836
-0.61697
0.00095161
0.016089
-0.12726
0.0018636
-0.28532
-0.37396
0.83221
-0.46548
-0.43702
-0.9615
0.00030633
-0.010758
-0.18755
-0.00012587
0.21779
-7.8319e-05
-0.0020408
-0.58053
0.0025037
0.57129
0.00064025
1.1305
-0.02941
-0.085329
0.77479
-0.65858
0.0091296
0.89828
-0.96718
-0.024139
0.8443
0.00029023
-0.41751
-0.26897
-0.99445
0.0029065
-0.3977
-0.0015653
-0.00075145
-0.00046374
-0.0010907
0.016878
1.2194
1.5078
0.0046927
1.2765
-7.3211e-05
-0.69019
0.11948
-0.75493
-0.0012716
-1.269
-0.00096689
-0.015806
-1.1151
0.0015201
0.015511
-0.69874
0.00304
-0.36733
-0.52672
1.4022
0.61268
-0.53939
-0.34357
0.00054161
-0.0058209
-0.11685
0.00083368
-0.075023
0.0017996
-0.0020562
-0.59238
0.003996
0.47709
0.0013768
1.0487
-0.22002
0.74173
0.030476
-0.32962
0.0098732
1.1614
0.2741
-0.026569
0.94579
-0.00022949
-0.33137
0.15149
-1.028
0.0363
-1.0201
-0.00048056
-0.00075804
0.00298
0.0010285
0.0055355
1.2951
1.4883
0.0043805
0.41106
0.00032663
-1.2218
0.24529
-1.0973
0.0004243
0.34517
0.0006069
-0.013732
-1.273
-0.0026953
-0.0019156
-1.1298
-0.00033044
-0.34594
-0.6031
1.2762
1.0532
-0.34246
0.8812
-3.8123e-05
0.0043733
0.4227
0.00037466
-0.61346
-0.0014833
-0.0018701
-0.29746
0.0025662
-0.1925
0.0011418
-0.27353
-0.68403
1.2351
-1.1302
0.60254
0.0019702
0.96871
1.414
-0.013461
0.78416
-0.0016493
-0.29469
0.82618
-0.38598
0.068677
-0.7848
0.00015856
-0.0015652
0.00015058
0.0026104
-0.013728
0.733
0.25015
0.0027732
-0.83194
0.0037865
-0.90034
0.30921
-1.1727
0.0032861
1.2779
-0.0018949
-0.012981
-0.98026
-0.004528
-0.022166
-0.3965
-0.0039451
-0.092023
-0.86912
0.56666
0.0028692
0.045004
1.0914
0.0032554
-0.0010136
0.88005
-0.00057412
-0.98701
-0.0069462
-0.00024208
-0.018388
0.001164
-0.84262
0.0029015
-1.281
-1.0296
0.69834
-0.92544
1.2718
-0.012293
0.2248
0.72832
0.0034422
0.91272
-0.0013635
-0.67208
1.3923
0.24442
0.080638
0.42816
0.0021252
-0.0025433
-0.0021748
0.0061939
-0.015722
0.1278
-0.95101
-0.00092089
-0.87804
0.0054209
0.51724
0.091056
-0.93863
0.0017131
0.92725
0.00062129
-0.0090934
-0.37869
0.00046482
-0.030304
1.3902
-0.0011501
0.19619
-1.182
-0.10652
-0.93483
0.34847
0.26697
0.0094662
-0.019331
0.37316
-0.0010798
-0.81297
-0.0081448
0.0029181
0.053256
0.0014261
-0.97204
0.0010542
-1.0438
-0.067193
-0.32731
0.65148
1.2516
-0.017599
-0.93096
-0.53426
0.010665
1.1689
0.0014292
-1.2378
1.5688
0.41976
0.071835
1.1351
-0.0033967
0.0016118
-0.0026219
0.003419
-0.0043499
-0.1723
-1.0215
-0.00072474
-0.38876
0.0052374
1.2945
-0.34293
-0.41077
-0.0013027
0.2046
0.0017396
-0.0068748
0.035523
0.0046207
-0.022331
1.9335
0.0043097
0.22711
-1.0986
-0.35377
-0.78537
0.34793
-0.30933
0.0078142
-0.021619
-0.52479
-0.0031157
-0.26332
-0.0024688
0.006439
0.01036
0.00082286
-0.69616
-0.0020461
-0.28307
1.0863
-0.73341
1.3067
0.63628
-0.015118
-1.3033
-0.77218
0.0089948
0.94181
0.0037951
-1.3067
1.1337
0.31126
0.042268
0.73212
-0.0080112
0.0013977
-3.4146e-05
-8.033e-05
0.008236
-0.22583
-0.34143
-0.0024492
-0.14193
0.00024945
0.78405
-0.49054
0.025129
-0.00083569
-0.88182
0.00033246
-0.0087662
0.66456
0.0039277
0.014392
0.24806
0.0041473
0.70596
-0.9335
-0.36342
-0.27873
-0.42758
-1.0289
-0.001948
-0.017175
-0.21301
-0.0027139
-0.33101
-0.0037067
-0.0013852
-0.92701
0.0014877
0.76434
0.0023974
0.75512
0.084043
0.76819
0.37324
-0.76112
0.0088892
0.63623
-1.211
-0.021047
1.2698
0.0024939
0.31466
-0.49801
-0.90325
-0.0070277
-0.85143
-0.0028488
0.0017479
-0.00062646
-0.00044877
0.011185
-0.34153
1.4073
0.0029165
1.393
0.00063497
-0.28418
0.20017
-0.97441
-0.0024986
0.2006
0.001411
-0.0098173
0.28493
0.0038951
0.014898
-0.22683
0.0065189
0.92325
-1.2077
0.24823
0.75832
-0.49167
-0.74528
-0.0023302
-0.018139
-0.039872
-0.0041951
-0.71093
-0.003446
-0.00075468
-1.194
0.0025357
1.2179
0.0050267
1.185
-0.093478
1.3557
-0.48183
-0.95699
0.0082259
0.81222
0.049613
-0.01994
1.495
0.00038669
0.6639
-0.38211
-0.74694
0.020196
-1.0816
-0.0037755
0.00054319
-0.00027229
0.00015442
-0.0063814
-0.75174
0.85213
0.0036787
0.49887
0.0026122
-0.79805
0.23218
-1.0149
0.00068963
1.3747
0.0027698
-0.010399
-0.56819
-0.00099378
-0.00086578
-1.065
0.0045975
1.0872
-1.2352
0.99714
0.85898
-0.24353
0.40296
-0.00080865
-0.0030151
0.57609
-0.0036323
-0.85507
-0.0075749
-0.00136
-1.0096
0.0024769
1.0603
0.0036886
0.43
-0.67479
0.86296
-1.1547
-0.40569
-0.00076354
0.843
1.3921
-0.004383
1.184
-0.0011865
0.77641
-0.22687
0.022618
0.044498
-0.092678
-0.001156
-0.0019006
-0.00083776
0.00061334
-0.019522
-1.0398
-0.56338
0.0042697
-0.82751
0.0013164
-0.82592
-0.11514
-0.47711
0.0013193
1.1845
-0.0022589
-0.0019579
-1.1104
-0.0035566
-0.018914
-1.2189
-0.0002753
1.391
-1.2649
1.2421
-0.30004
0.16884
1.0204
-0.00020939
0.011282
0.80658
-0.003423
-0.4176
-0.0065641
0.00037816
-0.68206
-0.0009362
0.2926
0.0021516
-0.79173
-1.0301
-0.39994
-0.30332
0.70924
-0.0095079
0.47584
0.81617
0.0073599
0.80893
-0.00024662
0.48305
-0.22506
0.57803
0.047351
1.0233
0.00064033
-0.001217
-0.0029017
0.0005815
-0.01331
-1.0551
-1.1324
0.0020395
-0.80168
0.0040872
0.14228
-0.79365
0.26595
0.00050139
0.19518
-0.0032001
0.0037299
-1.0569
-0.0012774
-0.022616
0.02792
-0.0015683
1.5956
-1.2693
0.98318
-0.92057
0.45757
0.55616
0.0036034
0.01582
-0.11788
-0.0018149
0.38845
-0.0025622
0.0055488
-0.48784
-0.00040693
-0.4612
-0.00051116
-1.068
0.20996
-1.1133
1.0879
1.5753
-0.01391
-0.64883
-0.49178
0.010866
0.54839
0.00049292
-0.089615
-0.24746
0.63516
0.034811
0.92164
-0.0010977
-7.2186e-05
-0.0014038
-0.0018901
0.0040784
-0.90644
-0.49774
-0.0010683
-0.24967
0.0028395
0.89631
-1.2732
0.82156
0.0012089
-0.39452
-0.0018948
0.0054089
-0.69304
0.0028225
-0.015662
1.0466
0.0023377
1.2778
-0.9575
0.4912
-0.51707
0.39388
-0.11733
0.0050146
0.011582
-1.0377
-0.0038132
0.76276
-0.00055969
0.0077997
-0.33986
0.00070621
-0.70866
0.00027628
-0.5253
1.4711
-0.85796
1.115
1.4541
-0.0082849
-1.2093
-0.77227
0.0097589
0.2336
0.0024368
-0.44915
-0.23061
0.42508
0.020743
0.14732
-0.0018385
-0.0011699
-0.00035764
-0.0017267
0.011765
-0.64541
0.27571
0.00079331
-0.072338
-0.00096201
0.5724
-1.0642
0.81424
0.0018743
0.18429
0.0032667
0.00050487
1.4895
0.0047806
0.013689
0.54186
0.001608
0.86429
-0.26219
-1.1922
0.22559
-0.38657
-0.88203
-0.0050122
-0.02871
0.093733
-0.0030566
-0.76961
-0.0014108
0.0016845
-0.5356
0.00013529
-0.022957
-0.0014457
-0.006929
0.25704
1.1841
-0.22661
-0.34436
0.018616
0.35471
-1.3845
-0.011863
0.30272
0.0036247
0.51646
-0.68722
-0.78786
-0.044715
-1.1832
-0.0062003
0.0029924
0.00012497
-0.00074612
0.0013427
-0.87851
0.87562
0.0042536
1.6481
-0.0039617
0.09201
-0.32494
-0.20306
-0.0025109
1.0648
0.0041747
0.0037158
1.6446
0.0032902
0.011439
0.4725
0.0025598
1.0876
-0.16978
-1.1107
1.0301
-0.4349
-1.0011
-0.0022907
-0.026985
0.49601
-0.0012724
-1.0043
-0.0041077
0.00066441
-0.86797
0.00051864
0.61795
0.00030478
0.85318
-0.03051
1.1418
-0.98445
-0.83631
0.017811
0.38526
-0.21596
-0.0099633
0.32148
0.00037534
0.68276
-0.77323
-0.56455
-0.03081
-0.83005
-0.0058514
0.0014536
-0.00013701
0.00022157
-0.01906
-1.11
-0.04291
0.0032437
0.79654
-0.0038042
-0.40307
-0.60475
0.28905
-0.0025266
1.112
0.0062003
0.0022012
0.9308
0.00084705
-0.0030388
-0.28262
0.0026774
1.066
0.058634
-0.26812
0.62083
-0.17009
-0.21548
-0.00063955
-0.0022502
0.93652
-0.0015345
-0.55377
-0.0051861
-0.00062809
-1.0095
-0.0013144
1.3336
0.0023366
1.0049
-0.89914
-0.10852
-0.92061
-1.0954
0.0078434
0.51408
1.2885
0.0032325
0.027927
-0.00081259
0.66265
-0.83022
0.1987
-0.016802
0.66908
0.00035382
-0.0011959
-0.0029515
-0.0010987
-0.028293
-0.94406
-1.0523
-0.00059319
-0.70172
-0.0016712
-0.74143
-0.95968
0.88157
-0.0006231
0.19902
0.00087091
0.0071726
-0.046219
0.00010048
-0.012965
-1.0725
0.0016307
1.0707
0.3458
0.57751
-0.61161
0.26847
0.85566
-0.0039156
0.024662
0.57567
-0.00029051
0.46564
0.00041574
-0.0013727
-1.0599
-0.0019387
1.4533
0.0010522
0.0095151
-1.1839
-1.2048
0.33739
-0.584
-0.0018491
0.42623
1.009
0.012179
-0.48004
-0.0024332
0.67959
-1.073
0.67406
-0.022809
1.2351
0.0057218
-0.0011154
-0.0014596
-0.0023442
-0.0085701
-0.66814
-0.89278
-0.00026669
-0.90614
-0.0011195
-0.068258
-1.1506
1.2546
-0.0025943
-0.58034
-0.00085766
0.014038
-0.66441
-0.00051936
-0.011476
-0.87165
0.0020669
1.0175
0.6266
0.93111
-0.9199
0.53486
1.0479
-0.0059116
0.03809
-0.75953
1.8394e-05
1.2913
0.001998
0.0020115
-1.0233
-0.0030158
0.96526
0.0016755
-0.90372
0.46562
-1.0944
1.0525
0.51268
-0.0032134
-0.45317
-0.265
0.016743
-0.84208
-0.00050798
0.63941
-1.235
0.67732
-0.025197
0.28559
0.0023542
-0.0020042
0.00066717
-0.0055923
0.015608
-0.53809
0.058056
-0.003809
-0.45274
-0.0015345
0.7805
-0.89182
1.2598
-0.00076082
-0.65934
-0.0021265
0.01353
-0.72451
-1.7677e-05
-0.0036592
-0.035831
-0.00093709
0.68325
0.58746
0.71359
-0.33073
0.42925
0.43446
-0.0027002
0.03146
-1.4671
-0.0014931
1.1638
0.0014189
0.0059701
-0.78373
-0.0011408
0.30389
-0.00018815
-0.83797
1.7915
-0.33859
0.49996
1.0398
-0.0012118
-1.0311
-0.72022
0.01256
-0.80902
0.00088047
0.33986
-1.0011
0.46245
-0.012294
-0.57448
-0.0028474
0.00073045
0.0013646
-0.0060669
0.022089
-0.41527
0.60174
-0.00074548
-0.1726
0.000651
0.71884
-0.39432
0.84845
0.00068997
0.59442
-0.0009303
0.010671
0.68293
0.00096053
0.013325
0.45437
-0.0016336
0.044539
0.39692
-0.94434
0.7367
-0.35183
-0.78103
-0.0025352
-0.023992
0.52281
0.0026016
-0.69044
0.0045051
0.0036405
0.89189
-0.0031144
-1.0987
-0.0037887
-0.48797
0.39561
0.73262
-0.68156
0.31604
0.020051
0.10603
-1.3976
-0.0082215
-0.85548
0.001849
0.5368
-0.68116
-0.74427
-0.061797
-1.1472
0.00037902
0.00043172
0.0010423
0.0010366
-0.004801
-0.46673
0.094092
0.0048128
1.8204
-0.0051562
0.11002
-0.753
0.91223
0.00043053
0.79785
0.0010107
0.014754
1.2437
-0.00076632
0.011009
0.6684
-0.0040571
-0.036506
0.68479
-1.2238
1.2881
-0.38639
-1.2267
0.00029438
-0.018562
1.0376
0.0028184
-0.51301
0.0028403
0.0012451
1.1117
-0.0043574
-1.0388
-0.0020796
0.51648
-0.044361
0.1214
-1.1159
-0.058921
0.01384
0.0033384
-0.4035
-0.0023951
-1.0051
-0.00070056
0.53994
-0.72435
-0.49806
-0.057915
-0.23472
0.0021186
-0.00015168
-0.0021989
0.0012945
-0.023199
-0.39986
-0.74349
0.0017433
1.1681
-0.0025955
-0.43433
-0.92404
1.3719
-0.00035817
0.11351
0.0021653
0.012282
1.3039
-0.0023632
0.0016951
0.25376
-0.0021409
-0.24754
0.90083
-1.0747
0.54799
-0.098275
-0.92895
0.0013919
0.0093811
1.04
0.0037075
0.32982
0.0016678
-0.0046382
0.81624
-0.001504
-0.19795
0.00031891
1.3291
-1.0658
-1.0353
-0.46307
-0.79214
-0.0025541
0.087982
1.1921
0.009866
-1.0035
-0.00080392
0.42784
-0.53583
0.31905
-0.048683
1.2333
0.0084911
-0.0010603
-0.0031563
-0.0014227
-0.026375
-0.15423
-1.05
-0.00083147
-0.44339
-0.0028193
-0.85349
-0.52379
1.1283
-0.0017412
-0.55986
0.0034793
0.0067415
0.93132
-0.00041161
-0.0015413
-0.62331
0.00093356
-0.49084
1.2002
-0.62732
-0.73362
0.35362
0.3177
-0.0038171
0.031737
0.026775
0.0014514
1.146
0.0050978
-0.0061217
0.2688
-0.00077504
0.77149
7.7082e-05
0.70067
-1.1876
-1.3129
0.73935
-1.2393
-0.012381
0.13398
1.2385
0.016272
-1.0941
-0.002233
0.61067
-0.42298
0.8756
-0.057664
1.1464
0.0078479
-0.0038334
-0.00054214
-0.0043418
0.0037642
-0.12087
-0.39254
-0.0071053
-1.0191
-0.00067599
-0.27349
0.42026
0.58028
-0.0023945
-0.58049
0.0012521
0.011134
0.34259
0.00089513
0.0092185
-1.0875
7.4519e-05
-0.66277
1.5029
-0.17226
-0.90415
0.59126
1.1899
-0.0087914
0.034051
-1.3875
0.0021931
1.3261
0.0058078
-0.0015862
-0.23685
-0.00027809
1.1942
0.00019506
-0.51279
0.66182
-0.52072
0.77687
-0.95344
-0.0094256
-0.42881
0.10045
0.016085
-1.1653
0.00019898
0.88209
-0.47703
0.89354
-0.048803
-0.16977
0.00062583
-0.0010321
0.0029641
-0.0070486
0.027355
-0.26902
0.41494
-0.0056279
-0.7543
-0.0020007
0.69259
1.375
0.10154
-0.0012948
-0.31064
0.00087876
0.011123
-0.069373
0.0010137
0.013884
-0.70288
-0.0014434
-0.63546
1.2528
0.0362
-0.28806
0.44346
0.8772
-0.0063479
0.018873
-1.6942
0.00071851
0.80628
0.0015889
0.002373
-0.42036
0.00051049
0.85264
0.00053814
-0.89381
1.9149
0.26253
-0.053656
-0.28352
-0.0019087
-0.86473
-0.58965
0.010687
-0.96928
0.001612
0.69109
-0.47353
0.60268
-0.021274
-0.82183
-0.0038926
-0.0001543
0.0017047
-0.0068965
0.026715
-0.31749
0.55301
-0.0044275
-0.36652
-0.0018429
0.85198
1.394
-0.15407
-9.664e-05
0.39649
-0.003966
0.011201
-0.30806
-0.001655
0.0097369
0.19736
-0.0042466
-0.54261
0.29711
-0.38352
0.72593
-0.26241
-0.64729
0.001751
-0.013958
0.56824
0.0031108
-0.28753
0.0064415
0.0019888
1.6322
-0.0038723
-1.1642
-0.0021879
-0.51177
0.31926
0.1304
-0.7582
0.5102
0.010611
-0.05796
-1.1603
-0.0073935
-0.93097
-0.00078088
0.44707
-0.37334
-0.59756
-0.043934
-0.74526
0.0024355
0.0010224
0.0035067
0.0020873
-0.003431
-0.049449
-0.40732
0.0060025
1.4647
-0.0017653
-0.03001
-0.51737
0.97872
-0.00039058
0.1554
-0.0043269
0.013456
0.0091925
-0.0039235
0.011484
0.39661
-0.0039507
-0.72136
0.33733
-0.59907
1.028
-0.26685
-1.1378
0.0011748
-0.0033658
0.89927
0.0045587
0.16025
0.0072628
-0.00053698
2.163
-0.00469
-1.5525
-0.0018535
0.22565
-0.081561
-0.56668
-0.81837
0.42111
0.0027784
-0.18433
-0.49495
-0.0010745
-0.98518
0.00044846
0.4652
-0.35696
-0.366
-0.040398
0.20729
0.007048
0.00041893
-0.00094685
0.0030833
-0.01313
0.038928
-0.85026
0.003275
1.0921
-0.00050361
-0.49553
-0.31923
0.95944
0.00061587
-0.46916
-0.0029706
0.0092346
0.46173
-0.0036833
0.0066805
0.29729
-0.00082513
-0.82306
0.25168
-0.82864
0.35517
-0.021482
-1.1318
0.00032737
0.017755
0.59678
0.0044442
0.83621
0.005054
-0.0045581
2.0189
-0.0012819
-1.3161
-0.00063884
1.0849
-0.84647
-1.1352
-0.031934
-0.16017
-0.012356
-0.18459
0.79588
0.0060031
-0.82995
0.00048002
0.41623
-0.061894
0.34443
-0.034794
1.1443
0.0089105
0.00062277
-0.001813
0.0012137
-0.011567
0.064652
-0.62829
-0.0021647
-0.17416
0.0011341
-0.8008
0.54675
0.21429
0.00092927
-0.60219
-0.00039606
0.0008573
0.71595
0.00070012
0.009655
-0.29856
-0.00090385
-0.95914
0.29819
-0.92335
-0.59379
0.33516
-0.24265
-0.0017595
0.023557
-0.48408
0.002687
1.0866
0.005379
-0.0060294
1.5014
0.00024694
-0.55087
-7.562e-05
0.82439
-0.80192
-0.79626
0.77116
-0.89579
-0.017793
-0.12042
1.0654
0.0091126
-0.71225
-0.0020932
0.54041
0.2536
0.89117
-0.039502
0.74511
0.0079622
-0.00015999
0.0006472
-0.0009469
0.011529
-0.11795
0.064558
-0.0064701
-0.81496
0.00053059
-0.33502
1.6858
-0.55752
0.00067463
-0.19481
0.00022926
0.001989
0.58176
-4.7534e-05
0.019958
-0.83019
-0.0028926
-1.053
0.48441
-0.76937
-0.7062
0.46999
0.73524
-0.0051797
0.01572
-1.4884
0.0017876
0.76265
0.0056361
-0.0035222
0.86144
0.00057851
0.20522
0.00033134
-0.12032
0.65637
0.048931
0.47219
-1.2169
-0.013095
-0.39729
0.26385
0.0079721
-0.64453
0.00014496
0.69234
0.32329
0.87631
-0.03186
-0.28587
0.0015599
-0.00064382
0.0022336
-0.0047839
0.024421
-0.33343
0.51119
-0.0081819
-0.71806
-0.0022852
0.38249
2.3053
-0.8973
0.0017875
0.10378
0.00047409
0.0049309
0.22644
0.0011815
0.020401
-0.7319
-0.0037881
-0.91879
0.43364
-0.49479
-0.23257
0.31984
0.76059
-0.0024222
0.0011717
-1.4312
-0.000447
0.29661
0.0019729
-0.0017708
0.30792
0.0014358
0.34561
-0.00033064
-0.58166
1.5413
0.45424
-0.22827
-0.90577
-0.0010406
-0.62744
-0.38701
0.0041714
-0.4807
0.0029534
0.56338
0.15067
0.54227
-0.0094126
-0.61834
-0.0023536
2.0208e-05
0.0014204
-0.0031283
0.02031
-0.32135
0.40682
-0.0058684
-0.38911
-0.0035514
0.56557
1.8266
-0.76168
0.00037402
-1.4478
-1.6299
-0.68144
0.45098
0.80009
0.42844
-1.6618
-1.237
0.30352
1.2249
0.90236
0.22663
-0.87738
0.17011
1.2984
1.1564
0.19925
-0.40125
0.17885
1.025
1.0844
0.20386
-0.56247
-0.67437
0.58788
0.78484
0.10954
-0.56561
-0.58285
-0.3027
0.37597
0.15598
-0.44997
-0.60852
-0.22125
0.082591
-0.0029181
-0.0018787
-0.0016674
-0.0011473
0.0025988
0.0042855
-0.0054047
-0.005413
-0.0029032
-0.0030446
0.00027444
0.0038665
-0.001905
-0.0013202
-0.00089736
-0.0029345
-0.0012603
0.0016702
0.0031229
0.0045711
0.002881
-0.00070275
-0.0015579
0.00063581
0.0044372
0.0052613
0.0033522
-0.00079438
0.00013379
-0.00010817
0.00018548
0.00075382
0.0019839
0.0016584
0.00038883
-0.00077525
-0.0061168
-0.011339
-0.012731
-0.014108
-0.013145
-0.010288
-0.010203
-0.013645
-0.013754
-0.012084
-0.0097342
-0.0042589
-0.0078803
-0.010525
-0.0081191
-0.0031335
0.0036323
0.010414
0.0030538
0.0049356
0.0011007
0.003605
0.011255
0.01663
0.013485
0.018443
0.011142
0.0033274
0.0083534
0.012001
0.011115
0.013813
0.0076082
0.0025809
0.00061228
0.0058402
-0.86711
-1.1081
-0.83956
-0.29888
0.23534
0.37739
-0.62795
-1.1174
-1.2439
-0.96937
-0.39618
0.0034051
0.65634
0.25926
-0.53505
-1.0597
-1.0337
-0.66325
1.4452
1.5701
0.9085
-0.0098585
-0.63339
-0.70422
0.68602
1.1972
1.2605
0.92494
0.30836
-0.093458
-0.29934
0.03907
0.4971
0.72494
0.56286
0.1946
0.00074453
0.0027116
0.0030573
0.0011094
-0.00043645
0.0014347
0.0005074
-9.5695e-05
0.0015886
-0.00090546
3.0674e-06
0.00046118
-0.0012749
-0.00022378
-5.9156e-05
-0.00041277
-0.0013285
0.0022529
-0.00042171
0.00080767
-0.0011651
0.00028319
0.0022842
0.00091677
0.0010294
0.0009189
-0.0013614
-0.00022983
-0.00075248
2.2982e-05
0.0020661
0.00031962
-0.0033014
-0.0028945
-0.0012463
-0.0030605
0.011723
0.0084772
-0.0078546
-0.023419
-0.026171
-0.016408
0.016328
0.011545
-0.0054264
-0.025656
-0.029667
-0.017935
0.014137
0.012729
-0.002356
-0.020344
-0.02432
-0.011731
0.01303
0.011265
-0.00027923
-0.01079
-0.011781
-0.0037277
0.012472
0.011019
0.0046191
0.0023387
0.0072889
0.012827
0.012261
0.01087
0.00982
0.011254
0.017583
0.019518
-0.20698
-0.48123
-0.4006
0.51594
1.6693
1.6466
-0.12099
-0.68186
-1.0761
-0.32428
1.3487
1.8478
0.28142
-0.2257
-1.0398
-1.1285
0.10905
1.0388
0.53502
0.43583
-0.32585
-1.0543
-0.80933
-0.012444
0.44662
0.64561
0.21129
-0.65615
-1.0782
-0.66086
0.193
0.42729
0.29897
-0.31628
-0.82002
-0.68286
-0.0048246
-0.0052338
-0.0055616
-0.002195
0.0017595
0.0039835
0.0014057
0.0021042
0.0012009
-0.0017675
0.0013671
0.0049879
0.0070722
0.0064509
0.0031846
0.00024746
0.00055937
0.00094042
0.0016006
0.0036696
0.0021753
-0.0017808
-0.00090839
0.0015625
-0.0026452
-0.0030323
-0.0031129
-0.00048903
-0.0011372
-0.00078487
-0.0011055
-0.0042347
-0.0049284
-0.00044381
0.00042057
-0.0011575
-0.7232
-0.92564
-1.0305
-1.0204
-0.87559
-0.64276
-0.29396
-0.3747
-0.34111
-0.088976
0.19029
0.25054
0.70108
0.88707
1.0452
1.3521
1.5399
1.256
0.87272
1.0535
1.0321
1.0343
0.95637
0.6525
0.043941
-0.052883
-0.27658
-0.50646
-0.65273
-0.60924
-0.54991
-0.71135
-0.80356
-0.95507
-1.0592
-0.90489
0.42166
0.59479
0.58604
0.34894
-0.011141
-0.25433
-0.39309
-0.52321
-0.61117
-0.84166
-1.131
-1.0776
-0.90357
-1.1571
-1.1707
-1.1871
-1.181
-0.89948
-0.25748
-0.14184
0.083257
0.36631
0.60776
0.56601
0.36552
0.65158
0.87558
1.1452
1.4033
1.1959
0.30975
0.36558
0.27865
0.30179
0.46926
0.46453
0.91526
1.0711
0.4932
-0.25406
-0.65817
-0.59298
0.82901
1.3792
1.245
0.56541
-0.09243
-0.33316
-0.3869
0.25163
0.98676
1.1892
0.93059
0.47921
-1.2119
-1.1201
-0.30446
0.52708
0.89351
0.70469
-0.91725
-1.1718
-1.0403
-0.62976
-0.1721
0.045189
-0.37502
-0.57671
-0.79867
-0.91598
-0.75947
-0.46012
-0.32251
0.36072
0.81704
0.12418
-0.7295
-0.7632
-0.384
0.58737
0.99538
0.0042824
-0.90544
-0.77106
-0.19702
0.74131
0.8324
-0.27759
-0.90245
-0.52634
0.27686
0.99977
0.62293
-0.59566
-0.90531
-0.34265
0.75262
1.2314
0.51853
-0.70425
-0.90431
-0.29621
0.74107
0.97843
0.33499
-0.5786
-0.71914
-0.24489
-0.30353
-0.42035
-0.30425
-0.02962
0.19833
0.22354
-0.42155
-0.52438
-0.32789
0.053164
0.34029
0.33727
-0.40912
-0.47921
-0.24404
0.16736
0.44125
0.38039
-0.37349
-0.4296
-0.17016
0.26382
0.5163
0.41696
-0.34114
-0.37945
-0.1034
0.34427
0.56368
0.427
-0.25385
-0.26726
-0.024009
0.32021
0.452
0.31564
-0.60105
0.012166
0.89635
0.94352
0.24954
-0.2163
-0.97616
-0.38045
0.82515
1.1006
0.33173
-0.25527
-1.0285
-0.79123
0.36133
1.0336
0.5866
-0.060694
-0.87579
-1.052
-0.23475
0.87871
1.0593
0.4462
-0.78261
-1.2412
-0.93081
0.33609
1.1819
0.89144
-0.6724
-1.1921
-1.1464
-0.24443
0.73961
0.82719
0.00032076
-0.0020871
-0.0029724
-0.00095199
0.0026359
0.0047956
0.0010144
-0.00084765
0.00037997
0.0024412
0.0070527
0.007244
-0.0016182
-0.0021139
0.00121
0.0025518
0.003065
0.0042238
-0.0017214
-0.0012922
-0.00071897
-0.0023472
-0.0021464
0.00026104
-0.0011789
0.0031864
0.00048209
-0.0039853
-0.0063931
-0.0021498
0.00029381
0.0054261
0.0036083
-0.0022929
-0.0048344
-0.0018715
-0.012161
-0.0075383
0.0016342
-0.007436
-0.028724
-0.033473
-0.01455
-0.0076674
0.0030941
0.00012808
-0.015358
-0.02124
-0.019585
-0.016154
-0.0024683
0.012331
0.018276
0.012793
-0.027162
-0.026966
-0.0015111
0.026299
0.039603
0.029837
-0.025222
-0.015444
0.011047
0.032492
0.035581
0.021215
-0.014102
-0.0028147
0.018335
0.026562
0.016968
0.0024103
-0.062648
-0.013429
0.37517
0.68604
0.41962
-0.16177
-0.17418
-0.09429
0.47157
0.86363
0.31972
-0.52633
-0.18845
0.014446
0.62884
0.79113
-0.16649
-1.0418
0.1164
0.54508
0.95193
0.52288
-0.792
-1.4457
0.54131
1.0507
1.0059
-0.019002
-1.39
-1.6511
0.57461
0.90259
0.58652
-0.48497
-1.4834
-1.4288
-7.5169e-05
0.001685
0.00038275
-0.00010717
-0.0018119
0.00034715
-0.0028304
-0.0022923
-0.0011043
-0.0026097
-0.002593
-0.00024687
-0.0020533
-0.0032871
-0.0016718
-0.0013226
-0.0020104
-0.00010729
8.3309e-05
-0.0019324
-9.8865e-05
0.00088333
0.00019558
0.00067077
0.0021462
-0.00025841
-0.000593
0.003678
0.00074585
1.199e-05
0.0037862
0.00063035
-3.8005e-05
0.00013641
0.0011096
-0.0013095
0.29928
0.18037
-0.29792
-0.87396
-1.1309
-0.82496
0.13092
-0.14527
-0.65211
-0.96195
-0.77867
-0.21415
-0.34277
-0.71065
-0.84908
-0.41787
0.40759
0.77945
-0.7594
-0.97096
-0.50179
0.50335
1.2689
1.1456
-0.70812
-0.51187
0.34506
1.1404
1.2723
0.80247
-0.29196
0.13891
0.83976
1.1002
0.78331
0.37919
0.0046714
0.0046216
-0.00035136
-0.0062056
-0.0071979
-0.0044435
0.0031817
0.00029863
-0.0047869
-0.0081826
-0.0073746
-0.00055993
-0.00032555
-0.0049402
-0.0077708
-0.0059086
-0.00051637
0.0024853
0.0015747
-0.0022143
-0.0039495
-0.0041918
0.0015868
0.0053433
0.0105
0.0050542
0.00072544
-0.0013517
0.0017999
0.0045507
0.010901
0.0084343
0.0028182
0.00029673
0.00037471
0.0016704
-0.0018086
-0.0036741
-0.0028138
-7.9905e-05
0.0021712
0.004831
-0.002621
-0.0025509
-0.0023071
-0.0033825
0.0010479
0.0044781
0.0012016
0.001305
-9.0772e-05
-0.002762
0.0010998
0.0030149
0.0021326
0.002251
0.00014646
-0.0017453
-0.00080199
0.0028864
0.0029734
-0.00056077
-0.0022101
-0.0052493
-0.0012775
0.0024
0.0017743
-5.5427e-05
-0.0046648
-0.0043599
0.00023841
0.0032481
-0.21145
-0.13477
0.033432
0.068526
0.0057802
-0.00739
-0.55533
-0.59766
-0.35175
-0.081374
-0.0077992
-0.033064
-0.90579
-1.1874
-1.0365
-0.73283
-0.53349
-0.37832
-0.53393
-0.81358
-0.98353
-1.047
-1.016
-0.8026
0.93841
1.1692
0.89218
0.32775
-0.20587
-0.40309
1.6121
2.1143
1.958
1.483
0.88106
0.35393
-1.2131e-05
0.00061332
0.0020003
-0.0019384
-0.0024868
-0.0012879
0.0015519
0.0010271
0.00057417
-0.00075458
0.0019604
0.001566
0.0029024
0.00053884
0.00010293
0.00018937
0.0025238
0.0030851
-0.0007168
-0.0014332
-0.0038353
-0.0026578
-0.00033783
0.00070058
0.00058162
9.0263e-05
-0.0029531
-0.0025189
-0.0016766
-0.0013512
0.0014588
0.0017085
-0.0015
0.00021127
0.00030252
0.00085448
0.10274
-0.20286
-0.665
-0.7062
-0.40278
-0.16982
0.56347
0.48812
-0.18183
-0.80831
-0.91827
-0.67432
0.72871
1.1554
1.0023
0.30946
-0.41883
-0.68667
-0.068251
0.54221
1.2246
1.3726
0.95387
0.30706
-1.0586
-1.0073
-0.21732
0.71895
1.1529
0.85355
-1.0972
-1.4662
-1.2441
-0.5287
0.18725
0.37959
-0.0037108
-0.0042967
-0.0013295
0.00085718
-0.0024442
-0.0045595
0.00044949
0.00087353
0.0027941
0.0010341
-0.0019907
-0.0064479
0.003876
0.0021704
0.0038229
0.0042595
0.00052196
-0.0028346
0.00084655
0.0019882
0.0030226
0.0010428
0.00055814
0.0012761
-0.0029383
0.00084381
0.0012907
0.00044363
0.00044928
0.0018511
-0.0021546
0.00064049
0.003487
-1.9897e-05
-0.0020924
0.00018039
0.86449
0.49033
-0.60384
-1.1563
-0.77921
-0.1923
1.1413
1.0338
-0.2654
-1.2371
-1.0096
-0.28846
0.77291
1.1691
0.44829
-0.7648
-1.0485
-0.52506
0.035292
0.85631
0.99656
0.0026855
-0.90262
-0.8495
-0.39279
0.53451
1.2725
0.63852
-0.552
-0.89645
-0.45786
0.24556
1.0797
0.78477
-0.15667
-0.58522
-0.036671
-0.24005
-0.67188
-0.87729
-0.1208
0.71574
-0.047478
-0.20327
-0.73237
-1.0294
0.010644
1.103
0.051497
-0.10426
-0.75842
-1.0492
0.32007
1.4596
0.17128
-0.074788
-0.95381
-1.1569
0.58166
1.7527
0.31284
-0.067785
-1.0925
-1.1405
0.71293
1.8759
0.31321
-0.088999
-0.88531
-0.78685
0.68656
1.5555
-0.43958
0.033633
0.84936
1.0472
0.40351
-0.20981
-0.019663
0.74601
1.2121
0.70556
-0.30446
-0.70761
0.78967
1.3153
0.84429
-0.3695
-1.0832
-0.84502
1.1764
1.1034
-0.091096
-1.1698
-1.0893
-0.34949
0.71286
0.11478
-1.0017
-1.2869
-0.55718
0.23756
0.161
-0.55585
-1.1304
-0.81873
-0.011889
0.42684
0.67359
0.24289
-0.78058
-0.96818
0.091653
0.85726
0.66839
-0.01187
-1.1139
-0.88325
0.67597
1.2954
0.29727
-0.49044
-1.148
-0.29781
1.0944
1.1133
-0.25437
-0.95792
-0.9274
0.33525
1.0575
0.52764
-0.69175
-1.0912
-0.4829
0.7325
0.79035
-0.009701
-0.73715
-0.81839
-0.061213
0.7826
0.51579
-0.16436
-0.29755
0.21351
0.87416
0.90976
0.396
-0.090165
-0.65004
-0.31999
0.59227
1.2558
1.2146
0.62615
-0.77247
-0.96915
-0.3763
0.72771
1.541
1.4514
-0.35143
-0.85398
-1.1223
-0.57407
0.52156
1.0365
0.26414
-0.099351
-0.8103
-1.2315
-0.89992
-0.21979
0.45309
0.36246
-0.20181
-0.92154
-1.2196
-0.83607
0.0061298
0.010239
0.010306
0.0015183
-0.007951
-0.0095233
0.0040474
0.0049268
0.0011559
-0.0071034
-0.015178
-0.014063
0.0049514
0.0044384
-1.4576e-05
-0.0063548
-0.012249
-0.0095059
0.015605
0.016076
0.0054256
-0.0032275
-0.0032303
0.00047683
0.022456
0.019215
-0.00060923
-0.011981
-0.0070091
0.0036823
0.015385
0.0079733
-0.012729
-0.020861
-0.011226
-0.00029383
0.787
1.0092
0.66021
-0.10595
-0.90863
-1.0374
0.90339
1.1312
0.92549
0.20116
-0.91239
-1.2437
0.67774
0.81831
0.81746
0.42435
-0.66692
-1.1571
0.39861
0.41352
0.51666
0.35063
-0.4987
-0.99933
0.1422
0.038866
0.10674
0.092441
-0.49134
-0.84398
-0.022794
-0.15871
-0.158
-0.1417
-0.43933
-0.61557
-0.77945
0.12948
0.98186
0.49576
-0.42829
-0.57766
-0.99174
0.21115
1.4011
0.73126
-0.54114
-0.76117
-1.1888
-0.014186
1.3661
0.83742
-0.47801
-0.73044
-1.3405
-0.27706
1.2846
1.0305
-0.25067
-0.68404
-1.3436
-0.44096
1.1794
1.2635
0.10805
-0.57402
-1.1281
-0.52161
0.77128
1.0788
0.29616
-0.35295
-0.017584
-0.019309
-0.0089517
0.0039607
0.0083941
0.0051345
-0.022632
-0.025655
-0.0096976
0.0032486
0.0078696
0.0062188
-0.019645
-0.019435
-0.0052526
0.0074742
0.010769
0.0092065
-0.013744
-0.0083218
0.0045633
0.011217
0.016407
0.011772
-0.0098368
-0.0049601
0.0051331
0.013284
0.017916
0.014126
-0.0070385
-0.0044762
0.0057084
0.010139
0.0119
0.0091804
0.018631
-0.07327
-0.17482
0.12438
0.54955
0.59405
0.86882
0.96122
0.80387
0.93795
1.1538
0.95465
1.2383
1.456
1.1588
0.81193
0.55875
0.2604
0.27522
0.27844
-0.01567
-0.48133
-0.82453
-0.7987
-0.85627
-1.0395
-1.0333
-1.1075
-1.1672
-0.97446
-0.95945
-1.0052
-0.83043
-0.71048
-0.63063
-0.47771
-0.0019487
-0.0015893
-0.0031929
-0.0026027
-0.00037932
0.0014108
-0.0015278
-0.0020887
-0.0014295
-0.00065503
0.0030177
0.0022821
-0.00092264
0.0019154
0.00040738
0.00078667
0.002519
0.0041386
0.00086799
0.0017773
0.00015785
-0.0024542
0.00066861
0.0018593
4.1855e-05
0.0020019
-0.0015331
-0.0028994
-0.0016158
-5.2735e-06
0.00052703
-0.0015365
-0.0025371
0.00020526
-0.00034598
0.0010183
-0.92463
-1.1099
-1.124
-1.2878
-1.4952
-1.3341
-0.47186
-0.38067
-0.36207
-0.70496
-1.2295
-1.2715
0.30428
0.63247
0.70623
0.39911
-0.15563
-0.4455
0.53294
0.69879
0.66634
0.70124
0.64351
0.34385
0.54217
0.53775
0.45626
0.63721
0.88454
0.71339
0.42772
0.45663
0.43543
0.53505
0.65664
0.59141
0.027673
0.41011
0.99866
1.4099
1.4873
1.1233
-0.23832
0.16507
0.84138
1.3777
1.5165
1.1641
-0.50179
-0.38059
-0.21159
-0.19151
-0.22002
-0.18245
-0.69487
-0.78223
-0.82515
-1.0268
-1.1928
-0.99712
-0.69044
-0.75961
-0.57963
-0.43494
-0.47356
-0.50167
-0.37758
-0.38522
-0.11542
0.19699
0.29923
0.15278
-0.7997
-0.97906
-0.584
-0.062606
0.12404
0.094049
-0.96821
-1.0316
-0.40184
0.26949
0.44145
0.32117
-0.86461
-0.76691
-0.02904
0.5697
0.6396
0.44389
-0.76536
-0.60516
0.17415
0.69301
0.68672
0.48561
-0.74262
-0.53161
0.27977
0.87376
0.86478
0.60138
-0.58647
-0.40126
0.30256
0.86352
0.87266
0.57681
-0.0065867
0.015563
0.040582
0.057711
0.051323
0.031207
0.0021171
0.036217
0.07326
0.088274
0.075789
0.045851
-0.006916
0.017283
0.044277
0.0506
0.03911
0.021871
-0.044522
-0.034742
-0.021144
-0.025773
-0.02741
-0.01144
-0.062259
-0.060782
-0.053114
-0.063909
-0.054451
-0.020297
-0.038982
-0.034774
-0.033833
-0.046584
-0.034965
-0.0089356
-0.16371
-0.79497
-0.94802
-0.10158
0.78279
0.78696
-0.44007
-1.0796
-0.80745
0.45187
1.144
0.74933
-0.86526
-1.1234
-0.12671
1.0239
0.91768
0.16425
-1.2054
-0.85187
0.64942
1.2501
0.33674
-0.4715
-1.1859
-0.25424
1.1979
1.1501
-0.13249
-0.71138
-0.74028
0.19451
1.1414
0.74707
-0.24246
-0.55224
-0.003981
-0.00096704
0.00079795
0.0015683
-0.0057071
-0.0086673
-0.004862
-0.0015179
0.0047785
0.0027878
-0.0045776
-0.0074272
-0.0062942
-0.002883
0.0020498
0.0031609
-0.00055247
-0.0055113
-0.0036123
-0.0031885
0.00033797
0.0019224
0.0021366
-0.0023124
-0.0018016
0.0015991
0.0034175
0.0060143
0.0052805
-0.001938
0.001805
0.0041396
0.0072387
0.008033
0.0018797
-0.0027405
0.0020837
0.00079012
-0.0015857
-0.00023329
-0.0014795
-0.00040618
0.0025078
0.00023018
0.00039994
-0.00039058
-0.00092322
-0.001241
0.0023472
-0.00016534
-0.0013245
-0.0026017
-0.0003819
0.0017376
0.00024669
0.00037708
0.0017637
0.00029783
-0.0013379
-7.0861e-05
0.00051579
0.00232
0.0013249
0.00085648
0.00031947
0.0011877
-0.0028214
-0.0018957
-0.0021232
-0.0026967
-0.0010655
-0.00071156
0.001081
0.0035557
0.0014871
-0.0010185
-0.00035163
0.00037341
-0.00049476
0.00052276
0.00015043
-0.0013483
-0.0022963
-0.00050508
-0.0026369
-0.0016855
2.4675e-06
0.00042698
-0.0013901
-0.0022051
-0.0027103
-0.0030541
-0.00032425
0.0016225
0.00014212
-0.0024847
0.00068965
-0.00048938
0.0018366
0.0040926
0.0008646
-0.0021019
0.001564
0.0020065
0.0016619
0.0013578
0.0014178
-0.0023679
-0.0032343
0.00053585
0.0026948
0.0049161
0.0062878
0.0031612
0.00077611
0.00097706
0.0049798
0.0054989
0.0054593
0.00063469
-0.0016738
-0.0005645
0.0024757
0.0010374
-0.0015768
-0.0039427
-0.0022797
-0.0023366
0.00061111
-0.0012905
-0.0038651
-0.0072941
-0.0024851
0.00052637
0.0017912
0.00021484
-0.0046518
-0.0040412
-0.001366
0.00078713
0.00018964
-0.00059591
-0.0018215
-0.0025161
0.014832
0.006406
-0.0072338
-0.013125
-0.0055365
0.0033261
0.020029
0.0089685
-0.013354
-0.017539
-0.0020488
0.0081911
0.012424
-0.0040879
-0.024369
-0.019328
0.002795
0.013091
0.00094518
-0.020583
-0.032741
-0.010367
0.014737
0.019033
-0.0034788
-0.021669
-0.023856
0.003149
0.029775
0.02381
-0.0021791
-0.014942
-0.010156
0.0089582
0.026748
0.020353
1.6752
2.0321
1.7304
1.2405
0.77716
0.43148
1.2276
1.2868
0.77161
0.17972
-0.14805
-0.17561
-0.31513
-0.68563
-0.97366
-1.0117
-0.89755
-0.62533
-0.86194
-1.0778
-0.9315
-0.67884
-0.56471
-0.43327
-0.48279
-0.42709
-0.2096
-0.16272
-0.27703
-0.34303
-0.06786
0.013365
0.00060446
-0.15987
-0.33162
-0.33766
1.0434
1.3234
0.6775
-0.42292
-0.97968
-0.66465
1.5089
1.4729
0.24473
-0.92601
-1.0379
-0.36815
1.4228
0.85903
-0.55039
-1.1014
-0.50564
0.24932
0.86975
-0.046681
-1.0462
-0.88976
0.034622
0.58504
0.086042
-0.7369
-1.056
-0.4353
0.38598
0.55422
-0.39201
-0.82996
-0.66285
0.018672
0.48141
0.41292
0.0014374
0.0023316
0.0023528
0.0021382
0.0011656
0.0016603
0.0027678
0.0026736
0.0016541
-0.00050253
-0.0012451
0.00014834
0.0017153
0.0029673
5.7507e-05
0.00062216
-6.1777e-05
0.0014819
0.0040057
0.0047694
0.00014897
-0.0024089
-0.0023435
-0.0029359
0.0063705
0.0057021
-0.0035437
-0.0085034
-0.0082765
-0.0053523
0.007275
0.0027112
-0.0034475
-0.0084501
-0.0084351
-0.0041226
0.96078
0.28066
-0.64949
-0.77719
-0.43803
-0.17164
1.3133
0.46482
-0.80825
-0.89709
-0.4126
-0.13089
1.4407
0.6056
-0.77189
-0.83394
-0.3372
-0.13873
1.6491
0.87422
-0.65518
-0.94867
-0.53865
-0.25428
1.8243
1.2268
-0.41201
-1.0588
-0.81278
-0.39852
1.4828
1.1046
-0.12609
-0.82049
-0.75138
-0.38843
-0.0018415
-0.00094224
-0.00063437
0.0010428
0.0013208
-0.00055417
0.0023869
0.003883
0.003874
0.0054435
0.0023644
0.0020729
0.0036134
0.0032769
0.00131
0.0034507
0.0034381
0.0039332
-0.0024892
-0.0025576
-0.0019424
-0.00051919
8.9545e-05
-0.00060326
-0.0033345
-0.0046062
-0.0020757
-0.0015057
-0.0037398
-0.0049152
-0.0029581
0.00070197
0.00082411
-0.00085621
-0.0055755
-0.004011
-0.72457
-1.1042
-0.57959
0.72493
1.3581
0.82007
-0.67735
-1.193
-0.8886
0.52831
1.2801
0.76232
-0.31281
-0.83405
-0.85493
0.17597
0.9475
0.59719
0.020829
-0.4771
-0.7822
-0.0060211
0.85296
0.75043
0.037732
-0.47827
-0.8719
-0.23879
0.715
0.88042
-0.046561
-0.52048
-0.82255
-0.33496
0.36142
0.59459
-0.1712
-0.20775
-0.0513
0.15416
0.1302
-0.033127
0.12148
0.22164
0.25705
0.047477
-0.34854
-0.47313
0.19464
0.17595
-0.16343
-0.77915
-1.1979
-0.99055
-0.35513
-0.64358
-0.9521
-1.0759
-0.8
-0.31475
-0.77126
-0.90589
-0.49115
0.44747
1.3497
1.3932
-0.50789
-0.26214
0.5729
1.61
2.1805
1.7789
-0.28208
-0.49217
-0.76921
-0.93562
-0.74763
-0.38284
-0.80367
-1.106
-1.1794
-0.96448
-0.43953
0.048421
-0.94687
-0.96454
-0.48098
0.23299
0.80962
0.81699
-0.191
0.31718
0.89748
1.2427
1.2261
0.82136
0.881
1.3099
1.0954
0.58103
0.10801
-0.12876
0.961
0.90774
0.22162
-0.50069
-0.82882
-0.68969
0.0016296
0.0027049
0.0017731
0.00095332
0.0015441
0.001784
0.00074239
0.0019524
0.0028922
0.0009747
0.00025789
0.0022637
5.7489e-05
0.00032324
0.00038631
-0.00079605
-0.0020876
-0.00043219
-0.00085225
-0.0031539
-0.0017322
-0.00049459
0.00055565
0.0006485
-0.0027445
-0.0037506
-0.001303
0.00045965
0.0018983
0.0024227
-0.00015634
-0.0031046
-0.0023632
-0.00040893
0.00035136
0.0015684
-5.2765
-4.5947
-4.5943
-5.0939
-4.5956
-4.5929
-4.9626
-4.5948
-5.1783
-5.0304
-5.1479
-5.0273
-4.7563
-5.3793
-4.5951
-4.5893
-5.3749
-4.5956
-5.0771
-4.5952
-4.5954
-5.0359
-4.5954
-5.0299
-4.5954
-5.0916
-5.1554
-5.0665
-5.1896
-5.1939
-4.5937
-5.1531
-5.1858
-4.5893
-5.3055
-4.5956
-5.4092
-5.0573
-5.2204
-4.5864
-5.2537
-4.5953
-4.5956
-4.5955
-4.5944
-4.5941
-4.9921
-5.1631
-4.5933
-5.2433
-4.5952
-5.1962
-4.8365
-5.177
-4.5952
0.014228
0.0080587
0.0041187
0.0037909
-0.0010767
-0.00047384
0.013543
0.0058171
0.0015772
0.0015153
-0.002683
-0.0047602
0.012813
0.0019999
-0.0045515
-0.0015126
-0.0031008
-0.0050261
0.014502
0.0015288
-0.0056152
-0.0054363
-0.0083911
-0.0073192
0.01619
0.003762
-0.0040653
-0.010486
-0.014654
-0.010902
0.019755
0.012086
-0.00021446
-0.0093355
-0.010415
-0.0072668
