0.77721
-0.33031
0.72249
-0.47162
1.3925
-0.69737
-0.426
-0.072126
-0.043942
-1.0511
-0.60535
-1.1679
0.34624
-0.084715
-0.25191
-0.40155
-0.22699
0.099516
-0.9484
1.2471
0.65136
0.8406
-0.71332
0.0057071
0.038241
0.96072
-0.56466
0.98187
-0.65001
1.955
-1.0375
0.090888
0.6501
-0.39471
-0.95708
-0.95441
-1.444
0.43896
0.018703
0.34659
-0.31579
-0.48019
-0.48071
-1.1253
0.54636
0.67845
0.95555
0.062516
0.0044298
0.00013292
0.47395
-0.21499
0.36552
-0.58158
1.8778
-0.25798
1.0041
1.0723
-0.9212
0.0025977
-1.0021
-1.2402
-0.087808
0.13963
1.1371
0.084346
-0.6795
-1.2692
-1.1605
-0.70343
0.075339
0.45834
0.84164
-0.0017606
-0.054368
-0.31873
1.0282
-0.67254
-0.37079
1.492
1.0654
1.273
0.34472
-0.90041
0.75312
-0.68391
-0.7101
-0.72169
0.040352
1.3374
0.45299
-0.75731
-1.0289
-1.3361
-0.97889
-0.57799
-0.24902
0.6252
-0.0025285
0.22204
-0.88558
2.2515
-1.2506
-0.17679
1.0295
1.1883
0.40993
-0.77277
0.20831
0.64036
-0.20061
-0.1193
-0.81408
-0.21307
0.93049
0.5069
-0.77753
0.20388
-1.5443
-0.42025
-0.69291
-0.70149
0.0093395
-0.0071051
0.62374
-0.90353
2.0674
-1.0997
-0.097215
0.54356
0.40035
-0.55868
-0.95914
1.0865
0.12388
0.080205
0.12034
-0.44213
-0.34016
0.36585
0.25858
-0.59015
0.83083
-1.3061
0.049881
-0.30365
-0.66886
-0.26498
-0.0073409
0.61306
0.58907
-0.15891
0.83635
-1.2023
1.0731
-0.7698
-0.52678
0.27666
-0.047847
-1.3425
-0.17071
-1.0444
0.67787
-0.23754
-0.68657
-0.51286
0.062885
0.011583
-0.73241
1.7615
1.0693
0.32651
-1.0234
0.0067716
0.99707
1.0998
-0.67775
1.4144
-1.473
1.3803
-1.2957
0.25135
1.1238
-0.4144
-1.0159
-0.64847
-0.88413
0.84195
-0.38164
-0.34817
-0.50313
-0.24729
-0.77267
-0.75297
0.79367
0.79615
0.063823
-0.090687
0.0019413
1.2348
1.1234
-0.91538
1.0219
-1.2307
1.0633
-0.49845
1.2591
1.1194
-1.0656
0.40835
-1.1264
-0.15311
0.19421
-0.28433
0.67898
-0.12141
-0.57822
-1.3197
-0.52001
-0.86735
-0.27718
-0.59243
1.0953
-0.0024322
1.0279
0.63884
-0.076301
-0.26427
-0.74591
0.48915
1.0805
1.2654
-0.15944
-1.0883
1.0962
-1.2348
0.64512
-0.61105
-0.18957
1.5618
0.15753
-0.71522
-0.44634
-0.55968
-1.0759
-0.97114
-1.1852
0.87762
-0.0060674
0.96785
0.040247
1.4665
-1.3357
-0.26802
0.023083
1.224
-0.06307
-1.2286
0.45064
0.54593
-0.94664
1.0869
-0.77753
-0.2791
1.7007
0.029043
-0.68451
1.1213
-0.89588
-0.32999
-0.66982
-1.2835
0.0049982
-0.0044816
1.0233
-0.33216
1.8338
-1.3677
-0.058459
-0.21311
0.28644
-1.0908
-0.98588
1.567
-0.19932
-0.56433
0.86847
-0.46999
-0.27737
1.0879
-0.19908
-0.51747
1.4557
-0.90456
0.15478
0.0045366
-0.81905
-0.36269
-0.0041894
0.7359
-0.43582
0.34071
0.20305
-1.1116
-0.26025
-0.47915
-0.15295
0.84204
0.0060558
-1.4018
0.8308
0.028416
0.61748
-0.33885
-0.90416
-0.63078
0.84288
-0.42965
-0.2583
1.8579
0.96949
-0.7311
-1.1869
0.002026
1.398
0.044923
-0.12446
1.0217
-1.1432
-0.46456
-1.0468
0.59983
1.2439
-0.25786
-0.58202
0.67552
0.70971
0.98854
-0.87527
-1.0963
-0.8391
0.97604
-1.0396
-0.025794
0.77531
0.31628
-1.1647
-0.41295
0.00080818
1.6078
0.79579
-0.98054
1.3024
-0.68905
-0.73332
-0.612
1.1394
0.47845
-0.91368
0.96604
-0.17626
1.3181
0.56785
-1.0396
-0.56773
-0.84207
0.85078
-0.78474
0.46478
-0.84054
-0.78204
-1.3297
0.94124
-0.0055209
1.1831
1.3636
-1.3298
0.45315
-0.08799
-0.97719
0.70184
0.61473
-0.84914
-1.0094
1.1458
-1.0218
1.5045
-0.26068
-0.81675
0.43464
-0.89839
0.68987
0.48134
0.77905
-0.88097
-0.983
-1.0533
0.97496
-0.0068325
0.65439
1.4515
-0.65429
-0.86853
0.32234
-1.0329
0.99961
-0.77142
-1.2214
0.65195
0.065558
-1.3886
1.262
-0.67892
-0.5489
1.208
-1.0539
0.55081
1.3745
0.67981
-0.21843
-0.1354
-0.42101
0.11579
-0.0059713
0.28038
0.9169
0.13653
-1.279
0.33701
-0.83086
0.2526
-1.3728
-0.4821
1.8145
-0.66231
-1.1613
0.65957
-0.54266
-0.26251
1.1742
-0.89785
0.29656
1.0918
0.33099
0.10224
0.55152
0.067192
-0.33452
-0.0032356
0.030969
-1.0597
0.56589
-0.6307
0.31092
-0.88635
-0.19536
0.50094
1.1484
0.078034
-1.3125
1.1236
0.82542
0.35766
0.34292
-0.53131
-0.70082
0.83485
-0.9344
-0.096222
1.5969
0.20975
-0.9612
-1.2683
0.0028809
0.24102
-1.0837
0.49266
0.099365
0.71469
-1.1353
-0.7903
1.0412
0.87862
-0.18345
-0.038341
1.4877
1.2258
0.98412
-0.20416
-0.9254
-1.0077
1.3828
-1.0985
0.065042
0.62656
-0.67996
-0.95099
-0.87235
-0.00082226
0.11963
-0.48613
-0.24453
1.0019
0.86109
-1.0446
-0.77547
0.87743
-0.44225
-0.90091
1.402
1.1039
0.9393
0.88489
-0.93013
-1.0406
-1.1031
1.6488
-0.090876
0.3401
-0.79128
-1.2132
-0.22812
0.50438
-0.0056048
-0.15304
0.4918
-1.1341
0.89368
0.83937
-0.92606
0.34434
-0.10604
-1.2757
-1.0351
1.0697
0.2289
0.28967
-0.11505
-1.1951
-0.76466
-1.058
1.6385
1.0138
0.79384
-0.85345
-0.52833
0.67923
1.074
-0.0049851
-0.49585
1.2676
-1.3736
-0.26673
0.74849
-0.84054
1.1141
-1.112
-0.67999
0.60752
-0.2711
-0.51413
-0.19285
-0.97129
-1.0371
-0.2327
-0.80355
1.432
0.89376
1.1955
-0.39765
0.70478
1.2268
0.61014
-0.0048455
-0.7906
1.134
-0.82932
-0.99386
0.50038
-0.62425
0.72537
-1.2053
0.37416
1.8056
-0.84001
-0.74195
-0.41978
-0.96949
-0.62411
0.21692
-0.42579
0.90982
0.11194
1.0097
-0.16522
1.0324
1.0216
0.049057
-0.0039765
-0.75398
-0.6385
0.31578
-0.96229
1.5537
-0.62101
-0.14138
0.77177
0.87713
0.27295
-0.96239
0.3327
0.74449
0.32932
1.5369
0.078568
-0.22576
-0.41565
-1.0601
0.12161
1.3521
-0.66233
-0.35173
-1.3538
0.0044713
-1.0342
-1.0398
0.46607
-0.54256
1.8454
-0.69366
-0.80043
0.96742
0.10942
-0.059069
0.43169
0.841
0.55411
1.1615
1.615
-0.22019
-0.20592
-0.25663
-0.74682
0.15039
0.5745
-1.4046
0.23803
-1.4155
-0.00018335
-1.3297
-1.2299
0.26369
0.5665
1.166
-0.43984
-1.0827
0.24437
-1.1254
-0.83876
1.5469
1.2317
-0.30963
1.272
0.76487
-0.64022
0.12908
0.035569
0.65159
0.14791
-0.65263
-1.1054
1.1635
-0.2186
-0.0014374
-1.1347
-0.99251
-0.30267
1.0249
0.38996
-0.28841
-0.13669
-0.80141
-1.2303
-1.012
0.90005
1.2336
-0.99141
0.069349
-0.15866
-0.96823
0.71944
0.22855
1.2675
0.5564
-0.91259
0.33195
1.5419
0.94365
-0.0012537
-0.92998
-0.29768
-0.83951
0.24955
-0.03919
-0.2953
1.0419
-1.2357
0.021527
0.37846
-0.43401
0.85539
-1.0789
-1.2547
-0.63865
-1.0682
1.292
0.27436
0.40919
1.1369
-0.70124
1.4879
1.2363
1.0996
-0.0011001
-0.96319
0.1606
-0.69208
-0.55214
-0.16682
-0.24241
1.0386
-0.90579
1.0019
1.475
-0.83847
0.31177
-0.80239
-1.3771
-0.58107
-0.71862
1.202
0.17483
-0.44786
1.1253
-0.45765
1.243
0.55867
0.5655
-0.0034664
-0.83918
-0.037304
-0.063664
-0.71422
1.1973
-0.19218
-0.16631
0.48014
0.37432
0.33109
-0.47096
-0.45867
0.32002
0.27185
1.6158
0.32916
0.26445
-1.0072
-0.77682
0.24976
0.9933
-0.9466
0.06223
-1.1105
0.001059
-1.0939
-0.34097
0.051513
-0.56852
1.102
-0.19113
-0.75228
0.33676
-0.40968
0.049716
0.56321
-0.19612
-0.053499
1.0222
2.0577
0.18319
0.61305
-1.3251
-0.19406
0.32004
0.48073
-1.2582
0.62381
-1.3753
0.0029582
-1.2946
-0.84714
0.17003
0.19871
0.1957
-0.034987
-1.0734
-0.42041
-1.0821
-0.61493
1.1995
0.42686
-0.62148
1.2037
1.7267
-0.14469
1.1361
-1.3333
0.94795
0.34563
-0.38634
-0.49391
0.98438
-0.63601
0.0017391
-0.92727
-1.2386
0.011272
0.70839
-0.57554
0.0043505
-0.43267
-1.0495
-0.72413
-0.76559
0.53349
0.94792
-0.89068
0.18053
0.96733
-0.53835
1.6725
-1.2118
1.0856
0.62056
-0.7306
0.81074
0.65664
0.48322
-0.00040686
-0.56358
-1.08
-0.34292
0.35658
-0.80439
-0.040403
0.55616
-1.0145
0.41372
0.21852
-0.48143
1.0307
-0.73291
-1.0706
0.22721
-0.8267
1.9498
-1.0045
0.17171
0.93751
-0.70942
1.3899
-0.018396
0.96971
-0.00013005
-0.50682
-0.58262
-0.34014
-0.22137
-0.60842
-0.033724
0.76888
-0.59
0.96367
1.0253
-0.70673
0.62844
-0.40775
-1.2511
-0.089941
-0.72007
1.5685
-0.67057
-0.44592
0.83186
-0.45136
0.88862
-0.4171
0.61998
0.0013568
-0.44969
0.78266
0.9815
0.50806
-0.24161
-0.77611
-0.82382
0.53487
1.0998
1.1301
0.6328
0.063109
-0.26029
-0.42499
0.056684
0.79747
1.3273
1.3923
0.90466
-1.0301
-1.0694
-0.52322
0.46111
1.2221
1.1172
-0.67798
-1.045
-1.237
-1.0113
-0.29075
0.20865
-0.099542
-0.37387
-0.82956
-1.2205
-1.0608
-0.55902
-0.32932
-0.55723
-0.16377
1.0546
2.1454
1.9895
-0.19441
-0.69981
-0.90213
-0.0075186
1.4618
1.7954
0.33323
-0.1602
-0.98259
-1.2703
-0.54869
0.21806
0.56321
0.43487
-0.28299
-1.0975
-1.3051
-0.78913
0.3145
0.42437
0.21566
-0.33886
-0.8254
-0.68359
-0.073505
0.040896
0.15342
-0.0093092
-0.33228
-0.33574
0.76905
0.99145
0.35751
-0.6997
-1.2813
-1.1074
0.87341
1.4332
1.0215
-0.30451
-1.3589
-1.3746
0.226
1.0706
1.3222
0.39801
-0.90858
-1.2724
-0.59944
0.18241
1.0411
0.88936
-0.33106
-1.0363
-0.93651
-0.50728
0.61214
1.0439
0.17784
-0.61973
-0.69081
-0.57193
0.19347
0.70589
0.29913
-0.25062
-0.42993
-0.6514
-0.60191
-0.42569
-0.25797
-0.15239
-1.1829
-1.4358
-1.2166
-0.75947
-0.32339
-0.076407
-1.1509
-1.1602
-0.66166
-0.095375
0.29968
0.37872
0.29655
0.73873
0.91195
0.86234
0.73349
0.47535
1.5372
1.815
1.2155
0.44625
-0.013297
-0.17006
1.2146
1.0788
0.22767
-0.5194
-0.73858
-0.57613
1.4607
1.9537
1.8728
1.4998
1.079
0.58135
1.1459
1.4109
1.1413
0.5595
0.060292
-0.18594
-0.23519
-0.41124
-0.6808
-0.94209
-1.05
-0.878
-0.92578
-1.1637
-1.075
-0.96252
-0.87624
-0.68081
-0.66879
-0.73973
-0.49539
-0.33604
-0.31342
-0.24239
-0.21639
-0.2036
-0.061547
-0.036019
-0.082079
-0.019158
-0.74639
-1.0781
-0.23123
1.0938
1.2489
0.46137
-0.79578
-1.3128
-0.50941
1.0971
1.262
0.31247
-0.53503
-1.128
-0.69486
0.7691
1.1064
0.35442
-0.25862
-0.88704
-0.863
0.40304
1.1893
0.77457
-0.20512
-0.8739
-1.1406
-0.061844
1.0787
1.0433
-0.2399
-0.81791
-1.1262
-0.38269
0.62579
0.81038
-0.34429
0.13332
1.0547
1.3113
0.37853
-0.57805
-0.46405
0.28125
1.3292
1.2893
-0.12055
-1.1274
-0.093365
0.65276
1.2339
0.64428
-0.82541
-1.4357
0.53582
1.0929
0.94761
-0.095664
-1.1825
-1.2694
0.83191
1.0232
0.27094
-0.82412
-1.297
-0.96556
0.55472
0.4135
-0.41261
-1.0877
-1.0845
-0.66376
0.042244
0.7396
1.0944
0.32818
-0.78158
-0.92724
0.36984
1.1649
1.1267
-0.16609
-1.2613
-1.0009
0.92068
1.2957
0.51225
-0.88532
-1.2763
-0.52205
1.1866
0.90414
-0.42004
-1.3258
-0.75099
0.30667
0.91084
0.14189
-1.1412
-1.277
-0.032099
0.94159
0.44087
-0.35069
-1.0899
-0.75088
0.38509
0.91302
-0.05902
-0.40163
-0.95412
-0.92153
0.23885
1.1352
-0.075238
-0.39451
-1.0995
-1.0942
0.49526
1.5863
-0.028098
-0.29154
-1.0007
-1.0254
0.72926
1.828
0.0458
-0.22208
-0.9793
-1.0359
0.68944
1.7905
0.22034
-0.05139
-0.88273
-1.0106
0.4957
1.5059
0.27878
0.04517
-0.65314
-0.753
0.34102
1.1025
-1.0692
-1.0234
-0.037719
0.75355
0.65637
0.17404
-1.3701
-1.0606
0.38971
1.1668
0.57011
-0.19121
-1.447
-0.64034
0.98207
1.1956
0.10323
-0.64723
-1.3407
-0.08151
1.4213
1.1086
-0.24847
-0.80653
-0.97572
0.40268
1.573
0.92422
-0.43406
-0.82343
-0.46074
0.53437
1.2382
0.53963
-0.47835
-0.69634
-0.60407
-0.9909
-1.0634
-0.73348
-0.2364
0.043618
-0.1719
-0.6542
-1.1664
-1.2693
-0.96644
-0.59938
0.83406
0.64962
-0.19665
-1.0469
-1.3953
-1.1685
1.1592
1.4816
1.0962
0.23157
-0.49536
-0.73664
0.37754
0.87671
1.2478
1.2547
0.8754
0.305
-0.44994
-0.1947
0.43792
0.98598
1.0774
0.68938
-1.1495
-1.443
-1.2259
-0.70707
-0.14409
0.079371
-1.0129
-0.90349
-0.20386
0.63855
1.0982
0.89641
0.02118
0.7095
1.3017
1.4738
1.2385
0.69264
0.81997
1.224
0.94507
0.32346
-0.19831
-0.41083
0.74042
0.50419
-0.31964
-0.95762
-1.0721
-0.81299
0.28186
-0.079324
-0.63856
-0.88399
-0.71951
-0.44285
0.42747
0.45079
-0.051336
-0.73067
-0.87763
-0.4816
0.74669
0.87297
0.23387
-0.6456
-0.88079
-0.53565
0.69299
1.0429
0.61016
-0.30015
-0.76388
-0.60911
0.45648
1.0595
0.92957
-0.12462
-1.0322
-1.0152
0.38783
1.1754
1.2656
0.06103
-1.3095
-1.429
0.29998
1.0352
1.1908
0.21816
-1.0768
-1.3039
-0.058792
0.015184
0.12861
0.035301
-0.25032
-0.3466
-0.21055
-0.39881
-0.31755
-0.22599
-0.33516
-0.28664
-0.32103
-0.84989
-1.0297
-0.84212
-0.60975
-0.29705
0.39118
-0.11743
-0.85776
-1.172
-1.062
-0.66008
1.5363
1.6091
0.8237
-0.094386
-0.59156
-0.53724
1.6002
2.0111
1.7029
0.99673
0.24644
-0.091528
-0.23915
0.3672
1.1683
1.3519
0.95342
0.44169
-0.70946
-0.37838
0.69027
1.5551
1.6685
1.1397
-0.93525
-1.1594
-0.5862
0.48783
1.2304
1.2019
-0.55745
-0.96905
-1.0625
-0.74543
-0.16905
0.22843
0.029577
-0.3024
-0.68986
-0.97519
-1.0277
-0.70658
0.27134
0.098382
-0.23086
-0.58381
-0.83394
-0.70021
-0.40427
-0.32703
0.078847
0.45484
0.49121
0.25939
-0.55075
-0.51352
-0.14211
0.13264
0.0064852
-0.2138
-0.6568
-0.85722
-0.86124
-0.88276
-1.0333
-0.88609
-0.70328
-1.0273
-1.0945
-1.006
-0.74328
-0.38551
-0.22111
-0.24025
0.16228
0.78746
1.3396
1.2646
0.29568
0.61932
1.1512
1.6457
1.9038
1.5896
-0.26744
-0.50178
-0.67616
-0.73217
-0.737
-0.58953
0.060956
-0.26094
-0.58388
-0.71725
-0.67621
-0.51368
0.86761
0.97714
0.83259
0.6644
0.52126
0.29892
0.86247
1.3601
1.5584
1.5698
1.3894
0.91345
-0.4151
-0.27861
0.030983
0.2299
0.25004
0.17184
-1.0412
-1.2954
-1.2945
-1.1765
-0.97483
-0.64086
0.051369
-0.55771
-1.3373
-1.0322
0.29298
0.93179
-0.06434
-0.85748
-1.3891
-0.3856
1.2039
1.5041
-0.50357
-1.1589
-0.90662
0.55517
1.489
1.1389
-1.0004
-1.2021
-0.13373
1.1078
0.98572
0.1979
-1.1495
-0.80818
0.64713
1.3466
0.48314
-0.37438
-0.82442
-0.24072
0.92766
1.1553
0.25465
-0.37232
-0.92642
-1.1351
-1.165
-1.3208
-1.5226
-1.3018
-0.79912
-0.83517
-0.60138
-0.61788
-0.89033
-0.86292
-0.32821
-0.096066
0.39256
0.6945
0.6369
0.35442
-0.080924
0.06939
0.37624
0.82252
1.2067
1.0241
0.10799
0.15802
0.22072
0.62488
1.1735
1.154
0.22645
0.28735
0.33544
0.62909
0.97944
0.9079
1.3463
0.6135
-0.70925
-1.0194
-0.43949
0.084755
1.8185
0.86682
-0.83204
-1.1231
-0.41241
0.11422
1.8664
0.90438
-0.78716
-0.96315
-0.33316
0.033856
1.622
0.75516
-0.73839
-0.95133
-0.50469
-0.19318
1.3759
0.65458
-0.64223
-0.98503
-0.76846
-0.46085
1.0316
0.56641
-0.37045
-0.72115
-0.68902
-0.45734
0.67758
0.68829
0.1263
-0.59883
-0.74393
-0.27327
1.0485
0.77867
-0.26826
-1.0067
-0.68961
0.089542
0.9458
0.27278
-0.84551
-1.0249
-0.11962
0.64579
0.18804
-0.69811
-1.2535
-0.56049
0.75167
1.0907
-0.6382
-1.3715
-1.1216
0.3056
1.5032
1.2721
-0.93604
-1.2217
-0.48543
0.83944
1.4572
0.9555
0.78531
0.89166
0.42601
-0.28543
-0.74188
-0.69032
0.26158
0.033691
-0.60439
-1.1805
-1.2509
-0.77317
-0.71228
-1.1572
-1.3138
-1.0454
-0.40043
0.13509
-0.93973
-0.93769
-0.21865
0.66509
1.1926
1.015
-0.35262
0.24502
1.1559
1.5091
1.2213
0.59834
0.076705
0.6496
0.99198
0.6764
0.073715
-0.29902
-0.72872
0.036523
0.84934
0.67588
0.058098
-0.21261
-1.0763
-0.15504
1.0569
0.92278
0.045647
-0.33337
-1.2392
-0.49752
0.88213
1.0206
0.20143
-0.26088
-1.2634
-0.95809
0.43812
1.1044
0.666
0.11488
-1.3231
-1.4218
-0.23321
0.96571
1.1268
0.61141
-1.1488
-1.4085
-0.65723
0.5057
1.0216
0.69368
0.0097991
0.0095252
0.0050318
-0.0021765
-0.0091428
-0.0072386
0.014106
0.0073683
-0.00037098
-0.0033299
-0.010581
-0.0046726
0.0087058
0.0031366
-0.0030601
-0.0053907
-0.0093261
-0.0033609
0.0044921
0.0058658
-0.0020621
-0.0075238
-0.0074777
-0.0058606
0.0040448
0.0075693
0.0044055
-0.0037787
-0.0043099
-0.0078763
0.0021865
0.0055751
0.0044561
0.0009686
-0.0040891
-0.0032674
0.10094
0.047921
0.02566
0.28404
0.63714
0.6456
1.0658
1.2341
1.0684
1.0333
1.0361
0.7969
1.4061
1.5781
1.2055
0.72368
0.30958
0.023763
0.25077
0.10205
-0.18419
-0.51045
-0.81926
-0.79564
-1.0189
-1.3212
-1.1691
-0.98593
-1.0176
-0.89866
-1.1165
-1.3171
-0.97366
-0.61334
-0.54949
-0.50367
-5.1
-4.927
-5.2767
-5.0762
-5.0989
-5.3004
-5.2832
-5.1663
-5.1679
-5.2756
-5.1901
-5.2185
-5.4025
-5.0329
-5.1938
-4.9822
-5.007
-5.3748
-5.311
-5.114
-5.131
-5.0999
-5.2702
-4.5706
-5.2875
0.013499
0.009318
0.0051701
0.0031247
0.0018004
-5.2359e-05
0.012308
0.0075307
0.004579
0.00177
-0.0028617
-0.0056858
0.0084153
0.0020794
0.00013386
-0.00035622
-0.00503
-0.00808
0.0025962
-0.004365
-0.0032591
-0.001633
-0.0043927
-0.0044319
0.0023446
-0.0044573
-0.0059856
-0.0067007
-0.0080354
-0.0043337
0.0072159
0.0024003
0.00042011
-0.0042378
-0.0069461
-0.0043856
