-0.20357
0.0028524
0.11839
-0.23563
-0.0080966
-0.32406
-0.12327
-0.23237
0.01519
0.086225
-0.040891
0.022004
-0.0015566
-0.26573
0.001748
-0.36139
0.0041191
-0.29511
0.00067608
-0.0025162
-0.049851
0.013898
-0.036811
-0.32228
0.016564
-0.25772
-0.0014076
-0.018281
-0.033234
-0.094046
-0.015498
0.10297
-0.10797
-0.26259
-0.34358
0.037924
-0.16695
0.31867
-0.032793
-0.14274
-0.1137
0.23943
-0.12279
-0.048433
-0.67219
0.16124
-0.18793
0.23449
-0.041332
-0.056317
-0.38216
0.30588
-0.109
0.088161
-0.54184
0.37453
-0.099898
0.1314
-0.24526
-0.14697
-0.4721
0.30725
-0.06488
0.12936
-0.13065
0.52853
-0.048693
0.20948
-0.43202
-0.10879
-0.37332
0.21542
0.044707
-0.020372
0.13711
0.6261
-0.10213
0.16198
-0.41059
-0.013703
-0.15812
-0.0010663
0.15156
-0.3217
0.12891
0.46093
-0.14799
0.0087575
-0.25649
-0.042942
0.0019107
-0.12166
0.0044569
-0.35261
0.099696
0.069283
-0.13312
0.01299
-0.055227
-0.14073
-0.05594
-0.16331
-0.23123
-0.31828
0.087801
-0.022057
-0.074435
0.061128
-0.01449
-0.097727
0.053456
-0.32534
-0.33131
-0.1314
0.02702
0.12803
-0.14049
-0.095306
0.0080357
0.037845
0.062489
-0.35551
-0.32773
0.054065
0.062079
-0.028816
-0.13443
-0.16916
0.1951
0.14241
0.18153
-0.12821
-0.34703
0.14368
0.0024274
-0.218
0.087573
-0.14726
0.35205
0.1287
0.26376
-0.14138
-0.29851
0.20942
-0.11434
-0.21098
0.36654
-0.22802
0.25757
-0.03544
0.20786
-0.2419
-0.20796
-0.0066518
-0.3137
-0.16937
0.57903
-0.1314
0.042624
-0.055048
0.13701
-0.21338
0.046173
-0.21183
-0.22253
-0.080898
0.5685
-0.012827
-0.1041
0.0092655
0.070356
-0.11068
0.13386
-0.13796
-0.010035
-0.042894
0.30785
-0.012125
-0.054273
0.049665
-0.19254
-0.050381
0.13188
-0.20381
0.048794
-0.43543
-0.13932
-0.19797
-0.073407
0.14598
-0.1967
0.12621
-0.030043
-0.24108
-0.040601
-0.50943
-0.048001
-0.29052
-0.063223
0.11246
-0.124
0.15945
-0.039636
-0.24715
-0.15763
-0.47667
-0.042986
-0.096085
-0.041618
-0.061605
-0.12782
0.35374
-0.082412
-0.23097
-0.40999
-0.2364
-0.10231
0.17734
-0.040906
-0.19824
-0.3101
0.48249
-0.16978
0.032191
-0.5996
0.093358
-0.14805
0.22976
-0.094378
-0.16807
-0.52549
0.38018
-0.29467
0.14416
-0.43537
0.38444
-0.080479
0.20051
-0.26451
-0.24399
-0.60102
0.35384
-0.20787
0.10253
-0.2174
0.73058
-0.06358
0.21543
-0.42628
-0.21212
-0.57227
0.22525
-0.0077478
-0.069085
-0.070206
0.95236
0.018016
0.19228
-0.38754
-0.075206
-0.2642
0.021401
0.18648
-0.21655
0.031633
0.89282
0.0073121
0.12359
-0.17382
0.023423
0.05922
-0.099057
0.1628
-0.34382
0.065258
0.53866
-0.12258
0.095628
-0.030249
-0.029093
0.094465
-0.15494
-0.067502
-0.33123
0.034278
0.31435
-0.17019
-0.07947
-0.13301
0.033826
0.11674
-0.29832
-0.25026
0.0072367
0.0056236
0.27498
-0.2563
-0.2491
-0.13954
0.1426
0.1243
-0.3033
-0.41313
0.21121
0.0080842
0.14154
-0.15016
-0.21554
0.045871
0.10567
0.17382
-0.20278
-0.56474
0.18955
-0.16306
-0.20706
0.2647
-0.17509
0.23144
0.012134
0.2148
-0.16225
-0.44085
0.27515
-0.27595
-0.32652
0.62276
-0.29083
0.18572
7.2006e-05
0.20225
-0.17463
-0.1792
0.14623
-0.24907
-0.22242
0.78668
-0.25276
-0.027538
-0.037817
0.11053
-0.19769
0.072676
-0.13735
-0.10281
-0.073522
0.69278
-0.0054047
-0.25268
-0.010187
0.0095213
-0.17525
0.12451
-0.20372
0.0074305
0.066646
0.3068
-0.093816
-0.2332
0.025174
-0.13957
-0.019959
0.14088
-0.2748
0.093368
-0.35893
-0.041296
-0.26711
-0.19839
0.022006
-0.13678
0.25487
-0.0030388
-0.20203
-0.029987
-0.58155
-0.071518
-0.20139
-0.068341
0.18984
-0.073194
0.32345
-0.016369
-0.16385
-0.22277
-0.58759
-0.12559
-0.027095
0.06656
-0.013072
-0.15909
0.43308
0.049804
-0.2022
-0.36733
-0.39384
-0.13244
0.1406
0.0020808
-0.25306
-0.36241
0.54429
-0.018251
-0.012198
-0.43786
0.018279
-0.15188
0.25261
-0.15843
-0.44939
-0.52321
0.47068
-0.17341
0.19083
-0.27699
0.28753
-0.12369
0.33414
-0.24682
-0.4645
-0.5117
0.48481
-0.029947
0.15067
-0.11004
0.70127
-0.1833
0.25885
-0.31292
-0.29502
-0.47752
0.31946
0.095842
-0.15577
0.033375
1.0892
-0.10717
0.14469
-0.22237
-0.018996
-0.017969
-0.093728
0.13515
-0.30883
0.042301
1.044
-0.092593
0.1505
-0.074757
0.16804
0.36684
-0.2332
0.089348
-0.42741
0.014887
0.68895
-0.2548
0.074493
-0.070534
0.074984
0.356
-0.23581
-0.20757
-0.44456
-0.052654
0.37769
-0.3249
-0.12637
-0.018411
0.054708
0.17428
-0.23785
-0.3763
0.10003
0.047692
0.21953
-0.33985
-0.33019
0.032584
0.18701
0.11373
-0.14171
-0.54164
0.4927
0.018082
0.059716
-0.057562
-0.30718
0.095304
0.14605
0.053151
-0.20672
-0.68323
0.53107
-0.20423
-0.22972
0.32159
-0.19
0.22225
0.02415
0.017143
-0.21613
-0.4625
0.59256
-0.32786
-0.3446
0.7051
-0.16441
0.18936
0.058409
0.034349
-0.2404
-0.11938
0.44167
-0.27149
-0.23338
0.94052
-0.14565
-0.18715
0.0077471
-0.142
-0.24649
-0.11587
-0.0046854
-0.094106
-0.1032
0.75383
-0.03584
-0.47906
-0.11151
-0.21109
-0.193
0.10054
-0.072331
0.017454
-0.13143
0.32661
-0.08932
-0.53164
-0.079065
-0.042355
-0.061251
0.069866
-0.27587
-0.0085999
-0.30265
-0.077785
-0.26759
-0.1434
0.17042
0.061332
0.22445
0.069947
-0.20224
-0.15053
-0.59888
-0.09873
-0.24608
-0.00017703
0.32544
0.095486
0.43707
0.10507
-0.19626
-0.27457
-0.57629
-0.14606
-0.017981
0.024368
0.10667
-0.12563
0.50224
0.0017166
-0.21527
-0.33755
-0.36119
-0.14388
0.12913
-0.1224
-0.30838
-0.39543
0.45294
-0.01125
-0.1004
-0.35019
-0.052265
-0.10262
0.25853
-0.20466
-0.56042
-0.49994
0.38341
0.082422
0.14278
-0.16568
0.21516
-0.12961
0.60289
-0.10657
-0.49911
-0.459
0.45843
0.21954
0.16634
0.12177
0.47918
-0.26888
0.68899
-0.13355
-0.24984
-0.32146
0.28703
0.12322
-0.23614
0.31512
0.75069
-0.20983
0.36936
-0.071277
0.0051705
0.12405
-0.080109
0.12706
-0.5336
0.20563
0.8922
-0.26076
0.18705
-0.00036155
0.14451
0.39634
-0.29116
-0.02711
-0.59802
0.046152
0.74292
-0.33361
0.053357
0.0027834
0.028397
0.351
-0.37835
-0.38386
-0.39517
0.067112
0.44794
-0.3118
-0.075555
0.094968
-0.048308
0.2806
-0.3403
-0.58892
0.24336
0.22908
0.15854
-0.29007
-0.15984
0.29181
0.13814
0.2537
-0.27468
-0.66719
0.66751
0.20114
-0.11494
-0.1542
-0.23204
0.29801
0.18442
0.031924
-0.34228
-0.66364
0.79107
0.010842
-0.16069
0.17697
-0.17363
0.36175
-0.023441
-0.055315
-0.28719
-0.40229
0.7756
-0.047044
-0.15585
0.61223
0.0096481
0.10891
-0.065426
0.012192
-0.1853
-0.1788
0.45758
-0.13519
-0.15403
0.8902
0.034333
-0.3513
-0.030758
-0.13162
-0.13617
-0.24228
0.090568
-0.13136
-0.12605
0.86623
-0.075128
-0.45968
-0.15176
-0.15175
-0.14849
-0.050111
0.083056
-0.01437
-0.23405
0.43624
-0.08801
-0.44124
-0.18766
-0.011169
-0.083165
0.0099949
-0.14377
-0.20962
-0.24549
-0.114
-0.20737
0.010069
0.21462
0.19687
0.26274
0.10194
-0.18761
-0.31175
-0.49226
-0.1579
-0.35306
0.026722
0.33008
0.12663
0.5512
0.17978
-0.2347
-0.43471
-0.47463
-0.12774
-0.11285
-0.15138
-0.011314
-0.18568
0.53798
-0.0082145
-0.21598
-0.50357
-0.29501
-0.15381
0.064471
-0.3873
-0.32009
-0.50497
0.37901
-0.041176
-0.1542
-0.46366
-0.22087
-0.072577
0.27785
-0.24027
-0.36377
-0.50546
0.31387
0.15831
0.06382
-0.22635
-0.07415
-0.12443
0.70802
0.095084
-0.25872
-0.41825
0.30825
0.17958
0.066195
0.14532
0.21806
-0.17539
0.92632
0.11435
-0.18132
-0.21887
0.13716
0.0039661
-0.39121
0.30875
0.34399
-0.15227
0.51378
0.13552
0.012967
0.20712
-0.078938
0.022482
-0.64319
0.19945
0.56123
-0.27586
0.22981
0.093804
0.048904
0.35586
-0.30234
-0.14468
-0.55334
0.065391
0.66639
-0.23659
0.042353
0.029902
0.0037506
0.26607
-0.44879
-0.47491
-0.18849
0.18631
0.5767
-0.15721
-0.054123
0.12257
0.037885
0.35629
-0.48319
-0.71827
0.43241
0.28238
0.22115
-0.23434
-0.12792
0.2856
0.1132
0.33524
-0.46178
-0.82694
0.69921
0.1892
-0.14591
-0.264
-0.17756
0.29769
0.10232
0.11005
-0.4601
-0.68922
0.82565
0.054694
-0.10987
0.012246
-0.091721
0.26108
-0.10534
0.092866
-0.34732
-0.20019
0.71388
0.119
-0.040315
0.5161
0.1011
0.020196
-0.17591
0.20935
-0.16479
0.12103
0.36074
0.076251
-0.12071
0.88519
0.13793
-0.32616
-0.12875
-0.0096681
-0.09699
0.0019039
0.088059
0.04062
-0.1217
0.89526
-0.059209
-0.35853
-0.11203
-0.044596
-0.15174
0.0018784
0.041221
0.088798
-0.15463
0.58204
-0.10576
-0.31868
-0.18213
0.11359
-0.023439
0.021018
-0.25781
-0.24026
-0.34758
-0.043618
-0.27316
0.071685
0.079072
0.26561
0.31959
0.080818
-0.26456
-0.40135
-0.41964
-0.12297
-0.49624
0.080868
0.077462
0.16262
0.56172
0.18423
-0.23772
-0.61838
-0.42079
-0.17429
-0.28572
-0.15086
-0.12113
-0.1409
0.58121
0.07918
-0.19855
-0.64817
-0.31786
-0.16176
0.073966
-0.44245
-0.25093
-0.44424
0.44524
-0.0057399
-0.066499
-0.4957
-0.36853
-0.10629
0.44892
-0.26976
-0.30904
-0.47276
0.2893
0.16829
0.081812
-0.16218
-0.3512
-0.11027
0.79632
0.050505
-0.2826
-0.36375
0.16295
0.13881
0.013093
0.23855
0.041264
-0.067243
0.96903
0.22459
-0.13825
-0.16105
-0.027057
0.033278
-0.40573
0.37668
0.36579
-0.041147
0.67963
0.20893
0.036386
0.22485
-0.15249
0.028115
-0.68242
0.2205
0.51502
-0.12333
0.3161
0.035845
-0.029865
0.39146
-0.36089
-0.24398
-0.6075
0.21846
0.48502
-0.089316
0.097879
0.081288
-0.057874
0.3471
-0.52983
-0.53008
-0.27878
0.2594
0.4282
-0.167
-0.061173
0.23052
0.082897
0.37947
-0.534
-0.67306
0.37972
0.27955
0.29273
-0.27428
-0.19459
0.21628
0.084401
0.26297
-0.45702
-0.87436
0.86462
0.080758
-0.028001
-0.22512
-0.13903
0.019626
-0.014398
0.12708
-0.42069
-0.58994
0.90215
-0.13251
-0.15827
0.043984
-0.027903
-0.04506
-0.0059682
0.1578
-0.42696
0.11341
0.72176
-0.026755
-0.1383
0.4048
0.090984
-0.11003
-0.037208
0.20132
-0.35633
0.44832
0.31026
0.12489
-0.14394
0.71613
0.07108
-0.25516
-0.05876
0.061974
-0.18723
0.3081
0.16444
0.22726
-0.11098
0.85838
-0.10115
-0.29658
-0.044789
-0.041954
-0.051732
0.24644
-0.029043
0.22463
-0.049328
0.5052
-0.076394
-0.3375
-0.10172
0.053434
-0.090329
0.018637
-0.26338
-0.33064
-0.29839
-0.047543
-0.34843
0.11507
-0.019083
0.16635
0.22113
-0.09516
-0.26652
-0.62126
-0.36334
-0.087675
-0.61455
0.2206
-0.13058
0.12466
0.55614
0.011822
-0.21176
-0.75223
-0.36927
-0.13712
-0.56028
-0.019496
-0.21879
-0.025765
0.73113
0.038467
-0.206
-0.63855
-0.44395
-0.15339
-0.12668
-0.27664
-0.31633
-0.24171
0.59311
-0.0027449
-0.016146
-0.40316
-0.54831
-0.19091
0.32618
-0.13303
-0.45262
-0.32118
0.44294
-0.02685
0.19678
0.0086998
-0.50696
-0.15861
0.71383
0.036995
-0.49238
-0.31219
0.22892
0.033064
0.083131
0.30163
-0.1668
-0.06977
1.0179
0.2674
-0.21384
-0.20049
-0.04447
0.10775
-0.38132
0.15883
0.2678
-0.051562
0.81457
0.34314
0.024007
0.055931
-0.15812
-0.047329
-0.76925
-0.015162
0.45907
-0.026055
0.37588
0.21871
-0.11656
0.40678
-0.29852
-0.45238
-0.66741
-0.025711
0.29816
0.014823
0.13555
0.18811
-0.14213
0.51751
-0.48627
-0.68929
-0.30159
-0.010171
0.17858
-0.1261
0.050151
0.31847
-0.021979
0.41738
-0.47691
-0.68437
0.35713
-0.032925
0.17658
-0.31122
-0.052925
0.22852
0.026376
0.13751
-0.37138
-0.68739
0.84937
-0.17945
0.022897
-0.34059
-0.14337
-0.076986
0.041347
-0.021313
-0.33675
-0.24603
0.84752
-0.29465
-0.16369
-0.062829
-0.1264
-0.19033
0.12226
0.032188
-0.29741
0.37938
0.59271
-0.17124
-0.12802
0.30924
-0.030517
-0.10978
0.044731
0.16381
-0.28991
0.4363
0.21569
0.073037
-0.12098
0.67386
-0.047402
-0.11598
-0.10491
0.15834
-0.17205
0.27984
0.098391
0.17785
-0.11535
0.88684
-0.16589
-0.18527
-0.082457
-0.039896
0.012917
0.29563
-0.051686
0.042909
0.022791
0.66688
-0.069394
-0.28362
-0.11365
-0.09748
-0.079673
0.0086108
-0.2684
-0.41655
-0.067893
-0.059682
-0.18864
0.16162
-0.063212
-0.095873
0.18947
-0.091881
-0.17585
-0.817
-0.12004
-0.18027
-0.43134
0.22653
-0.12974
-0.076419
0.59873
-0.059553
-0.11046
-0.83403
-0.14416
-0.24719
-0.51422
-0.03823
-0.23059
-0.13703
0.83375
0.033605
-0.074983
-0.45848
-0.25413
-0.18685
-0.2175
-0.1727
-0.34816
-0.22626
0.76041
0.056087
0.13458
0.11199
-0.36123
-0.072816
0.1093
-0.016337
-0.40529
-0.28977
0.66951
-0.034029
0.30746
0.41876
-0.36865
-0.03473
0.54853
0.11237
-0.37903
-0.34703
0.43074
-0.10763
0.098561
0.27034
-0.24962
-0.0011345
0.93536
0.33661
-0.12433
-0.23679
-0.024674
-0.15427
-0.32707
0.10858
0.118
0.0048747
0.81624
0.373
0.1552
0.11559
-0.22225
-0.18902
-0.73835
0.01448
0.23798
0.047658
0.37565
0.29589
0.11891
0.50619
-0.30778
-0.48916
-0.59558
-0.066013
0.088044
0.00016894
0.1636
0.16558
-0.055472
0.64732
-0.3647
-0.62358
-0.20646
-0.12775
0.042138
-0.15512
0.11573
0.06409
-0.11504
0.41644
-0.41828
-0.61229
0.35216
-0.219
0.17881
-0.38262
-0.09131
-0.098518
0.024148
-0.037263
-0.40299
-0.42759
0.72393
-0.20073
0.19181
-0.51757
-0.22239
-0.27255
-0.0035516
-0.19995
-0.25999
0.06027
0.7402
-0.20271
0.029941
-0.23565
-0.19196
-0.26415
-0.003163
-0.18459
-0.20596
0.41547
0.53967
-0.18501
0.016582
0.3042
-0.014266
-0.19347
-0.034708
-0.042132
-0.26168
0.41472
0.077729
-0.0052857
-0.077291
0.83237
-0.01921
-0.23311
-0.011383
0.084507
-0.15797
0.28873
-0.18477
0.092457
-0.16084
0.95308
-0.11456
-0.32589
-0.031502
-0.097903
-0.085295
0.14762
-0.24307
-0.072308
0.00087527
0.6589
-0.093437
-0.31234
-0.044285
-0.15536
-0.1411
0.08519
-0.44276
-0.52179
0.020652
-0.095439
-0.1281
0.25606
-0.054864
0.026772
0.08173
0.03937
-0.20213
-0.97573
0.08987
-0.33302
-0.42983
0.32597
-0.041025
0.0060583
0.57517
0.01355
0.034769
-0.84594
0.057821
-0.3219
-0.51297
0.29564
-0.24777
-0.19768
0.84515
0.016781
0.05991
-0.10025
-0.048634
-0.17161
-0.30821
0.018927
-0.35728
-0.41917
0.85853
0.010227
0.13705
0.58016
-0.22183
-0.004399
0.032764
-0.084123
-0.29294
-0.47582
0.67852
-0.069724
0.12863
0.67164
-0.36917
0.050283
0.39767
-0.01459
-0.25854
-0.48428
0.38654
-0.32656
0.04039
0.31162
-0.34683
0.10685
0.80844
0.19346
0.052517
-0.28826
-0.056859
-0.3784
-0.34943
0.13964
-0.075606
0.17307
0.7641
0.23397
0.32801
0.22148
-0.19426
-0.21869
-0.63441
0.15215
0.019766
0.25194
0.50231
0.1702
0.26319
0.60215
-0.31018
-0.36127
-0.44322
0.034697
-0.069297
0.07374
0.29792
0.027782
0.091368
0.53245
-0.45588
-0.5177
-0.17031
-0.083357
-0.012874
-0.17205
0.13803
-0.19282
-0.1349
0.29173
-0.49899
-0.41639
0.36886
-0.18949
0.15864
-0.40922
-0.082777
-0.46319
-0.099927
-0.0023985
-0.39839
-0.14882
0.67571
-0.10161
0.34569
-0.54319
-0.21457
-0.56386
0.01193
-0.21059
-0.24592
0.26645
0.67615
-0.085478
0.29448
-0.29613
-0.25981
-0.52464
0.03705
-0.26021
-0.20068
0.40418
0.52133
-0.13015
0.22953
0.10496
-0.25934
-0.43217
0.040292
-0.1573
-0.2969
0.40169
0.12166
-0.00013062
0.129
0.5932
-0.21702
-0.38671
0.11702
-0.0031427
-0.20652
0.30698
-0.11222
0.053211
-0.01213
0.77141
-0.30489
-0.35336
0.14343
-0.18803
-0.13775
0.096223
-0.2122
-0.07232
-0.044673
0.49126
-0.21078
-0.2163
-0.034607
-0.068168
-0.17461
0.0053953
-0.41328
-0.6094
-0.15633
-0.11526
-0.28711
0.16369
-0.16561
0.20786
-0.087957
-0.067886
-0.16785
-1.0004
0.051102
-0.1992
-0.56597
0.3688
-0.23062
0.055871
0.30584
-0.034689
0.075382
-0.59241
0.19927
-0.16462
-0.66297
0.35062
-0.29918
-0.30727
0.64519
-0.047704
0.14855
0.20587
0.088602
-0.15769
-0.49751
0.047876
-0.42454
-0.51481
0.71271
-0.065532
0.099878
0.74594
-0.16382
-0.086675
-0.25972
-0.18747
-0.41081
-0.60665
0.57202
-0.14614
-0.027722
0.75516
-0.46133
0.010207
0.11277
-0.088221
-0.25331
-0.57884
0.29312
-0.38268
-0.13886
0.40762
-0.44736
0.073178
0.50715
0.10763
0.16955
-0.38627
-0.0039953
-0.36242
-0.47075
0.17524
-0.2171
0.19333
0.6432
0.1358
0.38199
0.33282
-0.082342
-0.15902
-0.62614
-0.029032
-0.10501
0.28029
0.5408
0.14432
0.30356
0.65158
-0.20821
-0.3253
-0.46716
-0.091304
-0.018449
0.0645
0.34746
0.0067967
0.13494
0.3463
-0.51219
-0.3756
-0.20318
-0.11183
0.062809
-0.2654
0.14785
-0.31638
-0.044777
0.18606
-0.47636
-0.21047
0.39582
-0.16009
0.14784
-0.42072
0.051968
-0.54914
-0.024797
0.0092641
-0.31736
-0.076528
0.72168
-0.13337
0.32374
-0.51168
-0.058661
-0.6172
0.021014
-0.13275
-0.24884
0.25139
0.51941
-0.14385
0.36418
-0.31749
-0.25262
-0.64361
0.066437
-0.17996
-0.15909
0.37045
0.31718
-0.19842
0.39703
-0.048676
-0.34521
-0.48364
-0.055015
-0.17307
-0.1429
0.39429
0.019629
-0.15071
0.41907
0.24897
-0.29514
-0.21915
-0.17274
-0.0090081
-0.12251
0.26932
-0.094535
-0.087744
0.26268
0.59204
-0.36805
-0.026988
-0.039168
-0.16814
-0.1259
0.12032
-0.15343
-0.017508
0.078472
0.54613
-0.35443
0.051845
-0.05286
-0.043305
-0.21422
-0.034884
-0.2615
-0.71499
-0.20722
-0.14631
-0.23526
0.13522
-0.33026
0.095226
-0.06696
-0.20817
-0.098692
-0.77995
-0.0756
-0.090527
-0.44846
0.30844
-0.46311
-0.00058425
0.16175
-0.1617
-0.040044
-0.19748
0.11255
-0.05605
-0.5719
0.24625
-0.54452
-0.29623
0.38728
-0.0070482
0.10191
0.47496
0.094451
-0.2011
-0.53913
0.020756
-0.59428
-0.51009
0.50993
-0.040557
0.030979
0.89838
-0.16502
-0.11203
-0.55399
-0.14856
-0.50139
-0.69987
0.48911
-0.19348
-0.12503
0.82881
-0.37656
-0.022026
-0.29386
0.02108
-0.080141
-0.64706
0.31583
-0.31356
-0.33793
0.42464
-0.42742
0.063738
0.062667
0.060807
0.38665
-0.41099
0.090519
-0.39326
-0.60108
0.18998
-0.33349
0.0096972
0.40201
0.047924
0.42168
0.22388
0.044284
-0.34262
-0.65471
-0.026318
-0.15509
0.051226
0.43684
0.0074487
0.21777
0.60851
-0.13081
-0.40081
-0.50635
-0.14472
0.026111
-0.10224
0.33291
-0.16263
0.018715
0.4521
-0.41503
-0.25384
-0.28491
-0.13707
0.16016
-0.41916
0.25251
-0.49994
-0.12472
0.33871
-0.4588
-0.034651
0.18423
-0.20992
0.1251
-0.51227
0.10938
-0.63114
-0.035798
0.13123
-0.37358
0.1177
0.45859
-0.15457
0.24796
-0.60636
-0.012291
-0.56916
-0.0034308
-0.042372
-0.34226
0.34467
0.27055
-0.10629
0.37949
-0.43842
-0.19761
-0.46991
0.051711
-0.072793
-0.2794
0.45734
0.14481
-0.1567
0.48413
-0.15651
-0.27165
-0.25642
-0.029715
-0.16732
-0.070361
0.39249
-0.11789
-0.16814
0.45924
0.090269
-0.25023
0.070833
-0.22177
-0.094858
-0.0088267
0.20999
-0.274
-0.12736
0.30009
0.3469
-0.22396
0.29035
-0.020533
-0.091688
0.0015194
0.08847
-0.1535
-0.049926
0.12424
0.37994
-0.26377
0.28162
0.0042124
-0.19766
-0.26598
0.064322
-0.17589
-0.64842
-0.0031065
-0.021977
-0.019854
0.17834
-0.44415
-0.14079
-0.10005
-0.076715
-0.056639
-0.56746
-0.068602
-0.021837
-0.10634
0.23988
-0.65979
-0.026203
0.047137
-0.17989
-0.016827
0.067608
-0.088121
-0.043331
-0.3178
0.18694
-0.84063
-0.12721
0.19755
-0.036313
0.0088008
0.67868
-0.17656
-0.17361
-0.40372
0.04682
-0.82046
-0.49984
0.27879
-0.11263
-0.067064
1.0881
-0.25374
-0.16343
-0.51832
-0.0036801
-0.44213
-0.78516
0.38074
-0.30803
-0.18943
0.92086
-0.26508
-0.19976
-0.41937
0.11996
0.16532
-0.65533
0.27658
-0.41609
-0.36625
0.38947
-0.35131
-0.078398
-0.18254
0.12805
0.60385
-0.2812
0.068729
-0.3834
-0.5822
0.20959
-0.22475
-0.018337
0.12318
0.0022666
0.58974
0.17675
0.12769
-0.33241
-0.57917
0.11349
-0.11465
0.075416
0.34369
-0.21541
0.3876
0.59168
0.04458
-0.33897
-0.43377
0.043282
-0.055321
-0.065908
0.36901
-0.50526
0.099148
0.63773
-0.23395
-0.067534
-0.20714
0.0091148
-0.044363
-0.36052
0.24373
-0.74114
-0.10111
0.46364
-0.3114
0.18878
0.052798
-0.15009
-0.069433
-0.4995
0.10205
-0.8706
-0.0025707
0.20072
-0.35396
0.4921
0.2052
-0.14974
-0.005405
-0.64046
0.09706
-0.67122
0.061316
0.098597
-0.34478
0.63441
0.17263
-0.11829
0.22938
-0.45898
-0.020577
-0.22297
0.043629
-0.016072
-0.33228
0.68144
0.09396
-0.19932
0.39917
-0.22481
-0.22718
0.10769
-0.023528
-0.18804
-0.12084
0.45847
-0.12415
-0.24824
0.45017
-0.033793
-0.32001
0.3362
-0.061736
-0.027243
-0.024172
0.24946
-0.2739
-0.27435
0.39284
0.18933
-0.27684
0.52048
0.14468
0.011556
-0.044968
0.098685
-0.20882
-0.12088
0.1849
0.19035
-0.24326
0.39389
0.067587
-0.20467
-0.043682
-0.031795
-0.025617
-0.36746
0.044965
0.02758
0.027166
-0.009099
-0.47291
-0.17243
-0.075332
-0.13977
0.054344
-0.30321
-0.080424
0.067817
0.011707
0.093563
-0.81303
0.05833
-0.13728
-0.2422
0.046661
0.18391
-0.16816
0.012948
-0.16058
0.21196
-0.95066
0.095226
-0.066003
-0.22341
0.026383
0.71149
-0.25034
-0.15458
-0.37504
0.13296
-0.72699
-0.2867
0.098608
-0.27704
-0.126
0.90637
-0.2797
-0.28014
-0.51315
0.077178
-0.2328
-0.6883
0.28961
-0.33945
-0.25438
0.61013
-0.25238
-0.3787
-0.42897
0.23603
0.33127
-0.58213
0.27799
-0.31509
-0.36954
0.17498
-0.27293
-0.15462
-0.18834
0.28028
0.70318
-0.20793
0.13763
-0.22731
-0.44705
-0.0079201
-0.1086
0.018852
-0.0098217
0.11921
0.66957
0.22632
0.24259
-0.19485
-0.39074
-0.014821
-0.068688
0.14101
0.12881
-0.26201
0.61937
0.6641
0.1344
-0.16644
-0.17658
0.020882
-0.2183
0.0094027
0.19018
-0.62274
0.26318
0.7076
-0.088417
0.11291
0.044261
0.075266
-0.29729
-0.18492
0.10012
-0.86824
-0.053776
0.45475
-0.16127
0.38017
0.071188
0.083155
-0.27172
-0.41141
0.073989
-0.96385
0.1216
0.091187
-0.25174
0.65224
0.15496
0.047684
-0.19746
-0.57249
0.13746
-0.60798
0.11216
-0.054477
-0.27205
0.72973
0.28215
-0.0187
0.0029059
-0.36957
0.052601
0.046832
0.070934
-0.14587
-0.27396
0.79996
0.19374
-0.049831
0.21989
-0.26844
-0.14655
0.42391
-0.033034
-0.19456
-0.16796
0.63871
-0.062114
-0.1074
0.44925
-0.072167
-0.34875
0.57297
0.079779
-0.020354
-0.064868
0.3823
-0.15113
-0.18887
0.54301
0.18425
-0.35594
0.50839
0.19302
0.024578
-0.10457
0.11829
-0.20902
-0.093984
0.32432
0.14339
-0.18266
0.26797
0.022219
0.00060375
0.15079
-0.11159
-0.043887
-0.28586
-0.1989
-0.017366
-0.14655
0.058383
-0.34564
0.13294
0.10767
-0.11977
-0.020319
-0.24836
-0.23945
0.036341
-0.13784
0.15541
-0.8354
0.20167
-0.087315
-0.16685
-0.0006946
0.2263
-0.10646
-0.060634
-0.20676
0.24798
-0.8665
0.15489
-0.15893
-0.27762
0.080138
0.71054
-0.073957
-0.23082
-0.35606
0.2854
-0.62669
-0.24495
-0.10473
-0.33468
-0.031215
0.62297
-0.13444
-0.24567
-0.44779
0.20088
-0.23537
-0.59386
0.098206
-0.29047
-0.2084
0.28805
-0.08196
-0.28486
-0.29698
0.30908
0.46023
-0.51271
0.15938
-0.23679
-0.33009
0.0091021
-0.10535
-0.13747
-0.087369
0.38025
0.91222
-0.28972
0.21059
-0.27211
-0.31518
-0.19612
-0.083706
-0.068718
-0.10323
0.1077
0.82838
0.2282
0.24001
-0.31541
-0.22441
-0.071848
-0.15769
0.017319
-0.028451
-0.26138
0.69138
0.73824
0.13806
-0.14358
-0.055005
-0.029948
-0.34245
-0.043817
0.076726
-0.64755
0.30763
0.81715
-0.031324
0.18744
0.12447
0.14517
-0.42649
-0.22328
0.084905
-0.83868
-0.0092372
0.50338
-0.20554
0.40475
0.086052
0.17534
-0.4379
-0.35548
0.054478
-0.77015
0.13625
0.12528
-0.39679
0.71032
0.14964
0.12397
-0.28944
-0.47373
0.14482
-0.36542
0.20066
-0.11588
-0.44995
0.84114
0.38218
0.089416
-0.16685
-0.40874
0.21777
0.24791
0.12356
-0.12711
-0.42042
0.82562
0.18597
0.13604
0.01317
-0.30494
0.056983
0.60576
0.0044573
-0.09384
-0.24957
0.71859
-0.11352
0.12874
0.25823
-0.0047544
-0.14754
0.60048
0.020653
-0.064588
-0.098623
0.34073
-0.13327
-0.032128
0.32826
0.15557
-0.15487
0.33845
0.10632
-0.013973
-0.060022
0.045714
-0.11288
0.047014
0.18076
0.14727
-0.1356
0.065363
-0.12632
0.064188
0.018064
-0.13268
-0.092965
-0.2621
-0.22277
0.10614
-0.23531
0.15036
-0.33692
0.15146
0.049652
0.13448
-0.075173
-0.17123
-0.098961
-0.020114
-0.38008
0.24022
-0.7771
0.10386
-0.0042877
-0.025825
-0.10005
0.31775
0.13744
-0.12631
-0.39946
0.32292
-0.75706
-0.050894
-0.13737
-0.24691
0.0086592
0.75343
0.033554
-0.15462
-0.34902
0.44827
-0.46653
-0.38226
-0.14477
-0.28545
0.066514
0.47303
-0.14318
-0.010808
-0.26321
0.39795
-0.088872
-0.52485
0.0081399
-0.24627
-0.088094
0.22979
-0.035435
-0.010793
-0.19389
0.35701
0.46096
-0.499
0.10156
-0.2698
-0.17351
-0.075446
-0.083853
0.026148
-0.11576
0.30034
0.92735
-0.43033
0.26136
-0.37198
-0.18741
-0.23661
-0.1021
-0.0072298
-0.28753
-0.025512
0.87387
0.17878
0.2826
-0.31057
-0.17963
0.0078096
-0.052767
0.032356
-0.243
-0.40259
0.69248
0.73008
0.14443
-0.0084551
-0.11871
0.074486
-0.21864
-0.054541
0.036866
-0.69132
0.31922
0.76394
-0.090719
0.1683
0.073145
0.078478
-0.43095
-0.30915
0.19197
-0.81711
0.077999
0.49901
-0.3573
0.3001
0.1369
0.10589
-0.57219
-0.4052
0.15081
-0.62684
0.06869
0.093887
-0.62426
0.60668
0.19047
0.030102
-0.49386
-0.49474
0.29122
-0.18713
0.047843
-0.18868
-0.70364
0.7021
0.33006
-0.0070864
-0.34393
-0.49485
0.40007
0.32865
-0.013855
-0.046585
-0.60703
0.62187
0.10481
-0.028978
-0.23077
-0.3401
0.25985
0.70613
-0.12784
0.060797
-0.32307
0.565
-0.14069
-0.023818
-0.067195
0.014006
0.089946
0.64365
-0.13858
0.021508
-0.087594
0.33053
-0.15673
-0.11502
0.025259
0.088303
0.07236
0.28067
-0.029212
-0.0030131
0.055066
0.14001
-0.059053
0.022272
-0.07497
0.10977
-0.0092276
-0.088429
-0.22875
0.0088721
-0.024734
-0.10278
-0.13904
-0.23326
-0.17211
0.10116
-0.23329
0.0016875
-0.34005
0.11806
0.20194
0.05242
-0.069113
-0.11298
0.031046
-0.13508
-0.52531
0.092776
-0.52785
0.030718
0.19313
-0.025883
-0.21349
0.31356
0.19812
-0.12307
-0.57549
0.19751
-0.56734
-0.15984
-0.044813
-0.20677
-0.072164
0.70206
0.07654
-0.12457
-0.35085
0.36024
-0.31365
-0.4163
-0.11532
-0.3137
0.088324
0.46305
-0.22706
-0.066233
-0.18276
0.49321
0.033094
-0.47758
-0.019733
-0.40823
0.011868
0.18532
-0.20569
-0.0012857
-0.13828
0.39712
0.47719
-0.44354
0.069936
-0.22767
-0.07211
-0.0463
-0.079954
0.045117
-0.095177
0.21488
0.78591
-0.39975
0.26063
-0.17311
-0.14463
-0.19894
-0.018516
-0.0071129
-0.27956
-0.11899
0.84374
-0.00052624
0.31267
-0.14188
-0.13279
-0.076207
0.10972
-0.017315
-0.3396
-0.40104
0.59425
0.46797
0.15738
0.044465
-0.1685
-0.021543
0.032133
-0.12576
-0.085742
-0.55071
0.19397
0.56038
-0.13642
0.18264
0.021553
-0.057624
-0.26124
-0.29512
0.12272
-0.59938
0.019846
0.41626
-0.35569
0.30503
0.10761
-0.085785
-0.45883
-0.39335
0.20844
-0.40336
-0.019956
0.15143
-0.51765
0.50023
0.18252
-0.068438
-0.51753
-0.44773
0.26723
0.099806
-0.11437
-0.10872
-0.69997
0.50622
0.2406
-0.01497
-0.38309
-0.42825
0.37635
0.49443
-0.13299
-0.062175
-0.61086
0.35356
0.054133
-0.16704
-0.35023
-0.14371
0.37488
0.72722
-0.085856
-0.034641
-0.2317
0.28937
-0.052936
-0.17463
-0.35553
0.1986
0.15101
0.65603
-0.0032562
-0.030202
0.0025457
0.28389
-0.042229
-0.2019
-0.20936
0.20541
-0.0062641
0.42265
0.0046794
-0.0015401
0.088851
0.34797
0.038006
-0.058261
-0.063271
0.066833
-0.041126
0.11093
-0.21673
-0.080014
0.087165
-0.26303
-0.16656
-0.081339
-0.35827
-0.068673
-0.28711
-0.11394
-0.42286
-0.010597
0.26694
-0.22328
-0.16648
-0.078357
-0.12333
-0.14821
-0.55826
-0.15045
-0.42198
-0.070834
0.24357
-0.17244
-0.25745
0.22724
0.0034523
-0.062937
-0.56952
-0.090685
-0.39062
-0.18911
0.098742
-0.18412
-0.12459
0.49143
0.031674
-0.06921
-0.36524
0.025943
-0.239
-0.37216
0.015486
-0.17849
0.10264
0.41457
-0.11079
-0.19726
-0.2379
0.11517
0.080135
-0.41108
-0.010111
-0.27851
0.12791
0.15355
-0.22304
-0.18596
-0.17998
0.021378
0.46366
-0.43579
0.0075515
-0.03275
-0.090013
-0.048447
-0.18356
0.076793
-0.094107
-0.1486
0.708
-0.38401
0.1041
0.060424
-0.11819
-0.15027
-0.12017
0.078051
-0.17637
-0.25611
0.72476
-0.11338
0.10835
-0.011745
-0.084618
-0.094309
0.085002
0.021775
-0.19548
-0.4666
0.54107
0.20986
0.028906
-0.09232
-0.1198
0.01683
0.12465
-0.088504
-0.11616
-0.55458
0.20717
0.28911
-0.19779
-0.016727
-0.044027
-0.027382
-0.079879
-0.23341
0.013279
-0.47884
0.004706
0.2938
-0.28854
0.18643
0.078321
-0.18989
-0.35755
-0.39824
0.18651
-0.30864
-0.080969
0.1963
-0.33678
0.46006
0.1773
-0.11357
-0.43068
-0.40514
0.27214
0.1438
-0.082518
-0.01135
-0.45388
0.49399
0.27062
-0.030734
-0.23489
-0.2587
0.30362
0.45295
-0.057986
-0.035274
-0.45464
0.27483
0.079054
-0.15472
-0.25321
0.051052
0.35284
0.61309
0.045736
0.034943
-0.21258
0.12094
0.028975
-0.1457
-0.33634
0.24589
0.1652
0.55889
0.064704
-0.01557
0.06368
0.0611
0.070444
-0.098083
-0.13764
0.20016
-0.075081
0.45434
-0.021418
-0.049551
0.06612
0.17938
0.16519
-0.049269
-0.028008
-0.011877
-0.098537
0.26031
-0.15525
-0.11197
0.059769
-0.18866
-0.049104
-0.0035552
-0.11486
-0.16585
-0.18783
-0.12257
-0.32718
-0.16965
0.081279
-0.30361
-0.095792
-0.0061252
-0.1038
-0.16454
-0.42148
-0.20385
-0.2595
-0.31014
0.0856
-0.35583
-0.21442
0.21005
-0.04198
-0.11703
-0.43438
-0.064905
-0.13097
-0.3558
0.10964
-0.20064
-0.10719
0.33799
0.039749
-0.043871
-0.28255
0.035945
-0.066988
-0.33573
0.14385
-0.089424
0.043976
0.25092
0.015932
-0.18882
-0.27012
-0.043607
0.036232
-0.21197
0.12878
-0.1698
0.030779
0.043095
-0.097126
-0.2652
-0.27766
-0.21151
0.28455
-0.25799
0.11697
-0.016455
-0.0056192
-0.13949
-0.202
-0.003289
-0.20724
-0.23651
0.46249
-0.25798
0.03589
0.07783
-0.027516
-0.19025
-0.12426
0.097766
-0.20093
-0.21524
0.35454
-0.053158
-0.0078358
0.013064
0.0018807
-0.12443
0.080905
0.11362
-0.13083
-0.38461
0.24743
0.17316
-0.097784
-0.0066765
0.025886
0.046843
0.099404
0.18752
-0.053353
-0.56388
0.24986
0.21604
-0.24924
0.092389
0.036953
-0.0039006
0.016931
0.081494
0.010953
-0.52004
0.1197
0.1968
-0.31508
0.15101
0.073354
-0.11432
-0.11552
-0.23433
0.27851
-0.30353
0.070757
0.15691
-0.33728
0.31028
0.13966
-0.042838
-0.067089
-0.39959
0.36569
0.056353
0.067609
-0.08003
-0.27216
0.27877
0.17636
-0.031689
0.1298
-0.24486
0.24861
0.25922
-0.020218
-0.1223
-0.17219
0.13004
0.0064264
-0.11868
-0.037285
0.022782
0.18008
0.38004
0.032636
0.012806
-0.16975
0.088607
-0.034567
-0.0010425
-0.14257
0.06887
0.054604
0.39324
0.047058
-0.018047
-0.034064
0.031332
0.010732
0.021489
-0.098804
0.052943
-0.012337
0.27579
0.033968
-0.057946
-0.05993
0.15052
0.070024
-0.0090932
-0.18477
0.004608
-0.13506
0.14331
-0.034533
-0.24073
-0.17091
-0.13205
-0.13408
-0.24128
-0.48651
-0.644
-0.46624
-0.064904
0.23191
0.27141
0.16934
0.11954
0.19362
0.27275
0.20215
0.042093
0.01994
-0.27409
-0.17088
-0.072025
-0.17529
-0.38218
-0.66703
-0.87106
-0.69926
-0.21696
0.25608
0.34932
0.25953
0.22472
0.2761
0.26727
0.17389
0.042708
0.020689
-0.15938
-0.10382
-0.053736
-0.17878
-0.39005
-0.64893
-0.89945
-0.7057
-0.059417
0.45078
0.49551
0.41582
0.35453
0.31238
0.14913
0.040687
-0.021439
-0.022763
0.021256
0.032163
-0.05006
-0.27295
-0.45923
-0.65412
-0.78978
-0.46763
0.28037
0.63371
0.5879
0.49995
0.34951
0.18271
0.073291
0.023016
-0.064564
-0.06957
0.092508
0.11956
0.00084573
-0.26521
-0.49919
-0.68552
-0.6944
-0.24375
0.36192
0.63992
0.5828
0.48709
0.30786
0.12387
0.10735
0.083614
0.0062213
0.0176
0.17819
0.20283
0.11398
-0.13493
-0.42935
-0.5836
-0.53231
-0.13856
0.35395
0.72917
0.69948
0.53167
0.34214
0.17189
0.16602
0.16945
0.11379
0.11568
0.14903
0.1775
0.12582
-0.089791
-0.37608
-0.52639
-0.43955
-0.19503
0.26938
0.8093
0.82493
0.60855
0.32352
-0.017378
-0.059326
0.15276
0.27148
0.23524
0.051861
0.0886
0.034563
-0.095093
-0.40324
-0.61542
-0.62234
-0.31947
0.29416
0.88618
0.82731
0.50402
0.2055
-0.24301
-0.29041
0.014511
0.14657
0.048701
0.043422
0.074082
0.023784
-0.1108
-0.48948
-0.81945
-0.82105
-0.3289
0.39029
0.89473
0.76855
0.39541
0.14218
-0.24874
-0.35295
-0.083219
-0.0094643
-0.10866
0.016453
-0.00089029
-0.031915
-0.17263
-0.56875
-0.95672
-0.91899
-0.28207
0.46984
0.88325
0.74945
0.39235
0.16041
-0.11834
-0.21463
-0.096461
-0.069225
-0.07411
-0.031934
-0.06227
-0.11305
-0.30803
-0.67768
-1.0094
-0.95356
-0.36356
0.4204
0.87846
0.8428
0.58967
0.32031
0.0036513
-0.15557
-0.12933
-0.15864
-0.045774
-0.11066
-0.093572
-0.11562
-0.28932
-0.64402
-0.98065
-0.96035
-0.36126
0.44771
0.88496
0.87776
0.63315
0.31543
-0.043303
-0.15891
-0.17291
-0.18013
-0.02377
-0.083223
0.0015618
0.080477
-0.097656
-0.4455
-0.85578
-0.9237
-0.29718
0.51753
1.024
0.99421
0.62924
0.19846
-0.16448
-0.26667
-0.20557
-0.11123
0.059459
0.094999
0.21185
0.23585
-0.038568
-0.43865
-0.83911
-0.93183
-0.33957
0.54539
1.1604
1.1543
0.71321
0.17141
-0.20362
-0.26583
-0.10176
0.055416
0.214
0.15979
0.30913
0.24555
-0.12795
-0.50869
-0.85556
-0.87903
-0.3755
0.41161
1.034
1.0725
0.63749
0.14621
-0.137
-0.14008
-0.0051215
0.065015
0.17576
0.07026
0.16045
0.091203
-0.21303
-0.52341
-0.76605
-0.7758
-0.4224
0.16434
0.69853
0.84751
0.5715
0.20377
-0.050547
-0.072874
0.015131
-0.0083453
0.014449
0.031729
0.023466
-0.087127
-0.27041
-0.45818
-0.62815
-0.66293
-0.44844
-0.04762
0.3734
0.64166
0.58691
0.27058
-0.052504
-0.15983
-0.046446
-0.078221
-0.13086
0.060553
0.027571
-0.13795
-0.25257
-0.32833
-0.44112
-0.455
-0.3387
-0.1145
0.2298
0.49498
0.54608
0.34483
0.012696
-0.11648
-0.071549
-0.11641
-0.13339
-0.038879
0.01297
0.1101
0.28222
0.42209
0.46751
0.34706
0.14601
-0.070426
-0.23494
-0.37641
-0.313
-0.117
-0.062726
-0.17506
-0.22191
-0.10583
-0.063502
-0.096248
0.055284
0.24296
0.45629
0.68949
0.77993
0.61788
0.33612
0.083927
-0.24019
-0.49918
-0.46006
-0.23791
-0.22949
-0.31299
-0.33914
-0.18633
-0.041643
-0.031141
0.21585
0.5484
0.79234
0.89042
0.89376
0.72542
0.37618
0.039611
-0.32947
-0.54942
-0.51491
-0.3611
-0.27717
-0.30095
-0.37666
-0.32242
-0.13918
-0.03121
0.2886
0.66394
0.82809
0.79766
0.7469
0.61908
0.31052
-0.015676
-0.33264
-0.48252
-0.50209
-0.49256
-0.35764
-0.26273
-0.33571
-0.31182
-0.18072
0.00043613
0.40579
0.75741
0.78011
0.63046
0.50492
0.46311
0.24698
-0.033363
-0.36075
-0.56755
-0.67215
-0.65515
-0.47684
-0.33494
-0.27311
-0.17972
-0.11937
0.015921
0.47437
0.93262
0.95763
0.71567
0.4898
0.3172
0.1022
-0.18526
-0.43415
-0.71504
-0.81993
-0.70178
-0.51216
-0.36097
-0.28816
-0.18365
-0.071638
0.011148
0.44065
0.94956
1.1342
0.88438
0.54389
0.29277
-0.05331
-0.33561
-0.43895
-0.63215
-0.687
-0.56846
-0.42489
-0.25538
-0.28932
-0.27384
-0.096314
-0.065849
0.275
0.84527
1.2256
1.123
0.80905
0.5047
0.025874
-0.31609
-0.47506
-0.57981
-0.57777
-0.52085
-0.40199
-0.29026
-0.32043
-0.24971
-0.056548
-0.082068
0.15269
0.70914
1.2206
1.268
0.99442
0.61401
0.13999
-0.19532
-0.46122
-0.57183
-0.51982
-0.45102
-0.36474
-0.34251
-0.30243
-0.10505
0.00022654
-0.15935
0.017508
0.55904
1.064
1.0669
0.81488
0.44838
0.12652
-0.10485
-0.38641
-0.51402
-0.50789
-0.45932
-0.32832
-0.30619
-0.2353
-0.091329
-0.12854
-0.33579
-0.14563
0.30605
0.62373
0.67922
0.62726
0.45807
0.23728
0.043933
-0.2052
-0.40371
-0.53157
-0.58563
-0.43017
-0.34972
-0.22506
-0.11658
-0.17339
-0.29448
-0.21124
0.024642
0.20967
0.39778
0.57121
0.5678
0.37739
0.17781
-0.056628
-0.27053
-0.46252
-0.50738
-0.40997
-0.34448
-0.26337
-0.13738
-0.1111
-0.067102
-0.086866
-0.069746
0.0058607
0.25151
0.4152
0.47896
0.43586
0.27737
0.0089564
-0.22075
-0.35595
-0.40434
-0.36176
-0.32541
-0.24432
-0.13989
-0.085839
0.28268
0.1806
-0.074729
-0.17084
0.059686
0.24859
0.40005
0.48818
0.42428
0.16252
-0.16837
-0.41687
-0.57049
-0.61999
-0.49098
-0.32096
-0.13728
-0.030457
0.30684
0.3189
0.089625
-0.091326
-0.023638
0.12361
0.30155
0.45101
0.49001
0.30252
-0.081387
-0.50008
-0.80891
-0.93078
-0.79629
-0.48619
-0.1127
0.094513
0.12503
0.34086
0.32563
0.13166
0.011375
0.0047719
0.12912
0.28262
0.35448
0.25923
-0.011063
-0.4791
-0.80746
-0.94111
-0.86506
-0.50682
-0.083345
0.10671
0.061487
0.35095
0.39112
0.22638
0.053412
-0.0077503
0.081506
0.17854
0.13455
0.080986
-0.043547
-0.39013
-0.62729
-0.68827
-0.5994
-0.34349
-0.086801
0.0023892
0.068206
0.23452
0.28143
0.25362
0.15856
0.046205
0.11448
0.15157
0.07885
-0.035371
-0.10038
-0.31545
-0.44008
-0.4127
-0.31125
-0.19519
-0.051517
-0.064456
0.094998
0.15851
0.10902
0.076819
-0.010177
-0.066655
-0.066198
0.076529
0.11561
-0.004593
-0.1653
-0.27433
-0.41848
-0.59989
-0.57305
-0.27653
0.035726
0.19353
0.13522
0.10066
-0.0064537
0.025091
-0.021542
-0.18067
-0.18867
0.033091
0.15945
0.088645
-0.17561
-0.44058
-0.69709
-0.89216
-0.73577
-0.23258
0.18969
0.30132
0.15181
0.088393
0.0008401
0.066883
0.014728
-0.15076
-0.090687
0.10228
0.14167
0.023603
-0.24211
-0.58713
-0.88784
-0.99397
-0.78016
-0.25147
0.22965
0.2622
0.15039
0.17829
0.13625
0.15413
0.09234
0.011059
0.10661
0.23954
0.14931
-0.16459
-0.49028
-0.82755
-1.0508
-0.94694
-0.55282
-0.078355
0.15448
0.19457
0.059394
0.13763
0.14229
0.11785
0.07758
0.086545
0.196
0.29766
0.087099
-0.30637
-0.64988
-0.95853
-1.1614
-0.84582
-0.12512
0.2908
0.24728
0.077634
0.006445
0.055321
0.14607
0.11764
0.075106
0.11585
0.1492
0.12697
-0.11038
-0.49798
-0.81875
-1.0976
-1.124
-0.50108
0.32633
0.62885
0.44252
0.17689
0.042814
0.032558
0.17139
0.14558
0.050171
0.02374
-0.012739
-0.083459
-0.309
-0.71733
-1.0453
-1.1748
-0.94098
-0.15605
0.61212
0.83667
0.68037
0.37538
0.094994
0.084997
0.13114
0.098433
-0.021766
-0.078702
-0.13553
-0.21728
-0.41212
-0.76988
-0.98279
-0.91848
-0.56309
0.13374
0.71674
0.85234
0.70342
0.41357
0.088423
0.11986
0.098893
0.10737
0.04142
-0.15495
-0.3421
-0.44489
-0.57256
-0.76267
-0.80021
-0.62466
-0.19201
0.45772
0.82662
0.8026
0.59698
0.31878
-0.012794
0.031416
0.00035465
0.072138
0.084972
-0.22202
-0.51266
-0.55783
-0.56305
-0.68475
-0.64723
-0.36113
0.20948
0.63907
0.74747
0.67681
0.51748
0.27398
-0.034312
-0.011444
-0.05671
0.019341
0.051816
-0.24881
-0.54783
-0.5736
-0.52763
-0.57104
-0.48853
-0.028289
0.50329
0.78587
0.71766
0.62371
0.52711
0.29105
0.062697
-0.0037031
-0.085277
-0.024502
-0.032118
-0.28811
-0.51697
-0.54505
-0.47889
-0.42016
-0.17019
0.31439
0.714
0.97629
0.91886
0.78874
0.60767
0.30409
-0.005536
-0.1073
-0.18949
-0.21229
-0.28835
-0.3952
-0.4512
-0.43891
-0.35988
-0.1892
0.19842
0.60463
0.91962
1.087
1.1065
0.911
0.59691
0.26089
-0.075816
-0.049753
-0.12154
-0.37762
-0.54169
-0.50155
-0.44657
-0.50492
-0.48972
-0.20801
0.28444
0.72643
0.98447
1.1293
1.1502
0.94496
0.58829
0.28983
0.0049344
0.096042
-0.055688
-0.41337
-0.54353
-0.42456
-0.43166
-0.55628
-0.48263
-0.12926
0.27618
0.60966
0.87207
1.0347
0.98666
0.76996
0.52862
0.26992
-0.038704
-0.0048149
-0.16494
-0.3878
-0.3646
-0.28283
-0.24966
-0.28315
-0.19353
0.13605
0.3363
0.5289
0.75185
0.80667
0.67169
0.47277
0.42373
0.31297
-0.16634
-0.24163
-0.32726
-0.26918
-0.21935
-0.28528
-0.18563
-0.084416
-0.011579
0.15221
0.26042
0.38087
0.57301
0.56672
0.34704
0.23211
0.32785
0.27371
-0.12879
-0.25642
-0.28501
-0.18927
-0.18261
-0.30716
-0.17878
0.061985
0.052839
0.060637
0.13045
0.2097
0.35883
0.42656
0.31106
0.20967
0.21185
0.086381
-0.23444
-0.38211
-0.40815
-0.25761
-0.017933
0.12641
0.059303
-0.11917
-0.2965
-0.46707
-0.3571
0.0052617
0.25021
0.32344
0.29263
0.1641
0.061444
0.034941
-0.24632
-0.34674
-0.33529
-0.17987
0.060441
0.20148
0.18227
-0.0022826
-0.30043
-0.54829
-0.40293
0.058807
0.37301
0.47447
0.48866
0.33305
0.11687
-0.070137
-0.24938
-0.29018
-0.25127
-0.17398
0.037536
0.26518
0.2605
-0.047988
-0.51699
-0.6939
-0.38411
0.19568
0.64189
0.81135
0.80886
0.5319
0.13226
-0.11633
-0.26287
-0.29355
-0.2776
-0.28442
-0.060871
0.18825
0.23563
-0.15904
-0.76032
-0.9242
-0.38082
0.41574
0.94526
1.1808
1.0625
0.62512
0.20349
0.034602
-0.12602
-0.24058
-0.33098
-0.3204
-0.056484
0.17902
0.13726
-0.31461
-0.91023
-0.9455
-0.33957
0.51943
1.0537
1.2811
1.0953
0.62912
0.24348
0.048873
-0.15226
-0.26592
-0.35899
-0.29602
-0.028901
0.13765
0.036981
-0.47911
-1.0489
-0.97559
-0.34098
0.50751
1.1376
1.3021
0.99444
0.52317
0.089876
-0.10201
-0.20619
-0.28026
-0.28124
-0.20658
-0.0065507
0.12576
0.0042996
-0.55941
-1.1162
-1.0408
-0.38801
0.53853
1.2195
1.3015
0.88115
0.3444
-0.12147
-0.22267
-0.1817
-0.19379
-0.12562
-0.041356
0.12762
0.19987
-0.044194
-0.60495
-1.0795
-0.97816
-0.37689
0.49705
1.1478
1.1271
0.74495
0.20184
-0.25979
-0.23241
-0.2673
-0.27269
-0.09798
0.10804
0.25435
0.21649
-0.14848
-0.67436
-0.96083
-0.84655
-0.30065
0.54506
1.1564
1.029
0.64831
0.11551
-0.31138
-0.22421
-0.31213
-0.30548
-0.04429
0.19978
0.23291
0.047166
-0.35125
-0.7933
-0.99516
-0.85425
-0.25323
0.61857
1.1263
0.90754
0.54202
0.077449
-0.28832
-0.20936
-0.18844
-0.11754
0.091406
0.21941
0.085293
-0.18409
-0.51527
-0.85601
-1.0012
-0.81651
-0.229
0.49969
0.83026
0.65018
0.40812
0.094539
-0.18987
-0.15245
-0.070066
0.032413
0.14182
0.13374
-0.018383
-0.27413
-0.48646
-0.7172
-0.83165
-0.61226
-0.20643
0.30133
0.56782
0.4526
0.26135
-0.062667
-0.22493
-0.080894
0.07113
0.098911
0.11699
0.084573
-0.071827
-0.31977
-0.4393
-0.58023
-0.69375
-0.41593
-0.031757
0.22126
0.49897
0.51369
0.26246
-0.095956
-0.17022
0.00258
0.028177
0.060762
0.035718
0.065272
-0.023527
-0.30559
-0.40029
-0.43453
-0.50191
-0.19907
0.13176
0.27508
0.46101
0.51749
0.28151
0.028293
-0.046309
0.0024963
-0.040695
-0.067602
-0.071819
0.068324
0.11434
-0.10768
-0.28431
-0.30791
-0.37828
-0.15697
0.19656
0.33424
0.43312
0.40972
0.17589
0.07239
0.006023
-0.085909
-0.11509
-0.23515
-0.24545
-0.050357
0.17247
0.11361
-0.073169
-0.20354
-0.25983
-0.17502
0.12155
0.29917
0.39388
0.32647
0.17105
0.13859
0.097905
-0.069597
-0.10293
-0.21341
-0.26274
-0.20737
0.014427
0.088031
-0.022104
-0.12809
-0.17758
-0.17108
0.010329
0.18957
0.36277
0.30494
0.20022
0.19192
0.1458
0.020038
-0.040873
-0.15061
-0.22895
-0.26153
-0.12937
-0.053712
-0.055529
-0.082059
-0.12421
-0.19662
-0.078686
0.12236
0.25116
0.14565
0.10494
0.16683
0.12342
0.034441
0.08536
0.048355
-0.19148
-0.52057
-0.73177
-0.72415
-0.53142
-0.12386
0.28192
0.40997
0.20709
0.087523
0.13296
0.062655
-0.1434
-0.25881
-0.14715
-0.06063
0.071873
0.029722
-0.25333
-0.60985
-0.75723
-0.6567
-0.45651
-0.10278
0.27798
0.33499
0.078802
-0.02153
-0.011613
-0.085488
-0.29253
-0.35601
-0.10758
0.049068
-0.066416
-0.033467
-0.22393
-0.5452
-0.59809
-0.38993
-0.10436
0.16402
0.32209
0.22269
0.11086
0.061667
0.033409
-0.088879
-0.28375
-0.33116
-0.067008
0.030619
-0.18423
-0.19597
-0.36522
-0.62861
-0.58159
-0.16766
0.22973
0.44248
0.41304
0.25948
0.32267
0.4337
0.28803
0.086676
-0.063086
-0.11466
-0.0022918
0.041502
-0.17362
-0.26635
-0.53366
-0.81076
-0.69914
-0.15009
0.35203
0.47088
0.38616
0.37361
0.49225
0.55386
0.3494
0.10593
0.0030762
0.065965
0.19142
0.21315
-0.32142
-0.48802
-0.74094
-0.95548
-0.69233
-0.091687
0.29283
0.2851
0.18767
0.24488
0.35697
0.30351
0.064409
-0.091247
-0.10122
0.018537
0.23727
0.30534
-0.4478
-0.76899
-0.9948
-0.89356
-0.36332
0.14816
0.32619
0.12048
-0.032834
0.06418
0.17038
0.055778
-0.13111
-0.20181
-0.18509
-0.090805
0.10285
0.10915
-0.48095
-0.99379
-1.2234
-0.72361
0.17916
0.65246
0.54071
0.23297
-0.0046414
-0.023262
0.038839
-0.066432
-0.18548
-0.2021
-0.16742
-0.079259
0.065264
-0.06264
-0.70809
-1.2359
-1.245
-0.41107
0.73596
1.0435
0.64023
0.33041
0.1172
-0.034227
-0.012646
-0.056784
-0.14474
-0.14764
-0.14409
-0.092747
0.022765
-0.083407
-0.85453
-1.2807
-0.87994
0.23735
1.1891
1.1537
0.62112
0.37621
0.18669
-0.078518
-0.11007
-0.09947
-0.1343
-0.16385
-0.15761
-0.13522
-0.027826
-0.039538
-0.86101
-1.0394
-0.36542
0.81503
1.4357
1.0767
0.58895
0.35872
0.14318
-0.14934
-0.188
-0.15659
-0.17118
-0.17219
-0.1484
-0.17075
-0.16129
-0.037418
-0.8413
-0.82042
-0.0421
1.0948
1.5181
1.1023
0.60895
0.31274
0.11165
-0.0065212
0.0060581
0.047434
0.030586
-0.042584
-0.14195
-0.28236
-0.32469
-0.17618
-0.69994
-0.57772
0.23471
1.1532
1.3291
0.85459
0.37891
0.12487
0.038001
0.020964
0.1215
0.26571
0.19685
-0.003568
-0.1403
-0.27553
-0.24969
-0.082333
-0.51587
-0.27698
0.45486
1.0778
0.99815
0.45413
0.044789
-0.030172
-0.0013262
-0.041038
0.10997
0.23183
0.093389
-0.025862
-0.074277
-0.12299
-0.074158
-0.0087492
-0.371
-0.083361
0.53037
0.9736
0.87763
0.36169
-0.054502
-0.065386
0.040426
0.011534
0.085928
0.15964
-0.015601
-0.061566
0.029344
-0.049326
-0.060058
-0.095044
-0.34888
-0.080447
0.44342
0.85773
0.80323
0.31131
-0.088137
-0.084844
0.07002
0.058929
0.036597
0.085426
-0.0036604
-0.062705
-0.02713
-0.090695
-0.089195
-0.12088
-0.21804
-0.0088996
0.297
0.69513
0.66105
0.19887
-0.1247
-0.15987
0.046959
0.099675
-0.037227
-0.059585
-0.03141
-0.10254
-0.22856
-0.14385
-0.028815
-0.024622
-0.054963
0.13476
0.26978
0.49841
0.4605
0.19464
-0.0446
-0.16563
-0.011221
0.15138
0.027805
-0.047983
-0.063771
-0.15814
-0.25955
-0.14365
0.020907
-0.018805
-0.32988
-0.54776
-0.40734
0.00083682
0.37459
0.69453
0.95551
0.92921
0.61233
0.3226
0.16069
0.18031
0.10623
-0.23609
-0.4269
-0.30866
-0.14807
-0.056948
-0.41105
-0.6364
-0.56404
-0.1557
0.25747
0.74623
1.2004
1.4427
1.1828
0.75244
0.456
0.33169
0.10106
-0.31908
-0.48297
-0.33091
-0.15413
-0.084679
-0.46634
-0.75408
-0.80667
-0.47649
0.025327
0.49497
1.0457
1.4634
1.3748
0.9718
0.61864
0.36868
0.053226
-0.33419
-0.44436
-0.316
-0.24987
-0.22033
-0.51984
-0.82736
-0.89061
-0.58139
-0.12619
0.26767
0.71911
1.094
1.1837
1.0063
0.71348
0.33442
-0.045959
-0.26245
-0.30772
-0.28045
-0.30365
-0.2967
-0.50169
-0.71438
-0.66498
-0.50496
-0.33801
-0.072445
0.31331
0.672
0.89017
0.93836
0.76906
0.34031
-0.087848
-0.23963
-0.18828
-0.22066
-0.24475
-0.1472
-0.4649
-0.55223
-0.47351
-0.4545
-0.59622
-0.4987
-0.051683
0.46153
0.78145
0.79631
0.65898
0.39461
0.0058817
-0.23772
-0.23281
-0.22479
-0.18426
-0.0028471
-0.33995
-0.39988
-0.40283
-0.46746
-0.65306
-0.66935
-0.28006
0.27521
0.65514
0.60421
0.44926
0.35361
0.13781
-0.045752
-0.16684
-0.24364
-0.22804
-0.09229
-0.14519
-0.15329
-0.20937
-0.30518
-0.50086
-0.59292
-0.33055
0.067754
0.3546
0.28572
0.20586
0.31847
0.36994
0.33545
0.1183
-0.10747
-0.2377
-0.1641
-0.036881
0.10637
0.076586
-0.11563
-0.45423
-0.62557
-0.41319
-0.13204
0.013195
0.011401
0.086013
0.3737
0.53061
0.55451
0.42564
0.17714
-0.059019
-0.086338
-0.070045
0.13724
0.16601
0.028681
-0.37112
-0.71668
-0.58116
-0.30693
-0.11962
-0.012248
0.13815
0.35374
0.54064
0.68259
0.67189
0.5242
0.29124
0.15041
-0.11313
0.0017814
-0.012462
-0.072717
-0.32215
-0.5998
-0.56746
-0.35686
-0.11631
0.13405
0.23736
0.25525
0.38137
0.54401
0.61129
0.62644
0.58644
0.34967
-0.077276
-0.060914
-0.16315
-0.24421
-0.33236
-0.3791
-0.31206
-0.22344
-0.14254
-0.038841
0.019115
-0.0019586
0.13307
0.31799
0.49053
0.64383
0.70372
0.45569
-0.0066252
-0.051478
-0.1027
-0.15795
-0.26313
-0.30125
-0.23939
-0.14486
-0.23906
-0.3652
-0.40074
-0.41984
-0.25505
0.061994
0.34022
0.6366
0.7161
0.50901
-0.12495
-0.040857
0.061055
0.013724
-0.12281
-0.19153
-0.17696
-0.1152
-0.24373
-0.46789
-0.62366
-0.64815
-0.56258
-0.32675
0.0091844
0.31828
0.43819
0.30922
-0.1443
0.018572
0.21602
0.17792
-0.061183
-0.09652
-0.016057
0.097859
0.020849
-0.28151
-0.6077
-0.71254
-0.65016
-0.5027
-0.2869
-0.1208
-0.037898
0.022245
-0.11647
0.066552
0.23913
0.12334
-0.15974
-0.17578
-0.037516
0.18078
0.33286
0.099947
-0.36577
-0.58512
-0.57683
-0.49253
-0.43344
-0.42912
-0.30959
-0.10437
-0.12708
-0.050438
0.12889
0.091551
-0.090249
-0.10476
-0.1339
-0.053215
0.17792
0.17313
-0.13894
-0.32855
-0.33497
-0.29349
-0.29947
-0.34996
-0.29505
-0.1351
-0.082383
-0.070652
0.077732
0.15648
0.14075
0.085209
-0.085989
-0.22849
-0.091835
0.063704
-0.086239
-0.19805
-0.14829
-0.055771
-0.061651
-0.14562
-0.15862
-0.16299
-0.069496
-0.056182
-0.079333
-0.11896
-0.12884
-0.17347
-0.19091
-0.17599
-0.11112
-0.12998
-0.16563
-0.10284
-0.031695
0.16742
0.51843
0.81862
0.78997
0.46634
0.038411
0.010708
-0.0042427
-0.067037
-0.16396
-0.25526
-0.28336
-0.23255
-0.20188
-0.33171
-0.38352
-0.23115
-0.028101
0.28623
0.82846
1.1637
0.9986
0.64099
0.043292
-0.078849
-0.095504
-0.17212
-0.22934
-0.24353
-0.30559
-0.31417
-0.34933
-0.5256
-0.57712
-0.33965
0.012445
0.44664
0.95899
1.3095
1.1422
0.74902
0.016702
-0.11917
-0.15491
-0.20213
-0.20913
-0.16249
-0.23015
-0.34911
-0.39853
-0.53183
-0.55847
-0.40098
-0.092549
0.4343
0.95851
1.3534
1.2671
0.84341
0.057707
-0.097573
-0.13897
-0.13246
-0.20636
-0.2414
-0.27442
-0.32572
-0.32313
-0.364
-0.4123
-0.45956
-0.30448
0.22884
0.8549
1.3992
1.3838
0.93027
-0.015446
-0.22421
-0.24075
-0.084082
-0.16468
-0.27515
-0.21854
-0.22137
-0.28026
-0.26398
-0.31937
-0.49808
-0.46988
-0.018296
0.71628
1.341
1.4326
0.94679
0.040076
-0.17872
-0.26052
-0.084492
-0.10933
-0.17678
-0.10157
-0.10632
-0.14717
-0.097397
-0.22991
-0.54317
-0.61056
-0.1936
0.54395
1.2835
1.5162
0.98428
0.026649
-0.16341
-0.25798
-0.098792
-0.028884
-0.046755
-0.010229
0.037645
0.040151
0.035328
-0.24913
-0.61542
-0.74143
-0.38639
0.35617
1.135
1.5696
1.0923
-0.12524
-0.27451
-0.24878
-0.10473
0.022504
0.033546
0.024764
0.083362
0.13614
0.07481
-0.26035
-0.67148
-0.78568
-0.45817
0.19088
0.86009
1.3722
1.0151
-0.070157
-0.17287
-0.15278
-0.10564
-0.032676
0.013018
0.03219
0.083029
0.068213
-0.041692
-0.34957
-0.7575
-0.83226
-0.51784
0.036299
0.62769
1.0513
0.87256
0.041005
0.0031034
-0.083586
-0.073555
-0.058126
-0.043996
0.049282
0.1338
0.061415
-0.095487
-0.42452
-0.84085
-0.90586
-0.68938
-0.20717
0.36755
0.75893
0.65917
0.19158
0.16864
-0.015547
-0.16406
-0.16444
-0.19305
-0.10685
0.055832
0.096137
-0.020245
-0.3495
-0.79021
-0.8974
-0.71207
-0.31907
0.13794
0.43376
0.39965
0.23338
0.26433
0.010208
-0.16891
-0.25275
-0.31414
-0.2799
-0.073108
0.065472
0.00032094
-0.27634
-0.65392
-0.73589
-0.57392
-0.21154
0.10512
0.32277
0.3656
0.20258
0.12725
-0.047963
-0.10265
-0.14258
-0.2118
-0.20497
-0.088265
0.027479
-0.01521
-0.26737
-0.54968
-0.61552
-0.46986
-0.18673
0.010721
0.18817
0.27834
0.13725
-0.012205
-0.059227
-0.01248
-0.028234
0.039866
0.0035429
-0.040661
-0.022947
-0.094962
-0.30377
-0.53335
-0.65465
-0.54998
-0.26248
-0.056364
0.092362
0.12809
0.062606
-0.034964
0.00011795
0.069498
0.032527
0.073751
0.11197
0.056581
0.0043721
-0.13784
-0.33225
-0.52993
-0.64619
-0.48022
-0.13311
0.083957
0.13128
0.090764
0.087539
0.010872
-0.032993
-0.11456
-0.11047
-0.040356
0.028134
0.090246
0.10811
0.00018107
-0.25951
-0.48676
-0.57019
-0.35822
0.00012401
0.17982
0.11437
0.050659
0.088876
0.048861
-0.00937
-0.15047
-0.19163
-0.099108
-0.069028
0.042782
0.14122
0.040211
-0.1993
-0.37298
-0.37974
-0.22205
0.049272
0.20015
0.091739
0.01671
-0.32905
-0.25099
0.11509
0.31951
0.24948
0.23738
0.31893
0.35194
0.23852
0.12902
0.022605
-0.089605
-0.22244
-0.27043
-0.29774
-0.18684
-0.071234
-0.042375
-0.44833
-0.31766
0.093935
0.34552
0.45006
0.42428
0.40077
0.34703
0.27147
0.21714
0.055404
-0.12431
-0.19356
-0.1939
-0.25456
-0.23751
-0.061174
0.010741
-0.41459
-0.2322
0.10205
0.31134
0.46997
0.59478
0.56907
0.33324
0.19041
0.18511
0.076431
-0.18657
-0.29436
-0.18118
-0.13989
-0.1522
-0.069644
0.0057847
-0.38964
-0.25532
-0.024506
0.22019
0.45686
0.80819
0.91516
0.57528
0.22735
0.12672
0.021361
-0.2191
-0.32014
-0.12155
0.016435
-0.013463
-0.049157
0.019468
-0.45233
-0.4689
-0.15648
0.19396
0.51022
1.0174
1.2361
0.8641
0.41664
0.17342
-0.02172
-0.24746
-0.2897
-0.094463
0.032457
-0.050565
-0.089412
-0.026315
-0.45447
-0.61788
-0.38835
0.10728
0.5871
1.1592
1.33
0.92471
0.51199
0.26284
0.082599
-0.12088
-0.21475
-0.045524
0.051413
-0.011209
-0.097695
-0.11721
-0.47482
-0.69867
-0.63081
-0.17818
0.53921
1.2001
1.342
0.92255
0.52576
0.34386
0.19961
-0.036929
-0.16441
-0.034676
0.097993
0.064219
-0.082891
-0.14419
-0.48344
-0.71775
-0.78095
-0.47656
0.27767
1.0705
1.3229
1.0256
0.5691
0.35602
0.25841
0.010793
-0.15917
-0.1589
-0.12391
-0.099017
-0.16609
-0.21985
-0.41311
-0.68257
-0.80741
-0.67613
-0.16783
0.66784
1.1917
1.1486
0.6715
0.35716
0.3
0.09808
-0.1579
-0.31643
-0.37222
-0.3046
-0.30085
-0.31766
-0.38276
-0.64023
-0.81404
-0.80367
-0.5129
0.14014
0.80666
1.0734
0.80812
0.46998
0.35272
0.11108
-0.16276
-0.28654
-0.40732
-0.43722
-0.40811
-0.37056
-0.28142
-0.5014
-0.76228
-0.82761
-0.73451
-0.3934
0.17083
0.68246
0.71771
0.59705
0.4631
0.19971
-0.054629
-0.16485
-0.32294
-0.43794
-0.45391
-0.36349
-0.044302
-0.23032
-0.49215
-0.6497
-0.72047
-0.64212
-0.27464
0.24739
0.49697
0.54756
0.49843
0.38083
0.18044
-0.019706
-0.30862
-0.48918
-0.4492
-0.25401
0.047583
0.019901
-0.20555
-0.47279
-0.6015
-0.5858
-0.31382
0.053631
0.25503
0.30822
0.25419
0.28676
0.30793
0.12962
-0.27758
-0.5236
-0.4045
-0.20761
-0.089771
-0.059987
-0.22652
-0.52087
-0.55755
-0.38012
-0.1984
-0.081148
0.023986
0.16631
0.1037
0.12979
0.3297
0.3179
-0.0046004
-0.23023
-0.16757
-0.12625
-0.35222
-0.47652
-0.52048
-0.54215
-0.40307
-0.19693
-0.19286
-0.31979
-0.17748
0.17503
0.20207
0.20406
0.4556
0.55061
0.31149
0.07092
-0.0069651
-0.056871
-0.35878
-0.64532
-0.66393
-0.4716
-0.27145
-0.13068
-0.22299
-0.43052
-0.34134
0.13176
0.31592
0.35396
0.49035
0.63792
0.50027
0.16715
-0.02898
-0.057598
-0.26362
-0.52689
-0.63914
-0.52011
-0.33419
-0.14877
-0.12936
-0.34419
-0.38775
-0.041813
0.22222
0.33538
0.36798
0.5024
0.44293
0.12413
-0.024699
0.0074952
-0.19333
-0.32097
-0.45774
-0.52083
-0.44008
-0.21393
-0.047067
-0.11198
-0.24349
-0.16574
0.12825
0.29187
0.31942
0.36738
0.26426
0.035694
-0.016848
0.029615
0.01261
-0.024231
-0.0043543
0.062146
0.1017
-0.093871
-0.44066
-0.52944
-0.25743
-0.046716
-0.094378
-0.068884
0.091319
0.24563
0.29939
0.11512
-0.17009
-0.20786
-0.090378
-0.051393
0.0093365
0.071011
0.10081
-0.16303
-0.47853
-0.48074
-0.17778
-0.0094016
-0.037459
-0.01487
0.22288
0.41022
0.30561
-0.0083661
-0.32278
-0.39575
-0.14115
0.049916
0.14918
0.13926
0.021025
-0.27734
-0.36579
-0.21834
-0.05883
0.018769
0.046484
0.14137
0.32719
0.41597
0.20058
-0.18852
-0.52042
-0.60097
-0.045363
0.086647
0.076561
0.0061638
-0.096554
-0.22912
-0.17118
0.025501
0.064531
0.060293
0.12613
0.30202
0.45201
0.41783
0.11253
-0.37339
-0.66271
-0.65331
0.15038
0.17025
-0.073573
-0.28838
-0.25621
-0.040738
0.074884
0.18456
0.21308
0.13736
0.19654
0.39436
0.41607
0.26045
-0.030781
-0.41227
-0.6415
-0.57592
0.21923
0.28191
-0.05124
-0.40742
-0.24672
0.1995
0.36238
0.33012
0.27857
0.26663
0.31521
0.31473
0.15873
-0.057895
-0.2335
-0.42695
-0.58581
-0.46445
0.21267
0.35688
0.10047
-0.19593
-0.023204
0.31359
0.42757
0.44202
0.41443
0.45087
0.35627
0.083613
-0.078589
-0.23305
-0.30553
-0.38134
-0.49874
-0.37503
0.25741
0.49866
0.33081
0.014302
0.031422
0.19392
0.32391
0.41876
0.51843
0.45366
0.11934
-0.23248
-0.36884
-0.35643
-0.34516
-0.46056
-0.49938
-0.36042
0.26382
0.61167
0.48684
0.047209
-0.17897
-0.051191
0.24626
0.42294
0.41128
0.18644
-0.24036
-0.66405
-0.86112
-0.78864
-0.61338
-0.53705
-0.37666
-0.16784
0.26564
0.6503
0.56553
0.074084
-0.26027
-0.10683
0.2361
0.32881
0.2116
-0.04879
-0.47131
-0.87567
-1.0417
-0.99633
-0.70716
-0.38141
0.01882
0.20036
0.29034
0.545
0.43818
0.1195
-0.056902
0.084129
0.22169
0.12093
-0.0066033
-0.23905
-0.60601
-0.89963
-0.86941
-0.68606
-0.30183
0.10697
0.46825
0.48851
0.1724
0.30115
0.23211
0.1146
0.13446
0.27164
0.24471
0.074325
-0.15578
-0.50031
-0.84083
-1.0421
-0.86374
-0.38111
0.17225
0.58246
0.70684
0.51603
0.010871
0.10244
0.18849
0.24862
0.29018
0.36957
0.36444
0.1676
-0.30466
-0.76833
-1.0726
-1.1781
-0.78543
-0.081957
0.59172
0.83863
0.77817
0.42614
-0.011082
0.15279
0.39811
0.47384
0.45763
0.43881
0.39314
0.09069
-0.47208
-0.89713
-1.1503
-1.0374
-0.45775
0.31008
0.82451
0.9181
0.69595
0.18567
0.080338
0.2565
0.55751
0.65014
0.63472
0.55158
0.42683
0.023916
-0.5668
-0.92914
-1.1369
-0.91304
-0.23066
0.55121
0.94411
1.0069
0.60221
0.10194
0.060204
0.13474
0.38878
0.58738
0.57564
0.54006
0.42904
-0.052865
-0.58958
-0.86655
-0.97984
-0.752
-0.066943
0.70019
1.0427
1.0106
0.55442
0.18122
-0.1653
-0.14359
0.054756
0.25905
0.24847
0.1642
0.065391
-0.3027
-0.66301
-0.84834
-0.84286
-0.53022
0.074049
0.59278
0.87495
0.81893
0.54587
0.31834
-0.21063
-0.20998
-0.10125
0.080583
0.03126
-0.15766
-0.26253
-0.41153
-0.57576
-0.70036
-0.66673
-0.28679
0.04962
0.33998
0.47615
0.40631
0.33344
0.27849
0.22393
0.096406
-0.10886
-0.26881
-0.38126
-0.22955
-0.02733
0.00049722
-0.069055
-0.06736
-0.021114
0.15942
0.27716
0.12114
0.074174
0.049883
-0.028155
-0.070986
0.17264
0.1014
-0.065867
-0.305
-0.56461
-0.45628
-0.16803
-0.094119
-0.0090232
0.025314
0.017066
0.17463
0.33158
0.25775
0.23157
0.12889
-0.077207
-0.17032
0.15266
0.1759
-0.012962
-0.35903
-0.71213
-0.62383
-0.3303
-0.19642
0.065706
0.23262
0.21111
0.29328
0.37405
0.33371
0.23881
0.092657
-0.088931
-0.20643
0.21586
0.29459
0.079233
-0.33864
-0.68014
-0.55861
-0.33038
-0.14607
0.21359
0.31738
0.28854
0.28121
0.29726
0.18483
0.0395
-0.012603
-0.044728
-0.187
0.1891
0.26099
0.044804
-0.3418
-0.5297
-0.4217
-0.24967
-0.069996
0.19005
0.1434
0.10119
0.16492
0.083555
-0.076348
-0.1626
-0.067613
-0.022557
-0.11386
0.10919
0.103
-0.19954
-0.49388
-0.50446
-0.40171
-0.30162
-0.11466
0.07675
0.037615
0.0016731
0.11698
0.065084
-0.061419
-0.048828
-0.012516
-0.0743
-0.16378
0.009311
-0.093838
-0.38872
-0.56516
-0.59402
-0.4955
-0.29661
-0.0025998
0.15171
0.085931
0.029853
0.11383
0.15605
0.10514
0.094555
0.02344
-0.13672
-0.12864
-0.02615
-0.21131
-0.38215
-0.48361
-0.58008
-0.50586
-0.15697
0.24308
0.38529
0.21811
0.062545
0.031431
0.16481
0.23248
0.20211
0.06433
-0.035716
0.044743
-0.014251
-0.25504
-0.31361
-0.41712
-0.6008
-0.42004
0.032544
0.43902
0.49038
0.2558
0.032546
-0.033413
0.097518
0.19879
0.13721
0.057344
0.05478
0.15527
-0.10634
-0.43074
-0.5604
-0.67131
-0.68257
-0.36075
0.20574
0.59449
0.4572
0.20061
0.042596
0.0094049
0.062367
0.037978
-0.056595
-0.076718
0.015322
0.088854
-0.35323
-0.74542
-0.91583
-0.9639
-0.67481
-0.049887
0.58718
0.74619
0.48442
0.21795
0.068834
-0.0063828
0.029496
0.026172
-0.093665
-0.13767
0.0097087
0.073897
-0.56527
-0.9684
-1.1511
-1.1951
-0.64301
0.27999
0.88676
0.97689
0.74189
0.42291
0.0696
-0.090194
-0.007357
0.09725
0.0010957
-0.078862
0.11828
0.16291
-0.61403
-1.1038
-1.3209
-1.204
-0.455
0.55164
1.1418
1.1751
0.91274
0.56744
0.18652
0.024118
0.024287
0.069979
0.0048785
0.019163
0.1845
0.12636
-0.53428
-1.0725
-1.2856
-0.95148
-0.072208
0.90804
1.4318
1.2277
0.83056
0.52329
0.28528
0.20923
0.20173
0.10203
-0.054737
-0.037387
-0.0084041
-0.078223
-0.51202
-0.99167
-1.1825
-0.76402
0.095608
0.97586
1.4559
1.3325
0.85424
0.48808
0.23825
0.15696
0.20536
0.066075
-0.12159
-0.10178
-0.13845
-0.20533
-0.51787
-0.85818
-0.97177
-0.54878
0.18488
0.83664
1.2771
1.2912
0.82289
0.41038
0.2155
0.094726
0.050745
-0.099257
-0.13694
-0.03618
-0.066342
-0.12992
-0.43438
-0.7001
-0.69013
-0.31476
0.32257
0.78959
1.0903
1.1698
0.7553
0.3899
0.23152
0.12154
0.023279
-0.11214
-0.10046
-0.012696
0.017643
0.014033
-0.36126
-0.52151
-0.46909
-0.17321
0.2489
0.55026
0.7356
0.85825
0.61988
0.28488
0.13699
0.091673
0.066789
-0.023643
-0.023882
-0.006253
0.023745
0.067254
-1.457
-1.6709
-1.3461
-1.4112
-1.2414
-1.3437
-1.4259
-1.2873
-1.3705
-1.3637
0.010264
0.012238
0.014988
0.014106
0.007804
-0.0011921
-0.0011415
-0.00095523
-0.0050658
-0.001781
0.0018467
-0.00263
-0.0078343
-0.0076329
-0.0053663
-0.0022036
-0.0019945
-0.00090885
0.015473
0.012329
0.0099418
0.0055305
0.0023006
-0.0014012
-0.0035497
-0.0043159
-0.0054662
-0.0018505
0.002023
0.00095089
-0.0040226
-0.0039726
0.00079673
0.0040342
0.003817
-0.0014385
0.01827
0.019269
0.010326
0.0020086
0.00345
0.003475
-0.0054051
-0.0082201
-0.0079233
-0.0080378
-0.0077594
-0.0045544
-0.003762
-0.0077559
-0.0047147
-0.00076649
-0.0017157
-0.0095833
0.012641
0.020381
0.014962
0.01023
0.0081431
-0.00080582
-0.015424
-0.018371
-0.01476
-0.010494
-0.0134
-0.0080337
-0.0034293
-0.010177
-0.013439
-0.0085388
-0.0043542
-0.011887
0.0084927
0.012067
0.013213
0.017899
0.014827
-0.0021891
-0.019082
-0.024706
-0.022685
-0.016779
-0.013176
-0.0046503
0.00052186
-0.0074245
-0.016742
-0.016987
-0.010572
-0.0094955
0.020489
0.013897
0.010218
0.016553
0.013039
-0.0026228
-0.013709
-0.014593
-0.011345
-0.013228
-0.013331
-0.007485
-0.0026581
-0.006436
-0.019869
-0.024134
-0.01617
-0.010165
0.022776
0.016528
0.010222
0.0098224
0.0016777
-0.010398
-0.012216
-0.0050642
-0.000259
-0.0045155
-0.0090999
-0.0087476
-0.0064303
-0.0064853
-0.018771
-0.027921
-0.020432
-0.011469
0.0059311
0.0092133
0.015098
0.010162
-0.006605
-0.016971
-0.010662
-0.0054059
-0.0041352
0.0010772
0.0055374
0.00022636
-0.0047278
-0.0042607
-0.0088816
-0.017831
-0.020521
-0.011726
0.0058086
0.013398
0.02004
0.010176
-0.0083306
-0.016339
-0.0088502
-0.009251
-0.010333
0.003925
0.013417
0.0050508
-0.0043019
-0.0042415
-0.0017074
-0.007055
-0.013763
-0.0087929
0.014543
0.016986
0.015417
0.0082238
-0.0017651
-0.0037685
-0.0027466
-0.011899
-0.013769
-0.0012266
0.0051877
-0.0003194
-0.0077629
-0.0075892
-0.0091118
-0.012108
-0.010459
-0.0047463
0.015444
0.016156
0.013004
0.007233
0.0011822
0.0026408
0.00045486
-0.012408
-0.010313
-0.00012173
0.0028375
0.0029253
-0.0014953
-0.0046211
-0.014248
-0.022281
-0.015288
-0.0095126
0.01208
0.019652
0.015484
0.0072687
9.5679e-05
0.0033877
-0.00054486
-0.010517
-0.0047597
0.0030384
0.0065085
0.0083652
0.0031032
-0.0012843
-0.011336
-0.019365
-0.016086
-0.014238
0.016154
0.022658
0.016649
0.0048912
0.0012505
0.0059757
0.00048583
-0.0081708
-0.0038436
-0.00014047
0.0031306
0.0046198
-0.0010235
-0.0044886
-0.011248
-0.015908
-0.014377
-0.012332
0.018093
0.016956
0.0087619
0.0047795
0.0034262
0.0037005
0.0011301
-0.0028936
-0.0019417
-0.0014579
0.0023559
1.062e-05
-0.0025156
-0.0074576
-0.014594
-0.012771
-0.013027
-0.013195
0.020137
0.012913
0.0045194
0.0022266
-0.0038712
-0.007846
-0.0055817
-0.0057333
-0.0034734
-0.0021904
0.0056136
0.0055002
-0.0030432
-0.01194
-0.01595
-0.013566
-0.015974
-0.014417
0.017631
0.017485
0.0070469
-0.00078338
-0.0098661
-0.013502
-0.013821
-0.013952
-0.006669
-0.0022677
0.0033856
0.0024003
-0.0070621
-0.011793
-0.011872
-0.014053
-0.01781
-0.0080027
0.011259
0.015481
0.007553
0.00068801
-0.0062948
-0.0072888
-0.0072604
-0.0082935
-0.0015178
0.00028939
-8.6044e-05
-0.004242
-0.0092966
-0.007188
-0.006975
-0.011087
-0.013151
0.00031054
0.0083318
0.0089195
0.0077714
0.0027473
-0.0027847
0.00019481
0.0020691
-0.0028665
-0.0027864
0.0025086
0.0026118
-0.0058159
-0.013045
-0.013258
-0.010026
-0.010049
-0.0087199
0.0029397
