-1.2466
0.0073163
0.0067435
-0.19299
-0.00076259
-0.00071667
0.0033144
-0.76562
-0.65053
-0.0013247
0.025718
-0.73317
-0.378
0.0028522
0.41323
-0.2249
-0.93486
-0.013309
-0.051323
-0.00017821
0.010051
0.16637
-0.0024154
1.3106
-0.0029576
-0.0013185
-0.00083162
-0.82538
0.13151
0.017422
-0.2417
-0.00024412
0.0040876
-0.085318
0.00082952
0.29413
0.24896
0.21612
0.61582
0.001316
-0.034383
-0.42255
-0.0044045
0.97223
1.5155
-0.00015307
0.0020958
-0.006157
-0.79836
-0.8103
0.00039887
0.18854
0.00066513
0.76747
1.0216
-0.026069
0.25561
-0.004695
0.0046328
0.083064
-0.22166
-0.001341
0.001084
-0.0013286
-0.92134
-1.244
0.023569
0.0085502
-0.2135
-0.0035326
0.00065752
0.00017611
-1.0817
-0.84602
-0.0025078
0.2592
-1.0702
-0.018685
0.0022957
1.0134
-0.27271
-0.23714
-0.013625
-0.49938
0.0012852
0.0076449
0.23165
-0.0010246
1.564
-0.002079
-0.0027535
-0.0030591
-1.0353
-0.011033
0.40838
-0.4049
-0.0019291
0.0049674
0.10103
0.0034417
0.23141
0.33266
-0.00994
-0.099393
-0.006256
-0.67565
-0.68642
-0.005347
1.0146
1.2796
-0.0020548
-0.00075244
-0.0033584
-0.66316
-0.0096431
0.00020014
0.42755
-0.00078139
1.177
1.5107
-0.036793
-0.28797
-0.0025593
0.0023203
0.09444
-0.02045
-0.00069241
-0.0022548
-0.0012766
-1.1731
-0.18461
0.022943
0.0090606
-0.15673
-0.0065974
0.0023737
-0.0057076
-1.3366
-0.68473
-0.0025015
0.44937
-1.0673
0.71427
-0.0035971
0.79035
-0.14141
0.79997
-0.0032175
-0.95643
-0.00072175
-0.0041428
0.14856
-0.0014264
1.2183
-0.00034691
-0.0029002
-0.0054608
-0.39608
-0.32165
0.82705
-0.51505
-0.0047673
0.0037461
0.246
0.0040094
-0.32962
0.27381
-0.56182
-1.0318
-0.010995
-1.183
-0.53992
-0.004676
0.40282
0.051791
-0.0054185
-0.0052777
0.0018205
0.25378
0.93858
0.00048695
0.73707
-0.0033845
0.53085
1.5475
-0.026553
-0.88759
0.002399
-0.0030342
0.049467
0.63255
-0.0013267
-0.0048053
-0.0010912
-0.85893
0.74328
-0.0027422
0.012336
-0.37841
-0.0083874
0.0027447
-0.0072465
-1.5884
-0.28921
-0.0015197
0.54759
-0.57516
0.95355
-0.014494
-0.11092
0.071323
0.8562
0.0062141
-0.48726
-0.0042669
-0.015057
-0.036022
-0.0044825
0.81616
-0.00029523
-0.0028734
-0.0064622
0.52176
-0.5408
0.58271
-0.56216
-0.0074903
0.0041004
-0.021289
0.0020379
-0.97059
0.073466
-1.0926
-0.90174
-0.016643
-0.65832
-0.24091
-0.0031195
-0.23125
-0.84751
-0.0075296
-0.0064552
0.0011878
0.98928
0.66967
0.001909
0.93356
-0.0036271
-0.6355
1.1311
0.00042875
-0.42952
0.0050849
-0.0049781
-0.0081542
1.6216
-0.0029977
-0.0018515
-0.00070223
-0.22995
0.69078
-0.035864
0.01306
-0.65978
-0.0077857
0.0018065
-0.0043767
-1.6255
0.076982
-0.00089103
0.51038
0.11635
0.42039
-0.024919
-0.79051
0.1993
0.26555
0.0056751
0.85615
-0.0044929
-0.016579
-0.19175
-0.0061351
0.67308
-0.0029137
-0.0040981
-0.0057008
0.67735
-0.57875
-0.42465
-0.55693
-0.0080032
0.0061083
-0.41372
0.00091948
-1.0048
-0.19141
-1.2861
0.053793
-0.022906
0.43577
-0.14445
-0.0030661
-0.57718
-0.8308
-0.0069893
-0.0040838
-0.0049538
0.77391
-0.38005
0.0033971
0.68938
-0.0011589
-1.0508
0.49313
0.026962
0.66567
0.0029118
-0.0041897
-0.043484
2.296
-0.0013184
0.0023564
-0.0016357
0.27587
0.15544
-0.043608
0.0081214
-0.46204
-0.0067438
-0.00034149
-0.0011797
-1.2288
0.16165
-0.00047679
0.31485
0.43097
-0.18727
-0.024079
-0.78783
0.16614
-0.15197
-0.0001667
1.4168
-0.0023639
-0.0096538
-0.19619
-0.0045082
0.46855
-0.0039108
-0.0052233
-0.0034916
0.26762
-0.49408
-0.97219
-0.43605
-0.0053058
0.0049613
-0.51291
0.00067234
-0.44909
-0.25894
-0.96182
0.64027
-0.019978
0.79683
-0.10603
-0.0041214
-0.55006
-0.30379
-0.0043588
-0.0021159
-0.0089377
0.19441
-0.84887
0.0028334
0.1468
0.00018432
-0.66181
-0.0055019
0.030622
0.94946
-0.00056763
-0.0028474
-0.038869
1.9416
0.0007941
0.0020706
-0.0021746
0.32553
-1.6009
0.015339
0.0040348
-0.067614
-0.0055133
-0.00078129
0.0037968
-0.76251
-0.46746
-0.00077293
1.1024
-0.26406
-0.65223
0.00020266
-0.022649
-0.29029
-1.1805
-0.024768
0.084063
7.8375e-05
0.015417
0.24393
-0.0032558
0.84276
-0.00024023
-0.00097418
0.00039406
-0.98959
0.63954
-0.013222
0.067435
-0.00058292
0.003621
-0.77279
0.00024476
0.3083
-0.10186
0.65622
1.0999
-0.01361
-0.49602
-0.44023
-0.0037059
1.0154
1.8827
0.001571
0.0017029
-0.010186
-0.92808
-0.47942
-0.0014497
0.23542
0.00018539
0.82581
0.61091
-0.035404
0.32838
-0.004401
0.0057523
0.10799
-0.52792
-0.003847
0.0006525
-0.0017219
-0.65146
-1.0336
0.034002
0.0039524
-0.060962
-0.01027
0.0011675
-0.00067387
-0.81261
-0.69524
-0.0024687
1.4584
-0.14612
-0.43657
-0.0023815
0.89023
-0.34568
-0.23903
-0.025343
-0.38357
0.002774
0.011434
0.31181
-0.0033591
1.1016
0.0013726
-0.0024737
-0.0014119
-1.1647
0.57523
0.38528
-0.23211
-0.0022793
0.0037465
-0.87988
0.0017915
-0.0024294
0.03534
0.75656
0.45027
-0.027732
-1.1906
-0.99895
-0.0034987
0.89176
1.208
0.00052844
-0.0012439
-0.0066852
-0.936
0.69717
-0.001817
0.5207
-0.0017895
1.389
0.77746
-0.047119
-0.48035
-0.0024546
0.0021768
0.11636
-0.64968
-0.0022172
-0.0043799
-0.0026405
-1.0735
0.57796
0.030854
0.0037057
-0.20373
-0.010222
0.0028557
-0.0080827
-0.69578
-0.73487
-0.0033742
1.2405
0.32758
0.48264
-0.0090978
1.3071
-0.17259
1.0391
-0.0056372
-1.0925
0.00083641
-0.0060423
0.18127
-0.0047606
1.0045
0.0020893
-0.0025973
-0.0039767
-0.36486
0.16255
0.9674
-0.5935
-0.0054758
0.0024366
-0.81174
0.0012652
-0.76835
0.31026
0.25572
-0.90676
-0.03442
-1.1975
-0.89873
-0.0025253
0.19809
-0.44946
-0.0026189
-0.0054192
0.0017716
0.09153
1.3226
-0.0015048
0.85356
-0.0039146
0.72779
0.54068
-0.032259
-1.0572
0.0030998
-0.0046456
0.05346
-0.39246
-0.0010798
-0.0069192
-0.0023585
-1.1578
1.1955
0.0029326
0.0079438
-0.60189
-0.006736
0.0024076
-0.009975
-0.64729
-0.61118
-0.0017496
0.7553
1.0803
1.2912
-0.01723
0.58771
0.11129
0.94842
0.010962
-0.76489
-0.0037103
-0.020411
-0.065225
-0.0072007
0.88917
0.0019485
-0.001742
-0.0057501
0.62679
-0.093797
0.84162
-0.74009
-0.0076352
0.0036531
-0.96911
-0.00071286
-1.1629
0.37958
-0.68341
-1.1926
-0.037783
-0.10973
-0.32778
-0.0024687
-0.31864
-1.1588
-0.0045089
-0.0067107
0.0023134
1.075
0.36137
-0.00017621
0.90692
-0.0044848
-0.70175
-0.052358
0.0025321
-0.19112
0.0067673
-0.0057764
-0.024812
0.40424
-0.0029736
-0.0028752
-0.0023511
-0.84933
0.54156
-0.026897
0.010572
-0.74745
-0.0020448
0.0014183
-0.0057417
-0.63501
-0.4271
0.00041544
0.32518
1.6136
1.2622
-0.024816
-0.42884
0.28303
0.15992
0.010231
0.97042
-0.0040721
-0.020833
-0.25863
-0.0072231
0.90252
0.00013506
-0.0024931
-0.0055005
0.69239
-0.021585
-0.40497
-0.72276
-0.0069149
0.006641
-1.1032
-0.0012227
-0.58241
0.08752
-1.4887
-0.28578
-0.041173
1.0185
0.06908
-0.0032473
-0.58922
-0.70719
-0.0041693
-0.0049966
-0.0065369
0.85262
-0.92706
0.00089148
0.38279
-0.0018245
-1.2011
-0.68537
0.035541
1.0662
0.0041766
-0.0035653
-0.069238
1.366
-0.0018212
0.0018108
-0.0039349
-0.39694
-0.19349
-0.032752
0.0071018
-0.26195
-0.0011915
-0.00056595
-0.00056549
-0.46979
-0.29956
0.00074744
0.016048
1.4001
0.56869
-0.024291
-0.75168
0.23302
-0.24574
0.0012164
1.7542
-0.0013861
-0.011349
-0.25495
-0.0043645
0.69641
-0.0018221
-0.0041695
-0.0035057
0.23079
0.031095
-1.1853
-0.54616
-0.0037241
0.005436
-0.90823
-0.00030386
0.248
-0.13127
-1.4512
0.54584
-0.033083
0.97412
0.15989
-0.0035074
-0.57752
-0.019803
-0.002918
-0.0033598
-0.012547
0.15946
-1.0686
0.00097041
-0.28524
0.00055961
-0.73953
-0.82881
0.038527
1.0969
-0.0010685
-0.0025324
-0.058525
1.4961
0.00058111
0.0016587
-0.0041991
-0.13258
-1.1772
0.012377
-0.0025416
0.20209
-0.014437
-0.0017551
0.0018496
-0.20554
0.055562
-0.00077102
1.355
0.50385
-0.65484
-0.00058763
-0.85887
-0.27244
-1.2881
-0.029011
0.16532
0.0017122
0.014102
0.24777
-0.0014809
-0.49706
0.0029928
0.00044676
0.0012966
-0.94694
0.8793
-0.17579
0.62845
0.00041415
-0.0010875
-1.1797
-0.0016271
-0.039884
-0.95815
0.51841
1.2234
-0.0062261
-1.0232
0.34469
-0.00047294
0.68747
1.5806
0.0025682
0.00051713
-0.0117
-0.67726
0.47876
-0.003244
0.4313
-0.0020415
0.33575
-0.34394
-0.03467
0.16658
-0.0028121
0.0056717
0.063329
-0.25598
-0.0063105
-9.2399e-05
-0.0019316
0.84559
-0.041983
0.022301
-0.0051367
0.057958
-0.019291
0.00048265
-0.0021324
0.19896
-0.1631
-0.0021094
1.3961
0.89352
-0.86802
-0.0033107
-0.15341
-0.31434
-0.27332
-0.026744
-0.15378
0.0048108
0.010648
0.29459
-0.0015774
-0.50205
0.0041823
-0.0015254
0.0020587
-0.95414
1.1799
0.13157
0.41652
-0.00097384
-0.0016375
-1.2785
-0.0022103
-0.55094
-1.1322
0.99858
1.0234
-0.021216
-1.2173
-0.5242
0.00072393
0.41521
0.55025
0.0027219
-0.00024953
-0.0059366
-0.90724
1.341
-0.0039671
0.71071
-0.00392
0.98528
-0.66966
-0.042483
-0.66889
-0.0012401
0.0020588
0.058824
-0.62334
-0.0031391
-0.0048247
-0.0032731
0.69172
1.2464
0.018584
-0.0060425
-0.472
-0.012368
0.002077
-0.0079453
0.79221
-0.57664
-0.0029854
0.69589
1.2378
-0.37327
-0.0056327
1.0038
-0.1422
1.1023
-0.00069341
-0.95514
0.0031245
-0.0043261
0.14138
-0.0035851
-0.25043
0.0031588
-0.0021503
0.0008405
-0.17228
1.1221
0.84885
-0.17165
-0.0036426
-0.0014205
-1.08
-0.0042952
-0.97361
-0.75908
1.1053
-0.19917
-0.032241
-0.37639
-0.98275
0.0016526
-0.19338
-0.90303
0.00076347
-0.00073569
0.0063364
-0.24116
0.90904
-0.0037484
0.83652
-0.0044529
0.67216
-1.0042
-0.025142
-0.93571
0.0032454
-0.0043638
0.0067445
-1.0372
0.00025665
-0.0059829
-0.0027862
0.10357
0.9864
0.005946
-0.0023857
-0.82608
0.00162
0.00116
-0.0082257
1.2143
-0.99877
-0.0013613
-0.10729
1.4113
0.76271
-0.0063104
1.2837
0.13594
0.91286
0.018354
-0.93707
-0.0011171
-0.013904
-0.09929
-0.0051941
0.10062
0.0032878
-0.00028196
-0.00043048
0.5405
1.0964
0.87045
-0.62536
-0.0035585
2.8743e-06
-0.91446
-0.0061968
-0.56026
-0.27551
0.42511
-1.0006
-0.039484
0.79772
-0.52335
0.00093091
-0.40991
-0.94834
0.00043386
-0.0010435
0.0076308
0.74757
-0.50026
-0.0034047
0.52088
-0.0036488
-0.49206
-1.2532
0.009736
0.20861
0.006398
-0.0032526
-0.048253
-1.1397
-0.0017667
-0.0015655
-0.0026128
-0.3688
-0.11943
-0.0034563
0.0012288
-0.32129
0.011963
-0.00074535
-0.0036206
1.2488
-1.207
0.00083262
-0.53678
1.3111
1.5761
-0.0089796
0.6545
0.30046
-0.013359
0.013343
0.70544
-0.0024581
-0.013201
-0.26903
-0.0043373
0.33258
0.0034649
0.00022574
0.0001196
0.52419
1.1087
-0.39425
-0.79489
-0.00097837
0.0024781
-0.66512
-0.0073499
0.59593
-0.15878
-0.77728
-0.68495
-0.042929
1.1218
0.15329
-0.00075054
-0.4632
-0.12844
0.0017873
-0.0021537
-0.0042269
0.74971
-1.2146
-0.0040886
-0.31078
-0.00032798
-0.97464
-1.3257
0.037062
1.0581
0.0034609
0.00013698
-0.065111
-0.71106
-0.0028464
0.0016184
-0.0038988
-0.52403
-0.68422
-0.0047146
0.001504
0.53538
0.010379
-0.0021965
0.0012771
0.86816
-1.0137
0.00084312
-0.54761
0.81817
1.3543
-0.01037
-0.034505
0.24401
-0.38284
-1.6211e-05
1.6699
-0.00037638
-0.005066
-0.24844
-0.0012876
0.3021
0.001106
-0.0014504
0.00061686
0.19057
0.84171
-1.2493
-0.65062
0.0017818
0.0025648
-0.38869
-0.004855
1.1416
-0.17084
-1.3221
0.055312
-0.033257
0.46993
0.38788
-0.00156
-0.43805
0.38705
0.0020415
-0.0033679
-0.012823
0.15043
-0.73874
-0.0033251
-0.8555
0.0022501
-0.61534
-0.98063
0.038735
0.61508
-0.0023579
0.00060673
-0.043176
-0.15693
-0.0010265
0.00089528
-0.0046106
-0.46373
-0.23765
-0.0045488
-0.0067243
0.29874
-0.019232
-0.0023842
0.00024961
0.24422
0.25243
-0.0013994
-0.0058892
0.36404
-0.27643
0.0042948
-1.1411
-0.25956
-1.4585
-0.024319
0.1899
0.0019429
0.011608
0.2479
0.0019783
-0.99493
0.0016358
0.0009409
6.6285e-05
-0.89011
0.34501
-0.22416
0.87115
0.0016335
-0.0055522
-0.36788
-0.00098907
-0.68618
-1.0118
-0.23332
0.95368
0.03492
-1.0198
1.5348
0.00041573
0.78489
1.0556
0.00069779
0.00054245
-0.0096746
-0.4014
1.144
-0.0027293
0.63567
-0.0038259
-0.15111
-0.76301
-0.036416
-0.25577
-0.0042588
0.0045083
-0.0021443
0.15508
-0.0059893
-0.00064211
-0.00077758
1.6007
0.96328
-0.0018184
-0.0086116
-0.17137
-0.023761
0.00017502
-0.0035143
0.60287
0.14411
-0.0016785
-0.41537
0.373
-0.76072
0.006063
-1.0832
-0.27798
-0.48846
-0.018126
-0.064104
0.0043381
0.0082264
0.27402
0.0029277
-1.1306
0.0017294
-0.0017269
0.0011113
-0.69615
0.78629
0.18243
1.0502
-0.00070226
-0.0060092
0.043328
-0.0013296
-0.99482
-1.4841
0.28993
1.1976
0.030216
-0.4414
0.74144
0.002234
0.40417
-0.12343
-0.00077958
0.00063092
0.00035901
-0.82383
1.253
-0.0033487
0.79888
-0.0055003
0.56616
-1.0303
-0.04073
-0.94978
-0.0026043
-5.8702e-05
-0.020865
-0.04232
-0.0016349
-0.0046671
-0.0011738
1.869
1.2344
0.0025273
-0.0079261
-0.93468
-0.010425
0.0016056
-0.0080152
0.90409
-0.21774
-0.0014661
-0.82288
0.09837
-0.98446
0.006643
-0.040572
-0.092674
1.0959
0.0085501
-0.87454
0.0021657
-0.002163
0.09781
0.0014218
-0.87356
0.0012536
-0.00324
0.00040013
0.068864
1.0343
0.92077
0.62055
-0.0036841
-0.0038019
0.48235
-0.0040174
-0.54065
-1.533
1.0563
0.38855
0.0037097
0.75258
-0.56121
0.0032296
-0.32978
-1.1143
-0.0024486
0.0023652
0.014649
-0.60839
-0.056926
-0.0036804
0.57868
-0.0055896
0.7101
-0.95572
-0.016627
-0.69493
0.0022719
-0.0054459
-0.04836
-0.52525
0.0016675
-0.0051312
-0.0007464
1.5405
0.25761
0.0068452
-0.0048086
-0.79523
0.012373
-0.00030377
-0.0064993
1.1608
-0.62592
-0.00055385
-0.99141
-0.33541
-0.38149
0.0091898
1.0252
0.17498
1.0606
0.025103
-1.0986
-0.0025392
-0.0076554
-0.14066
-0.00052117
-0.61647
0.0020526
-0.0012771
0.0006418
0.54927
1.0827
0.79528
-0.13139
-0.0018759
-0.002357
0.72799
-0.0076139
0.54153
-1.234
1.1692
-0.65439
-0.015608
1.1497
-0.81942
0.0023234
-0.5864
-0.6796
-0.00022985
0.0031556
0.013323
0.40386
-1.1902
-0.0045869
-0.055357
-0.0033827
-0.10663
-0.67177
0.019673
0.6342
0.0049754
-0.0022021
-0.051089
-1.0637
-0.0017762
-4.7365e-05
-0.0011083
1.0609
-0.62974
0.0089615
-0.0021155
0.63009
0.025268
-0.0034741
3.5366e-05
1.255
-0.87391
0.00018341
-0.9504
-0.67806
0.69145
0.0077891
1.2531
0.31745
0.012691
0.015145
0.28333
-0.0044628
-0.0058669
-0.28456
-0.0015148
-0.5016
0.0020758
0.00010856
0.0035161
0.53832
0.95408
-0.62739
-0.79253
0.0024792
-0.00097582
0.90802
-0.010679
1.3521
-0.87511
0.33954
-0.91405
-0.021116
0.46898
-0.24242
-0.00013183
-0.53911
0.20806
0.0038347
0.00051952
-0.0029538
0.8936
-0.91299
-0.0061824
-0.84866
0.0015507
-0.73694
-0.3649
0.043166
0.92615
0.00049382
0.0030509
-0.018567
-1.2821
-0.0042781
0.0031541
-0.0023102
0.58478
-0.72796
0.0056636
-0.00061794
1.502
0.018274
-0.0042517
0.0042153
0.92834
-0.77151
-0.00034563
-0.69731
-0.70097
1.1134
0.0029877
0.71736
0.24501
-0.51443
-0.0018529
1.3951
-0.0020753
-0.00028625
-0.2393
-0.00063281
-0.38429
-0.00057091
-0.0006993
0.0044392
0.33536
0.61362
-1.4085
-0.88639
0.0043398
0.00018222
0.77903
-0.0083673
1.2148
-0.52991
-0.54946
-0.47033
-0.015292
-0.39119
0.19458
-0.0016699
-0.40759
0.48886
0.0043974
-0.0024389
-0.013112
0.50112
-0.003817
-0.0054141
-1.0591
0.0039743
-0.62549
-0.097156
0.039472
0.046233
-0.0057684
0.0035555
0.010971
-0.95924
-0.0021604
0.0021
-0.0037513
0.15075
0.54268
-0.029534
-0.01066
0.18041
-0.018372
-0.0031427
0.0018883
0.50754
0.178
-0.0023976
-1.1201
-0.20065
0.21159
0.0063001
-0.78685
-0.2503
-1.6168
-0.017847
0.23599
0.00065079
0.013191
0.24974
0.0031461
-0.65533
-0.0036805
0.0019548
-0.0019334
-0.72527
-0.68849
0.010676
0.6791
0.0024017
-0.0086123
0.75582
0.0013323
-0.99777
0.63089
-0.77593
0.51772
0.071228
-0.37502
2.0544
-0.0018529
1.1962
0.54494
-0.00078392
0.00090081
-0.0051111
-0.30123
0.9735
0.00025688
0.33481
-0.0022744
-0.36731
-0.75864
-0.036068
-0.70875
-0.009108
0.0010823
-0.040026
0.14839
-0.0031076
-0.00078856
0.0019415
0.29177
1.2707
-0.025889
-0.012069
-0.55117
-0.021141
-0.0012791
-0.0020026
0.51874
0.38413
-0.0021023
-1.4399
-0.4695
-0.21548
0.011376
-1.2271
-0.24587
-0.79294
-0.011141
-0.06436
0.0015001
0.0098757
0.26218
0.0048569
-0.74266
-0.005126
-0.0007634
-0.0026684
-0.35702
-0.62689
0.59223
1.2111
1.9083e-05
-0.010286
1.3236
0.0029135
-0.73864
0.58314
-0.51024
0.9412
0.080978
0.64614
1.7663
0.00071436
0.78788
-0.49039
-0.0047533
0.000639
0.0065612
-0.87626
0.47505
0.00037198
0.16845
-0.0034116
0.35019
-0.67074
-0.037885
-1.1808
-0.0069399
-0.0059821
-0.072099
0.19139
0.0016789
-0.0046224
0.0027255
0.38358
0.64672
-0.0057078
-0.0091359
-1.1603
-0.0044348
-0.00028123
-0.005657
0.23632
0.71419
-0.00074922
-1.1302
-0.81593
-0.89991
0.013168
-1.0238
-0.047538
0.94133
0.010238
-0.87311
-0.0015388
-0.00042659
0.069171
0.0047489
-0.66781
-0.0039959
-0.0025712
-0.0032529
0.36296
-0.45437
1.1129
1.3042
-0.0029107
-0.0085722
1.4179
0.0014223
0.41977
0.13019
0.43918
0.55508
0.046724
1.3353
0.15942
0.0026863
-0.3141
-1.1012
-0.006969
0.0013373
0.01866
-1.0273
-0.86764
-0.00038854
-0.30696
-0.0040364
0.8081
-0.065634
-0.009741
-0.44374
0.00029277
-0.010385
-0.071639
0.066437
0.0034723
-0.0053975
0.0027143
0.52004
-0.51404
0.0077941
-0.0062659
-0.28697
0.019689
-0.0034055
-0.002145
0.10967
1.0398
-9.0438e-05
-0.58633
-1.1018
-1.1651
0.012838
-0.11208
0.20532
1.2409
0.021907
-1.1645
-0.0063723
-0.0069149
-0.16937
0.002533
-0.76246
-0.0026949
-0.00078257
-0.0015467
0.72213
-0.50341
0.5656
0.70407
-0.00096806
-0.0066339
1.2161
-0.0024433
1.3149
-0.27416
1.1959
-0.37445
0.017464
0.77241
-0.87218
0.0019082
-0.85369
-0.61133
-0.0032011
0.0019592
0.013194
-0.0013048
-1.2049
-0.0017778
-0.85175
-0.002235
0.24653
0.55824
0.026402
0.9728
0.0032234
-0.0049606
-0.022991
-0.2953
-0.0008522
-0.00054688
0.0010553
0.7149
-0.80578
0.0066353
-0.0049456
1.6169
0.028181
-0.0073897
0.0063899
0.24674
1.1446
-0.00082211
-0.25977
-1.1516
-0.75208
0.0097349
0.72604
0.32049
0.22215
0.0122
-0.019514
-0.0076175
-0.0053443
-0.28894
-0.00094181
-0.88764
-0.0039656
0.00035386
0.0027756
0.68764
-0.68356
-0.99711
-0.38012
0.0036005
-0.0042683
1.0525
-0.0064156
1.245
-0.41401
1.0545
-0.90484
0.010063
-0.38381
-0.68943
-0.0011419
-0.77317
0.12637
0.002518
1.424e-05
-0.004805
1.0659
-0.14108
-0.0029769
-1.1795
0.002898
-0.55329
0.87531
0.048002
0.88069
-0.0028266
0.0028536
0.051164
-0.69754
-0.0031612
0.0032818
-0.0011414
0.69564
-0.47693
-0.0013115
-0.0024684
2.0147
0.016615
-0.006793
0.0089262
0.27576
0.77816
-0.0018439
-0.14527
-0.88125
-0.096235
0.0044184
0.74565
0.23329
-0.46586
-0.0028015
1.1181
-0.0046015
-0.0014782
-0.22418
-0.0026107
-0.72107
-0.0055917
-0.00039415
0.0046305
0.497
-0.65451
-1.5663
-0.88335
0.0044084
-0.0016478
0.81174
-0.0057496
0.59352
-0.33227
0.29407
-0.71578
0.0072421
-0.9095
-0.19282
-0.0031516
-0.46047
0.34096
0.0035104
-0.0019418
-0.013961
1.0117
0.7085
-0.0028655
-1.0091
0.0048125
-0.66098
0.72849
0.039339
-0.12324
-0.0085442
0.0044026
0.074179
-0.70076
-0.0010126
0.0025385
-0.0031442
0.40284
0.64527
-0.036399
-0.010903
0.0033425
-0.014471
-0.0025282
0.0025204
0.46031
0.11201
-0.0029344
-0.92092
-0.36419
0.31436
0.0024164
-0.39113
-0.18853
-1.385
-0.011869
0.23211
7.4049e-05
0.012529
0.19164
0.0014416
-0.22628
-0.0058731
0.0017136
-0.0027012
-0.43405
-1.0373
0.21495
0.32909
0.001354
-0.0080137
0.72321
0.0022972
-0.70878
1.7599
-0.65157
0.16878
0.062789
0.21986
1.5288
-0.002449
1.118
0.18704
-0.00066448
-5.7361e-05
-0.0018771
-0.26789
0.39775
0.0017784
-0.12413
-0.00013567
-0.30196
-0.49132
-0.023953
-0.80566
-0.010527
-0.0018689
-0.030952
-0.00087266
-0.0004076
-0.0015705
0.0030003
-0.89826
0.84085
-0.031073
-0.012589
-0.61407
-0.014076
-0.0019071
-0.0009065
0.37494
0.47319
-0.002396
-0.93051
-0.48614
0.17972
0.0053196
-0.83404
-0.17242
-0.80911
-0.0069015
-0.040888
-0.00065273
0.0095771
0.19091
0.0025572
-0.24485
-0.0078788
-0.00026763
-0.0041393
-0.074346
-1.2136
0.70399
0.85051
0.00031437
-0.0098929
0.91797
0.0038828
-0.1234
2.1929
-0.60693
0.51649
0.072648
0.98254
1.5868
-0.00079266
0.79109
-0.4389
-0.0040883
-0.00049134
0.0062446
-0.80419
-0.17774
0.0017733
-0.46508
-0.00054504
0.1902
-0.25493
-0.024115
-1.0428
-0.007889
-0.0084251
-0.059713
0.11741
0.0028674
-0.004485
0.0035549
-1.1569
0.00033404
-0.0075454
-0.0094824
-0.83274
-0.00044432
-0.0015257
-0.0030775
-0.00042343
1.0867
-0.00059846
-0.37227
-0.48661
-0.3674
0.0065046
-1.1642
-0.01765
0.58503
0.0057526
-0.6393
-0.0034276
-0.00076687
0.035709
0.0029394
-0.30789
-0.0063225
-0.0012226
-0.004597
0.44304
-1.1824
0.91083
1.2515
-0.0012567
-0.0090716
0.58177
0.0033663
0.86492
1.9
-0.050364
0.42847
0.04392
0.99336
0.46319
0.00079435
-0.2726
-0.72296
-0.0061583
-0.0011402
0.012235
-1.093
-0.92497
0.00037956
-0.86651
-0.0015277
0.6183
0.32059
-0.0032573
-0.20408
-0.00067292
-0.01093
-0.051394
0.23032
0.0032358
-0.0051233
0.0030375
-0.95968
-0.8054
0.0057133
-0.0070992
0.25685
0.01525
-0.0044948
0.0011776
-0.19995
1.6742
0.00013016
0.27949
-0.44931
-0.96986
0.005376
-0.85613
0.16325
1.0328
0.011693
-0.87072
-0.0059648
-0.0072991
-0.14406
0.0015233
-0.53859
-0.0050613
0.00073571
-0.0028889
0.64465
-1.2266
0.17412
1.0314
0.00027054
-0.0072065
0.094762
0.0012238
1.1113
1.2521
0.69571
-0.14907
0.020024
0.096515
-0.55986
0.00043869
-0.86779
-0.41939
-0.0036308
-0.0012179
0.0064161
-0.33333
-0.68351
-0.00072422
-1.1024
-0.00093997
0.27258
0.7987
0.023027
0.89241
0.0010657
-0.0056286
0.0054294
0.13525
0.00023183
-0.0020335
0.00099882
-0.5444
-0.6871
0.0003025
-0.0066981
1.6895
0.018425
-0.0079622
0.0080704
-0.11742
1.8957
-0.00097261
0.52093
-0.38409
-1.162
0.0023434
-0.14063
0.22941
0.33052
0.005163
-0.0905
-0.0057914
-0.0061831
-0.21906
-0.001337
-0.67175
-0.0064963
0.0014199
0.00073004
0.59321
-1.3382
-1.0557
0.12343
0.0037785
-0.0048503
-0.078425
-0.0017997
0.52328
0.66542
0.88689
-0.61035
0.016218
-0.73373
-0.65591
-0.0020401
-0.76736
0.04059
0.0010593
-0.0018876
-0.0063067
0.77417
0.39959
-0.00073027
-1.0621
0.0025537
-0.38488
0.96109
0.037338
0.64882
-0.0050627
0.0018178
0.075851
-0.088929
-0.00064015
0.0007148
-0.0015243
-0.20937
-0.26058
-0.0078088
-0.0043072
1.6259
0.0091293
-0.0068499
0.0086541
0.0006642
1.454
-0.0019948
0.34652
-0.26872
-0.7828
-0.00018923
0.18959
0.15342
-0.27865
-0.0034232
0.71836
-0.0037774
-0.002816
-0.15568
-0.0026143
-0.54256
-0.0069415
0.00028793
0.0024569
0.40012
-1.1652
-1.3427
-0.49665
0.0038541
-0.0025553
-0.041141
-0.0020082
-0.0755
0.29611
0.48299
-0.55252
0.011893
-0.80847
-0.29428
-0.0037412
-0.37673
0.20952
0.0022789
-0.0024878
-0.011918
0.96357
0.82431
-0.00040767
-0.75351
0.0036973
-0.51224
0.72617
0.029178
-0.12179
-0.0085994
0.0039054
0.083424
-0.18322
0.00052968
0.00050129
-0.0033566
-0.095728
-1.1883
-1.1885
-0.1748
0.72368
0.66987
0.17643
-1.5003
-0.99176
0.53267
1.1486
0.54284
-0.16758
-1.111
-0.063373
1.1886
0.96618
-0.11108
-0.65152
-0.24464
0.88872
1.1999
0.2731
-0.63237
-0.70558
0.51759
1.2048
0.61918
-0.48207
-0.78508
-0.45258
0.64244
0.80071
0.016418
-0.7374
-0.66516
-0.25901
0.012568
0.027154
0.02575
0.0011068
-0.031822
-0.041656
0.017081
0.032075
0.030065
0.0057423
-0.024032
-0.032619
0.0087841
0.015895
0.015789
0.0078436
0.00044213
-0.0045967
-0.0065791
-0.0053755
0.0027676
0.011548
0.013387
0.0070579
-0.025556
-0.021844
-0.0010687
0.012177
0.0084535
9.0063e-05
-0.030634
-0.025591
-0.0040644
0.0068252
-0.0018559
-0.0093147
0.0043066
0.0068102
0.0086411
0.011467
0.013274
0.0097808
0.0032815
0.004995
0.0070169
0.010225
0.012683
0.0093141
-0.0015052
-0.0015767
-0.00025168
0.0013293
0.003377
0.0027992
-0.0059092
-0.008063
-0.0061922
-0.0036238
-0.0016839
-0.0011211
-0.0075546
-0.011786
-0.0096195
-0.0056036
-0.0027999
-0.0018354
-0.0080048
-0.012011
-0.0098014
-0.005726
-0.0028163
-0.0019087
-0.19159
-0.21659
-0.1673
-0.39904
-0.64148
-0.43905
-0.069612
-0.080869
-0.25647
-0.64329
-0.71295
-0.20007
0.18997
0.018833
-0.52098
-0.83363
-0.25672
0.58445
0.27099
-0.2121
-0.96438
-0.75427
0.71777
1.4962
0.18026
-0.57169
-1.1577
-0.22276
1.5899
1.9313
-0.013989
-0.6367
-0.81639
0.28705
1.6581
1.6025
-0.0017605
-0.0029583
-0.004643
-0.00544
-0.0063166
-0.0046451
-0.0075528
-0.010148
-0.0082178
-0.005952
-0.0018078
-0.0010462
-0.014198
-0.017826
-0.010444
0.004181
0.013214
0.011021
-0.018178
-0.019953
-0.0068162
0.01462
0.027762
0.022036
-0.017472
-0.017629
-0.0034429
0.020967
0.031021
0.02006
-0.012921
-0.013569
-0.0021924
0.01351
0.018364
0.010999
-0.00061329
0.0027852
0.0053734
0.0044842
0.0027487
0.00066867
-0.001647
0.0026742
0.0055785
0.005276
0.0026047
0.00084555
-0.0010006
0.0025648
0.00475
0.0020548
-0.00084737
-0.00096029
0.00025446
0.0028814
0.0037271
0.00010654
-0.0038538
-0.0032386
-0.0011613
0.00026986
4.1235e-05
-0.0039441
-0.0058477
-0.003552
-0.0025919
-0.0025404
-0.0031236
-0.0048747
-0.0045645
-0.0025099
0.0040124
0.0027872
-0.0015725
-0.0063477
-0.0068311
-0.003855
0.0046634
0.0024825
-0.0039509
-0.0085254
-0.0080912
-0.0034069
0.0035563
0.00033958
-0.0056128
-0.0075591
-0.0031616
0.002144
0.0031097
-0.0012398
-0.0071695
-0.005915
0.0021925
0.0071178
0.0045748
0.00053213
-0.0046001
-0.001756
0.0071016
0.0097487
0.0062478
0.0030855
-0.0010041
0.0016846
0.0078069
0.0082136
-0.77013
-1.0574
-1.293
-1.5154
-1.5752
-1.2067
-0.77411
-0.84294
-0.75241
-0.7049
-0.67758
-0.49305
-0.23655
0.16628
0.77429
1.1704
1.1823
0.87958
0.26192
0.63985
0.93767
1.1455
1.2108
0.92827
0.54853
0.52364
0.25569
0.13113
0.25377
0.29535
0.49307
0.35054
-0.012159
-0.1663
-0.054049
0.051028
-0.64653
-0.81479
-0.67845
-0.31082
0.024609
0.096721
-0.49542
-0.69233
-0.72847
-0.60967
-0.43306
-0.31141
-0.0027552
-0.19533
-0.59882
-0.99336
-1.1755
-1.0072
0.223
0.13304
-0.19514
-0.57312
-0.80019
-0.71959
0.16798
0.40808
0.75212
1.0647
1.1382
0.77769
0.077294
0.45469
1.0302
1.5958
1.8232
1.4585
-0.0014845
-0.00071359
-0.00020919
-0.00082189
-0.001102
-0.0012967
-0.0012024
0.00026827
0.0010455
0.00021724
-0.0013637
-0.0014112
6.3836e-05
0.0017494
0.0023772
0.00060977
-0.00056842
-0.0001237
0.0011539
0.0016814
0.0013141
0.00057972
0.00078209
0.00092894
0.0012225
0.00032166
-0.00090847
-0.0010562
0.00065369
0.0012808
0.00059017
-0.00034854
-0.0016926
-0.0021567
-0.00067757
0.00066692
0.06099
0.31024
0.5076
0.57685
0.51312
0.31894
1.1037
1.4261
1.2181
0.76504
0.32831
0.017873
1.2973
1.308
0.64301
-0.093703
-0.52366
-0.54115
0.011359
-0.38626
-0.78669
-0.95621
-0.94683
-0.68567
-1.0879
-1.4035
-1.1205
-0.61786
-0.305
-0.16896
-0.91131
-0.93831
-0.40197
0.23515
0.46567
0.32364
-0.66784
-1.007
-0.99673
-0.54583
0.12087
0.43917
-0.21116
-0.12468
0.33879
1.0403
1.5134
1.3424
0.48524
0.84542
1.2027
1.339
1.2347
0.797
0.32101
0.29853
0.078216
-0.29238
-0.61207
-0.63831
-0.20848
-0.49585
-0.81154
-1.0393
-1.0752
-0.83233
-0.35786
-0.49411
-0.49814
-0.42978
-0.3736
-0.25696
-0.38732
-0.042838
0.70778
0.95465
0.45859
-0.13093
-0.64251
-0.42554
0.48951
1.2699
1.2268
0.57718
-0.63368
-0.85054
-0.31474
0.77087
1.5282
1.3528
-0.30205
-0.79003
-0.95742
-0.35724
0.70388
1.1091
0.12562
-0.26778
-0.89073
-1.1334
-0.70104
-0.093838
0.25935
0.11604
-0.38104
-0.92949
-1.115
-0.76997
-3.3727e-05
0.0017515
-0.0011357
-0.014416
-0.026311
-0.02387
0.0014517
0.0014547
-0.0035478
-0.017459
-0.026714
-0.022482
0.0015881
0.0032088
0.00073229
-0.0075938
-0.0094245
-0.0060526
0.0019056
0.0085159
0.012336
0.009786
0.0080073
0.006945
0.0041073
0.014334
0.021091
0.016144
0.0097549
0.0056589
0.0027413
0.010292
0.014159
0.0074173
-0.00045256
-0.0024893
0.38605
0.99756
0.77503
-0.089912
-0.72182
-0.72684
-0.024986
0.86482
1.2512
0.59476
-0.3819
-0.69642
-0.84267
-0.15547
0.96171
1.2284
0.63397
-0.0017855
-1.1318
-1.0933
-0.088248
0.96445
1.1963
0.72545
-0.76581
-1.1877
-1.0038
-0.11341
0.70294
0.74811
-0.35243
-0.8129
-1.1484
-0.82952
-0.1376
0.18709
-0.22308
-0.26488
-0.1339
0.06783
0.18766
0.15635
-0.28643
-0.33615
-0.16463
0.10508
0.26901
0.22563
-0.27144
-0.30974
-0.13778
0.12818
0.29252
0.24081
-0.25962
-0.27861
-0.093398
0.17067
0.31249
0.24228
-0.24882
-0.24821
-0.048183
0.2027
0.31453
0.23063
-0.18601
-0.1712
-0.016483
0.16099
0.22409
0.15264
-0.97264
-0.27617
0.79853
0.86489
0.2802
-0.089191
-1.1967
-0.29134
1.0283
0.96468
0.20393
-0.16653
-1.2781
-0.34643
1.0906
0.93271
0.031327
-0.31218
-1.4395
-0.58488
1.091
1.0954
0.040012
-0.45575
-1.5969
-0.85875
0.9436
1.2481
0.25738
-0.41246
-1.406
-0.84731
0.62334
1.0567
0.38387
-0.24323
-0.016524
-0.016675
-0.0037449
0.0079271
0.008434
0.0031923
-0.023878
-0.024283
-0.0037823
0.011502
0.012426
0.0035728
-0.024646
-0.023934
-0.0008542
0.018916
0.015118
0.0030499
-0.023692
-0.018452
0.0057011
0.023073
0.016809
0.0037765
-0.018685
-0.010727
0.010625
0.024948
0.016476
0.00073558
-0.010333
-0.0042138
0.010352
0.017156
0.0088358
-0.0021003
-0.081707
-0.50202
-0.94358
-0.4638
0.86729
1.3822
0.069192
-0.38069
-1.1094
-0.73185
1.0159
1.6923
0.14002
-0.17834
-0.9939
-0.90457
0.78288
1.6293
0.17617
-0.088988
-0.90911
-1.0594
0.38559
1.3824
0.21514
-0.086588
-0.89525
-1.1179
0.053348
1.1134
0.19977
-0.067049
-0.71767
-0.9006
-0.052943
0.72732
0.0019659
0.0017033
0.0016943
0.00012908
-0.0014135
-0.001481
0.0031652
0.0035132
0.0016153
0.00010549
-0.0017363
-0.0013156
0.0036068
0.0052155
0.0033581
-0.00039126
-0.0017955
-0.0018114
0.0040108
0.0047072
0.0023735
-0.00074456
-0.0029074
-0.0031886
0.0028815
0.001536
-0.0013884
-0.0041022
-0.0042184
-0.0021196
0.001388
-0.0005265
-0.0029943
-0.0044678
-0.0034465
-0.00093864
0.015587
0.010276
-0.0028755
-0.01605
-0.020375
-0.013766
0.018508
0.012814
-0.0046971
-0.017313
-0.021641
-0.012564
0.015771
0.013285
-0.0002242
-0.010862
-0.012507
-0.0060042
0.015804
0.013123
0.0009733
-0.0071533
-0.0075364
-0.0036376
0.017137
0.01356
0.00074914
-0.007372
-0.0053492
-0.0014068
0.01676
0.012865
0.0015464
-0.0044735
-0.0021789
0.0021761
0.16419
0.22338
0.13715
-0.044762
-0.1928
-0.19486
0.23906
0.30434
0.17755
-0.066727
-0.25601
-0.25339
0.24
0.28809
0.14273
-0.095123
-0.26638
-0.24944
0.2384
0.26374
0.096227
-0.13995
-0.28509
-0.24225
0.24528
0.25388
0.063671
-0.17271
-0.29105
-0.22756
0.18971
0.18471
0.029589
-0.14775
-0.22048
-0.15673
0.00057618
-0.0011795
-0.0028095
-0.0050241
-0.0053317
-0.0033762
0.0016771
-0.00042235
-0.0035502
-0.005206
-0.0071027
-0.0042905
0.0013398
0.00098097
0.00080496
-0.0018499
-0.0042172
-0.0036805
0.0010839
0.0024197
0.0035642
0.0019463
-0.0010151
-0.0023929
0.0036742
0.0058866
0.0058206
0.0022664
-7.0181e-05
-0.00078101
0.0067502
0.0081286
0.0063344
0.0020866
-0.00035542
-0.0002513
1.251
1.5074
1.1937
0.82054
0.69295
0.49838
0.81794
1.105
1.0307
0.92107
0.89237
0.65967
-0.46582
-0.48653
-0.22894
0.10543
0.32176
0.30046
-0.94415
-1.0866
-0.85385
-0.61915
-0.5066
-0.36733
-0.65989
-0.73768
-0.68945
-0.75899
-0.86655
-0.74611
-0.2426
-0.27741
-0.34815
-0.52764
-0.64057
-0.56663
-0.0010822
-0.0017019
-0.0019357
-0.00020014
0.00093506
-0.00056681
0.0017122
0.00078035
0.0010502
0.0023498
0.0034451
0.00065408
0.0053833
0.004715
0.0049778
0.0061628
0.0052152
0.0012084
0.0032036
0.0025144
0.0031382
0.0037116
0.0021277
-0.00082869
-0.0030831
-0.0043986
-0.0030344
-0.001359
-0.0024315
-0.0038884
-0.00611
-0.007316
-0.0050469
-0.0032733
-0.0040342
-0.0046981
0.00070268
-0.00069377
-0.00064623
0.00020545
0.0011222
0.0012533
1.2001e-05
-0.0020026
-0.0030322
-0.0022672
-0.0012215
-0.00092046
0.00026485
-0.0011956
-0.0025727
-0.0019561
-0.0015775
-0.001788
0.0013587
0.00081209
0.00058467
0.0020089
0.0022909
0.00088675
0.00057866
0.00038408
0.0013272
0.0032569
0.0030788
0.0012365
-0.00091059
-0.0012211
-0.00053414
0.00070831
0.00048294
-0.00050557
-0.0010695
-0.00077683
-0.0025439
-0.005136
-0.004398
-0.0020605
0.00022378
0.00010391
-0.0023839
-0.0050523
-0.003219
1.2898e-05
0.003301
0.0033747
0.00072403
-0.00045615
0.0013566
0.0030615
0.003782
0.0037499
0.001528
0.0017668
0.0038483
0.0038498
0.00089214
-0.0010461
-0.0023844
0.00037993
0.0031799
0.0025411
-0.0015921
-0.0043898
-0.0043869
-0.00083645
0.0016272
0.0012091
-0.81662
-1.026
-0.41381
0.49092
0.66376
0.28198
-0.94794
-1.1309
-0.36121
0.62378
0.70638
0.23953
-0.90259
-0.94406
-0.18163
0.55743
0.54567
0.19842
-0.86581
-0.72583
0.055756
0.58569
0.54729
0.34699
-0.7365
-0.42376
0.332
0.71093
0.67803
0.51196
-0.48262
-0.12102
0.42948
0.63293
0.59958
0.45145
0.12285
-0.021883
-0.33479
-0.52055
-0.57847
-0.4885
0.66029
0.56664
0.20858
-0.023003
-0.011678
0.018118
0.89686
1.1997
1.147
1.1088
1.0727
0.82913
0.32575
0.73064
0.98347
1.0468
0.93339
0.62857
-0.70507
-0.6712
-0.52339
-0.57435
-0.72596
-0.65423
-1.0255
-1.1756
-1.1392
-1.2077
-1.3408
-1.1524
0.035918
0.40417
0.82881
0.54255
-0.42081
-0.93331
0.0083622
0.40678
0.97546
0.78913
-0.42022
-1.1708
-0.16044
0.17662
0.87798
0.8336
-0.42406
-1.2418
-0.20655
0.21086
0.93703
0.74176
-0.66231
-1.3777
0.051765
0.60038
1.0964
0.49863
-1.008
-1.5167
0.23841
0.70552
0.89655
0.12728
-1.0511
-1.3221
-0.24519
-0.39107
-0.49076
-0.56416
-0.56519
-0.43431
0.068251
-0.20567
-0.57592
-0.73773
-0.71906
-0.54017
0.61631
0.41582
-0.17214
-0.6453
-0.78215
-0.63969
0.86502
1.0344
0.63438
-0.11055
-0.76671
-0.86931
0.69761
1.1774
1.2689
0.68177
-0.37068
-0.87522
0.34269
0.81887
1.1967
0.99215
0.13551
-0.47917
0.00070717
-0.00061836
-0.0028688
-0.0056408
-0.004981
-0.001656
0.00146
0.00023841
-0.0049105
-0.0085361
-0.0070258
-0.0013931
0.0016134
0.0016759
-0.002303
-0.0060519
-0.0029932
0.0020559
0.0020188
0.0027403
0.0006397
-0.00062105
0.0029291
0.0056469
0.0017982
0.0019441
0.00092447
0.0013225
0.0053001
0.0066981
0.0018206
0.0013831
0.0001324
0.00021589
0.0028539
0.0039087
0.0030217
0.0030044
0.0027582
0.0046237
0.0053502
0.0040122
0.0022368
0.0026514
0.0041318
0.006656
0.0080348
0.0051761
0.00017265
9.7772e-05
0.0014327
0.00452
0.0051063
0.0025261
-0.0022711
-0.0041301
-0.0039106
-0.0018411
0.00020781
0.00078
-0.0031042
-0.0071042
-0.0091812
-0.0068895
-0.0023032
0.00069702
-0.0040316
-0.0080542
-0.00963
-0.0070711
-0.0017055
0.0014649
-0.13623
0.062627
0.20778
-0.060511
-0.44999
-0.56513
-0.81846
-0.88506
-0.81483
-0.97649
-1.0962
-0.90683
-1.2076
-1.286
-1.0629
-0.90563
-0.66991
-0.38319
-0.35587
0.062482
0.49508
0.70532
0.86576
0.7525
0.76759
1.3089
1.4044
1.2055
1.04
0.82262
0.72388
0.89084
0.57392
0.13369
-0.004255
0.025323
0.0011484
0.0024232
0.0035439
0.0036919
0.002811
0.0012595
0.0012555
0.0018405
0.0019433
0.0023806
0.00039929
-0.00019545
-0.00038392
-0.0019708
-0.0024456
-0.0036155
-0.0040855
-0.0029381
7.1237e-05
-0.0025072
-0.0040035
-0.0046298
-0.0054686
-0.0048408
0.0037587
0.0025807
0.00088187
-0.0012674
-0.0033826
-0.0035941
0.0067013
0.0067269
0.0044531
0.0017637
-0.00095023
-0.0019449
0.27353
0.20386
-0.33689
-0.96394
-0.97653
-0.41849
0.25527
-0.071521
-0.78925
-1.146
-0.56539
0.26202
-0.061337
-0.58093
-0.95889
-0.53374
0.59206
1.1237
-0.67697
-1.0024
-0.52456
0.56948
1.3355
1.196
-0.96345
-0.73997
0.42354
1.3059
1.2097
0.6102
-0.71396
-0.13339
0.90351
1.137
0.55771
0.0328
0.24309
0.35082
0.2786
0.049643
-0.1992
-0.25319
-0.10452
0.03905
0.29831
0.32959
0.066594
-0.10139
-0.93178
-1.0907
-0.72632
-0.28507
-0.18613
-0.16529
-0.94877
-1.3946
-1.4201
-1.162
-0.85616
-0.5199
0.65476
0.60609
0.1871
-0.21157
-0.39174
-0.32613
1.6708
2.0411
1.7807
1.1986
0.63616
0.29751
0.24108
-0.0090039
-0.5738
-1.0844
-1.2397
-0.94608
0.64634
0.72075
0.22667
-0.6986
-1.445
-1.4166
0.49548
0.98149
1.0675
0.37032
-0.79339
-1.2965
-0.20741
0.29897
1.034
1.1286
0.30412
-0.55251
-0.70512
-0.44412
0.45349
1.1775
1.029
0.27807
-0.58648
-0.55072
-0.021742
0.67463
0.86461
0.5114
0.60914
-0.093701
-0.9746
-0.88673
0.012726
0.58498
1.0891
0.43825
-0.83979
-1.1351
-0.30918
0.48057
1.2096
1.0007
-0.17334
-0.96261
-0.67753
0.021306
0.93264
1.1664
0.39271
-0.61444
-0.88116
-0.44348
0.54152
0.92822
0.52676
-0.35614
-0.86722
-0.68804
0.21636
0.53301
0.41607
-0.13327
-0.5981
-0.57292
0.0042991
-0.0053685
-0.01456
-0.020118
-0.025366
-0.021712
-0.0069918
-0.023296
-0.033827
-0.038949
-0.043842
-0.036328
-0.0027439
-0.015113
-0.027906
-0.038845
-0.046691
-0.038207
0.034403
0.032358
0.0077648
-0.014553
-0.023764
-0.018454
0.070283
0.079086
0.044732
0.012697
0.0047066
0.0056607
0.060765
0.068461
0.036958
0.011423
0.0088114
0.00884
-0.091944
-0.71428
-1.1854
-0.6516
0.43089
0.80837
-0.50196
-1.1711
-1.1808
-0.084292
1.0132
0.97713
-1.0343
-1.2213
-0.38614
0.77929
1.0926
0.50674
-1.055
-0.45951
0.73544
1.143
0.46936
-0.31943
-0.3835
0.5865
1.2996
0.79798
-0.30342
-0.8079
0.18519
0.94477
1.0142
0.18689
-0.64283
-0.72483
-0.42701
-0.65427
-0.52429
-0.25812
-0.17415
-0.12669
-0.41114
-0.95688
-0.89742
-0.36669
0.020596
0.13889
0.38733
-0.4882
-0.96777
-0.54606
0.093971
0.36094
1.5134
0.77391
-0.50776
-0.79713
-0.2617
0.20047
2.0009
1.7157
0.20235
-0.83636
-0.70309
-0.19173
1.515
1.5354
0.48911
-0.5074
-0.65969
-0.32359
-0.0037571
-0.0039126
-0.0026135
-0.0026594
-0.0030198
-0.00253
-0.0028896
-0.0025243
-0.00092626
-0.00064538
-0.0014877
-0.0019845
9.1022e-05
0.0014751
0.0023714
0.0026071
0.0010605
-0.00051525
0.0023251
0.0048639
0.0051591
0.0041681
0.0021029
-6.6379e-05
0.00076162
0.0025874
0.0034733
0.0028566
0.00035868
-0.0017988
-0.0014401
-0.00080321
0.00058342
0.00061703
-0.00155
-0.0027517
0.95996
0.97629
0.38521
-0.24346
-0.55697
-0.54334
1.0064
0.88173
0.23503
-0.32603
-0.59554
-0.56152
0.70224
0.45897
-0.13455
-0.44026
-0.50735
-0.45158
0.78467
0.44625
-0.30081
-0.61537
-0.56682
-0.41026
1.1635
0.78821
-0.29975
-0.85472
-0.76911
-0.44194
1.0998
0.76862
-0.27495
-0.85047
-0.76781
-0.37499
1.4927
1.2864
0.11061
-0.82308
-0.80358
-0.29953
1.822
1.2237
-0.38103
-1.1536
-0.69947
-0.0037995
1.551
0.60345
-0.86212
-0.97998
-0.18053
0.35257
1.0649
-0.053778
-1.095
-0.73558
0.14952
0.47923
0.57794
-0.44267
-1.1073
-0.63786
0.099315
0.33945
0.2101
-0.44926
-0.74327
-0.419
0.050497
0.22121
0.00066754
-0.00091924
-0.0031348
-0.0036351
-0.00283
-0.00087293
0.0027992
0.00035737
-0.0036792
-0.0044358
-0.0016573
0.00047246
0.0048547
0.0034352
-0.00081344
-0.00077633
0.0023753
0.0038432
0.0028339
0.0023229
-1.316e-05
0.0005927
0.0044618
0.0058939
-0.002451
-0.0039077
-0.0038087
-0.00011142
0.0042907
0.0050622
-0.005568
-0.0074084
-0.0056078
-0.00081984
0.0031506
0.003391
-0.0034365
-0.0014901
0.00078242
-0.00035987
-0.0035209
-0.0039464
-0.0033099
-0.002001
-0.0001825
-0.0014484
-0.0042225
-0.0041232
-0.0001267
0.00025467
0.00018937
-0.00016404
-0.0012475
-0.00067281
0.0036358
0.0033574
0.0010316
0.0013048
0.002076
0.0020233
0.0042628
0.003233
1.2767e-05
0.00092597
0.0020172
0.0011447
0.0021213
0.00094473
-0.0010637
-0.00067774
0.00016071
0.0003045
-0.0072183
-0.0034742
0.0049286
0.0050873
-0.0035187
-0.0085061
-0.010761
-0.0057243
0.0056328
0.0070226
-0.0040073
-0.010973
-0.011007
-0.0058762
0.0070907
0.0092014
-0.0023142
-0.011617
-0.0070087
-0.00070349
0.011653
0.013854
0.00017842
-0.012194
-0.0018361
0.0064221
0.017071
0.015343
-0.0011776
-0.013265
0.00068544
0.0076237
0.014276
0.010015
-0.0036213
-0.010703
-0.83665
-0.68639
0.22117
0.95942
0.7936
0.20964
-0.93244
-0.95011
0.036815
1.0467
0.87766
0.21555
-0.69062
-0.93971
-0.25734
0.76103
0.78441
0.20911
-0.4349
-0.84947
-0.59568
0.45246
0.9118
0.50455
-0.35456
-0.89723
-0.98576
0.025254
1.0665
0.99597
-0.3262
-0.82993
-1.0692
-0.31948
0.77899
1.0054
-0.74651
0.041598
0.93978
0.67218
-0.34781
-0.83934
-0.40243
0.72609
1.302
0.34976
-0.90522
-1.052
0.50086
1.3078
0.88373
-0.49352
-1.1918
-0.72697
1.1298
1.2168
-0.054868
-1.1771
-0.92819
-0.020415
0.98747
0.49089
-0.83342
-1.1738
-0.20346
0.65932
0.40894
-0.18856
-0.89931
-0.66063
0.33158
0.76782
0.0022904
0.0015186
0.0015272
0.0016963
0.002242
0.0019784
0.0010807
0.00017609
5.2167e-05
0.0018342
0.0014916
0.0011949
-0.0030574
-0.0031295
-0.00056488
-0.00010159
-0.0019286
-0.0031163
-0.0034631
-0.0033543
-0.00076158
-0.00068761
-0.0039486
-0.005288
0.00060888
0.00080088
0.0018951
0.0003805
-0.0016725
-0.0017342
0.0038696
0.0038484
0.0032764
0.0018244
0.00063422
0.00063818
0.22328
0.44048
0.73742
0.91481
0.6716
0.14427
0.2792
0.55464
0.86993
0.90551
0.36522
-0.27222
0.43557
0.70315
0.82551
0.5069
-0.32494
-0.83521
0.63086
0.7759
0.54617
-0.088012
-0.84694
-1.0284
0.33002
0.16336
-0.32591
-0.83772
-1.1447
-0.96899
-0.11171
-0.45235
-0.85791
-1.062
-1.0266
-0.7223
0.00088683
-0.00053839
-0.0005492
0.00076116
0.00017585
-0.0015699
0.0016129
-0.0011387
-0.0028275
-0.00079773
0.0011929
0.00025664
0.001531
-0.0023257
-0.0058755
-0.0029034
0.0016922
0.0029058
0.0013305
-0.0023532
-0.0054635
-0.0028674
0.0025141
0.0045795
0.00010618
-0.0022362
-0.0027134
0.00060378
0.0041538
0.0046076
-0.0013493
-0.0020372
-0.00077444
0.002397
0.0038848
0.0027151
0.79083
1.1365
0.50492
-0.63604
-1.0196
-0.63517
0.81652
1.3309
0.71964
-0.694
-1.1668
-0.72986
0.34224
0.96167
0.67853
-0.49709
-0.95795
-0.62236
-0.093532
0.57059
0.70582
-0.11368
-0.73638
-0.63066
-0.28
0.36823
0.77367
0.20432
-0.55188
-0.66385
-0.25377
0.21951
0.60312
0.24826
-0.38226
-0.51358
0.98836
1.4167
1.4573
1.0864
0.48064
0.0066817
0.6127
0.72983
0.52427
-0.026563
-0.65032
-0.8107
-0.29279
-0.6206
-0.95397
-1.1777
-1.2624
-0.93623
-0.74744
-0.97315
-0.91028
-0.64886
-0.33918
-0.090138
-0.74273
-0.64583
-0.079431
0.51987
0.82298
0.69556
-0.47128
-0.23108
0.32009
0.75475
0.90602
0.69853
-0.023124
-0.034695
-0.021913
0.0050427
0.027357
0.028089
-0.030756
-0.045367
-0.030991
0.0061225
0.036511
0.038392
-0.032508
-0.043175
-0.025364
0.0094576
0.037523
0.037973
-0.037565
-0.042595
-0.017302
0.020339
0.04302
0.037545
-0.038235
-0.040243
-0.011554
0.026596
0.048427
0.039964
-0.024664
-0.025133
-0.0043132
0.023944
0.037682
0.028786
0.20562
-0.30947
-0.88313
-0.41688
0.65459
0.94381
0.24396
-0.51309
-1.0415
-0.16519
1.056
1.0697
0.092037
-0.69374
-0.92616
0.23741
1.0723
0.62052
-0.28221
-0.96717
-0.69207
0.67208
0.94582
0.089094
-0.70983
-1.1789
-0.42756
0.94663
0.87547
-0.075467
-0.83563
-1.0212
-0.17812
0.86161
0.66084
-0.036994
-0.003491
9.2397e-06
0.004675
0.0055115
0.0034397
0.0010841
-0.0056646
-0.0012762
0.0051308
0.0060505
0.0035827
-0.00032403
-0.0035102
0.00036874
0.0058082
0.0061106
0.0025977
-0.0013437
-0.003451
0.00082205
0.0065121
0.0058045
0.00064505
-0.0026976
-0.007661
-0.0034156
0.0036452
0.0037879
-0.0024451
-0.0062512
-0.0093438
-0.0056966
0.0007781
0.0005722
-0.0042357
-0.0064186
0.0033272
0.0028806
-0.00057148
-0.0053631
-0.0056442
-0.0025157
0.0069971
0.0067216
-0.00016611
-0.005333
-0.003993
0.00066693
0.0070734
0.0066834
-0.00027644
-0.0041839
0.00068655
0.0060239
0.003434
0.00014758
-0.0061498
-0.0056192
0.0013851
0.0062227
0.00078578
-0.0044583
-0.0093217
-0.0060018
0.0019069
0.0052129
0.0016111
-0.0017146
-0.0045326
-0.0018505
0.003246
0.0043145
0.07688
0.086395
0.044277
-0.010003
-0.043496
-0.038613
0.10066
0.10941
0.049255
-0.026744
-0.068486
-0.055903
0.05648
0.055969
0.005406
-0.050464
-0.06309
-0.037729
-0.0092971
-0.022132
-0.047363
-0.054786
-0.018217
0.017338
-0.04535
-0.071796
-0.071197
-0.026211
0.050364
0.078838
-0.035843
-0.059702
-0.051856
0.0020205
0.071677
0.085317
-0.21773
0.022119
0.65998
1.5994
2.1876
1.8832
-0.52685
-0.643
-0.33384
0.49568
1.3702
1.4824
-0.27081
-0.66347
-1.0269
-1.0645
-0.62536
-0.097402
0.14504
-0.084886
-0.54509
-1.0396
-1.2368
-0.91145
0.12725
0.12572
0.0028176
-0.3305
-0.71509
-0.71996
0.01356
0.090296
0.196
0.11487
-0.075056
-0.17769
-0.0016365
0.00024176
0.003198
0.0029004
0.00021648
-0.00072665
-0.0023839
-0.00071801
0.0010311
0.0010618
-0.0015912
-0.0025587
-0.0021571
-0.0022083
-0.0013825
-0.00098958
-0.0022994
-0.0031575
-0.000268
-0.00055167
0.00053044
0.0014017
-0.00086634
-0.0029706
0.0019572
0.0026769
0.0042576
0.0035731
-0.00086201
-0.0039726
0.0036297
0.0038612
0.0040834
0.0023621
-0.0019002
-0.0042177
8.598e-05
-0.0014364
-0.0019735
-0.00029449
0.001106
0.0016143
6.0228e-05
-0.0015514
-0.0019116
-0.00094113
0.0019448
0.0026304
0.00088437
-0.0014052
-0.0040705
-0.0023016
0.0020901
0.0044416
0.0015541
-0.00016212
-0.0034303
-0.0028949
0.0023716
0.005283
0.00032068
-0.00067662
-0.0027343
-0.0019617
0.0017025
0.0030059
-0.0010931
-0.0018532
-0.0023706
-0.0018291
0.00057202
0.0014508
-0.0004082
-0.00031929
0.00024531
-0.00082369
-0.0018628
-0.0013253
-0.0019012
-0.00096939
0.00011295
-0.0012304
-0.0020789
-0.0015143
-0.0027839
-0.0011676
-5.3934e-05
-0.0011825
-0.0028116
-0.0023545
-0.00041948
0.0015624
0.0013179
-0.0016257
-0.0033758
-0.0024515
0.0031832
0.0055246
0.0042633
4.752e-05
-0.0020287
-0.0010644
0.0038029
0.0054752
0.0048191
0.0016368
-0.00012238
-2.4025e-05
-0.90934
-1.1228
-0.82285
-0.2006
0.2806
0.29272
-0.63071
-1.0292
-1.1035
-0.80394
-0.39091
-0.13269
0.79599
0.62846
0.10186
-0.33041
-0.48464
-0.41676
1.5106
1.7111
1.4414
1.0357
0.56768
0.12835
0.25787
0.33302
0.51227
0.70658
0.6786
0.38871
-0.84598
-1.1194
-0.93979
-0.53296
-0.19825
-0.051733
-5.1774
-4.5653
-4.5722
-5.0889
-4.5679
-4.5721
-4.5726
-5.2765
-5.0357
-4.5734
-5.0442
-4.9021
-5.034
-4.5662
-5.2113
-4.6852
-5.2972
-4.5647
-5.2003
-4.5712
-4.5689
-4.7006
-4.5711
-5.0366
-4.5728
-4.5734
-4.5734
-5.1679
-5.1637
-5.2996
-5.1074
-4.5723
-4.5723
-5.1614
-4.5713
-5.1551
-4.9157
-5.2182
-5.0315
-4.6151
-5.2088
-4.9981
-4.5728
-5.0197
-5.1146
-4.5732
-4.5731
-4.5695
-5.2557
-5.1403
-4.5719
-5.1236
-4.5729
-5.0224
-4.9082
-4.5903
-5.1948
-4.5721
-4.572
-4.6193
-4.8908
-4.5728
-4.5722
-4.5726
-4.8974
0.012588
0.0057988
0.0034273
0.0023202
0.00091682
0.0042236
0.0078131
0.0014483
-0.0028002
-0.0028949
-0.0023321
0.0011067
0.0014291
-0.0028335
-0.0034921
0.00017879
0.00046144
0.00066919
0.00030991
-0.0023938
-0.0025989
-0.0015955
0.00018578
0.0015123
0.0021405
-8.8136e-05
-0.00024176
-0.0035078
-0.0039932
-0.0017089
0.0047775
0.00099599
-0.0002215
-0.0036547
-0.0049912
-0.0029567
